WAVELENGTH FLUX
4.96036005 1.4889674372581186e-17
4.9623456 1.491581226624756e-17
4.96433258 1.4948214604434154e-17
4.96632099 1.4970831346690824e-17
4.96831083 1.5029274496605287e-17
4.97030258 1.5051475612278085e-17
4.97229624 1.5042813179762387e-17
4.97429085 1.5061199693018293e-17
4.97628736 1.508535544940165e-17
4.97828579 1.5111204870732062e-17
4.98028517 1.5146363628437627e-17
4.98228645 1.5170831202750008e-17
4.98428965 1.5199685567228404e-17
4.98629427 1.5286353615297204e-17
4.98830032 1.524736064735182e-17
4.99030781 1.5273525465879267e-17
4.9923172 1.5281671429576922e-17
4.9943285 1.5306267145124802e-17
4.99634123 1.5325298193084606e-17
4.99835539 1.5347724593206817e-17
5.00037098 1.537108648302101e-17
5.00238848 1.5394421921522657e-17
5.00440788 1.541757050195179e-17
5.00642872 1.5442940783633714e-17
5.00845098 1.548818766583876e-17
5.01047516 1.557707502766636e-17
5.01250076 1.566565032417743e-17
5.0145278 1.5558738619517626e-17
5.01655674 1.5558285869461762e-17
5.01858759 1.5636180788777786e-17
5.02061987 1.5854073221837078e-17
5.02265358 1.5702708344779952e-17
5.0246892 1.5911503388871702e-17
5.02672625 1.740320007955807e-17
5.0287652 1.614253691721808e-17
5.03080559 1.574450016910186e-17
5.03284788 1.578402231419447e-17
5.03489161 1.6412364922179855e-17
5.03693676 3.7180220094399347e-17
5.03898382 8.163947849555718e-16
5.04103279 1.853673680602253e-16
5.04308319 3.056828453664713e-16
5.0451355 1.9396648449998103e-17
5.04718924 1.016218001162421e-16
5.04924488 2.5914074119455937e-16
5.05130196 1.6219190305802182e-17
5.05336046 1.6348633574473345e-17
5.05542088 1.6239725227332038e-17
5.0574832 4.675401931244392e-17
5.05954695 1.8670560409730368e-17
5.06161261 8.504440798336688e-17
5.0636797 1.1931087801873523e-16
5.06574869 3.1002852662571374e-16
5.0678196 2.830463023561776e-17
5.06989193 3.5740548044785673e-17
5.07196569 2.157064040512221e-17
5.07404137 1.9085147685846185e-17
5.07611895 1.7441579478310496e-17
5.07819796 1.938037526739536e-17
5.08027887 1.7297900024751994e-17
5.08236122 1.654889180191531e-17
5.08444548 6.989131702247244e-17
5.08653116 1.0012354557688321e-16
5.08861923 2.1560253774546325e-17
5.09070826 1.6101374181333755e-17
5.09279966 7.723218849576981e-17
5.09489202 1.584218995613537e-17
5.09698677 1.6262656032099048e-17
5.09908295 3.001713607024819e-16
5.10118103 5.066367496122762e-16
5.10328054 4.0304230459414035e-16
5.10538197 1.592598572698471e-17
5.10748529 1.5813699075436318e-17
5.10959005 1.5834725805035663e-17
5.11169672 1.5863895617945662e-17
5.11380482 1.587887426556966e-17
5.1159153 1.5907979691292202e-17
5.11802673 1.5920719820040402e-17
5.12014055 1.6218640389003314e-17
5.1222558 1.779000755205597e-17
5.12437296 1.6321783247311856e-17
5.12649155 2.2702479826811102e-17
5.12861252 1.8334508493216816e-17
5.13073444 1.691345356531859e-17
5.13285875 2.7308986268441045e-17
5.13498449 3.0533656873422446e-17
5.13711214 1.6181009860703538e-17
5.1392417 1.6171541280816934e-17
5.14137268 1.6154593506743166e-17
5.14350557 1.6184048742956033e-17
5.14564037 2.892520926805188e-17
5.1477766 1.622651927759515e-17
5.14991474 1.6228177562692017e-17
5.15205479 1.6254282800451673e-17
5.15419674 1.6280055658609523e-17
5.15634012 1.6298550414581575e-17
5.15848589 1.6317690899618187e-17
5.16063261 1.6372371448591554e-17
5.16278172 3.6235258819934524e-17
5.16493225 1.642645989960805e-17
5.16708469 1.642156344637227e-17
5.16923904 1.6430343063988073e-17
5.1713953 1.645024671556476e-17
5.17355299 1.647752271202693e-17
5.17571306 1.6529685261940187e-17
5.17787457 1.6757043205394423e-17
5.1800375 1.6648578291151345e-17
5.18220282 1.6636385648478357e-17
5.18436956 1.667477115442334e-17
5.1865387 4.7242517369199726e-17
5.18870926 1.6712995656753924e-17
5.19088125 1.6696891846283365e-17
5.19305563 1.6715560008417237e-17
5.19523144 1.674424319118807e-17
5.19740963 1.6776080537547547e-17
5.19958925 1.680686692495018e-17
5.20177078 1.68378197923419e-17
5.20395374 1.6868843724732994e-17
5.20613909 1.695849947070578e-17
5.20832634 2.2078896274454837e-17
5.21051502 1.70666248783439e-17
5.21270561 2.592006679968987e-17
5.21489811 1.754131240406823e-17
5.21709251 2.7684431942052407e-17
5.21928883 1.7658148935400183e-17
5.22148657 1.71863649820428e-17
5.2236867 6.810779937950754e-17
5.22588825 1.7269078985630396e-17
5.22809219 1.7208232670656866e-17
5.23029757 1.7233324642066192e-17
5.23250484 1.7264375970058222e-17
5.23471403 1.7293709555322492e-17
5.23692513 1.732094689171255e-17
5.23913813 1.734964168938853e-17
5.24135303 1.73787217137569e-17
5.24356937 1.7407710110153663e-17
5.2457881 1.743681409103071e-17
5.24800873 1.7467099066389468e-17
5.25023079 1.7497425923040428e-17
5.25245523 1.7527670466478e-17
5.25468111 1.7557765397768925e-17
5.25690937 1.7587756407414485e-17
5.25913906 1.7617638346202336e-17
5.26137066 1.7647416476641877e-17
5.26360464 1.767710437788834e-17
5.26584005 1.7706686910011312e-17
5.26807737 1.7736301518156206e-17
5.2703166 1.7766028524616502e-17
5.27255821 1.7796605618323863e-17
5.27480125 1.782408304566953e-17
5.2770462 1.7852781082649145e-17
5.27929306 1.788170053317648e-17
5.2815423 1.7910400267066582e-17
5.28379297 1.8095025641355508e-17
5.28604555 1.1955102322730027e-16
5.28830051 1.8389312856499212e-17
5.29055691 1.8062785489773733e-17
5.29281569 1.8055631962295614e-17
5.29507589 1.8100913726381556e-17
5.29733849 1.815830349808954e-17
5.29960251 1.8164620181162686e-17
5.30186892 1.8180773325988964e-17
5.30413723 1.8293468812866697e-17
5.30640697 1.8861209609308438e-17
5.3086791 1.8366520914815138e-17
5.31095314 1.8277504354886103e-17
5.31322908 1.830518909744217e-17
5.31550694 1.8373550069833297e-17
5.31778717 1.8631199198461222e-17
5.32006884 1.8448448897402202e-17
5.32235241 1.8578455823974283e-17
5.32463837 1.907584633098061e-17
5.32692623 1.9030679092363592e-17
5.32921553 1.8577674736461195e-17
5.33150721 1.858112272676324e-17
5.33380079 1.8945370155928468e-17
5.33609676 1.8650487243026206e-17
5.33839417 1.8628199987544722e-17
5.34069347 1.8631032225472978e-17
5.34299517 1.8651876569199037e-17
5.34529877 1.8677807466781967e-17
5.34760427 1.8737663771721373e-17
5.34991169 1.898419734340943e-17
5.35222101 1.899718577182488e-17
5.35453272 1.8817803955549795e-17
5.35684633 1.880754234890486e-17
5.35916138 1.883354104513381e-17
5.36147928 1.8859242354213375e-17
5.36379862 1.8885020002307955e-17
5.36611986 1.891146568880304e-17
5.36844349 1.893719649485606e-17
5.37076902 1.8966651470261504e-17
5.37309647 1.8990544598239614e-17
5.37542629 1.9020895851560123e-17
5.37775755 1.905193093924266e-17
5.38009119 1.90904485949194e-17
5.38242674 1.916339178250314e-17
5.38476467 1.9134285413623147e-17
5.38710403 1.9175361199829816e-17
5.38944578 1.9176848700339753e-17
5.39178944 1.923830977526315e-17
5.39413548 2.0097635679589347e-17
5.39648342 2.7537339066574496e-17
5.39883327 2.0511028584539148e-17
5.40118504 1.942163265728479e-17
5.40353918 2.3630737938414607e-16
5.40589523 1.9784224152341694e-17
5.40825319 2.1625956398566594e-17
5.41061306 1.979557566388037e-17
5.41297531 1.9411540721677743e-17
5.41533995 1.9435691800027933e-17
5.41770601 1.9460261231969908e-17
5.42007446 1.9485633927360002e-17
5.42244482 1.9518965505157418e-17
5.42481756 1.9621455526393877e-17
5.42719221 2.0387948089196494e-17
5.42956877 2.1368323186906984e-17
5.43194771 4.06092110532854e-17
5.43432856 1.970003195827362e-17
5.43671131 1.9664769568740075e-17
5.43909645 1.967685934375505e-17
5.4414835 1.9700219795966934e-17
5.44387293 1.971985489134716e-17
5.44626427 1.991521855406121e-17
5.44865751 2.152124601102807e-17
5.45105314 3.0709430204476477e-17
5.45345068 7.689111532956194e-17
5.4558506 2.2647461793247152e-17
5.45825243 2.042463962037277e-17
5.46065617 1.991710622984037e-17
5.46306229 1.9934470735582417e-17
5.46547079 2.005748046262494e-17
5.4678812 1.9991238858103663e-17
5.47029352 1.9997130238442907e-17
5.47270823 2.002358067796134e-17
5.47512484 2.0049955730968446e-17
5.47754383 2.007622310261879e-17
5.47996473 2.0102362078377397e-17
5.48238802 2.0128465969757116e-17
5.48481321 2.01602398572974e-17
5.48724079 2.0226907996921847e-17
5.48967028 2.0298490059582352e-17
5.49210215 2.0426606795417475e-17
5.49453592 2.0345140330044498e-17
5.49697208 2.0294771004320546e-17
5.49941015 2.0318832497775302e-17
5.50185061 2.0335427344519733e-17
5.50429296 2.7116930966832368e-17
5.50673771 2.038370782150847e-17
5.50918484 2.0408995604193914e-17
5.51163387 2.0434463573753415e-17
5.51408529 2.0461296703383592e-17
5.51653862 2.0485573874018456e-17
5.51899433 2.0510784434169732e-17
5.52145195 2.0536166791831966e-17
5.52391195 2.0563188158499216e-17
5.52637434 2.059864638805649e-17
5.52883863 2.064612993819903e-17
5.53130531 2.078407308920332e-17
5.5337739 2.1008516174151588e-17
5.53624487 2.1031820677816378e-17
5.53871822 2.2505847170035436e-17
5.54119349 4.064560648552665e-17
5.54367113 4.538458459188762e-17
5.54615068 2.0893135321632792e-17
5.5486331 2.0928811328453878e-17
5.55111742 2.096475972084493e-17
5.55360365 2.1446310051570926e-17
5.55609226 2.3960740947703393e-17
5.55858326 3.2088980091502787e-17
5.56107664 5.010487788277704e-17
5.56357193 1.0134758542031807e-16
5.5660696 2.6271135550922256e-17
5.56856966 2.3223084728310096e-17
5.57107162 2.1478513509467468e-17
5.57357645 2.1285631902564708e-17
5.57608271 2.132224609996748e-17
5.57859182 2.1358708949355426e-17
5.58110285 2.1395020996407433e-17
5.58361626 2.1431193306708232e-17
5.58613205 2.1467271824320927e-17
5.58865023 2.150318237487013e-17
5.59117031 2.1538808682232867e-17
5.59369278 2.157438422444637e-17
5.59621763 2.1609967383485584e-17
5.59874487 2.1645340606861973e-17
5.60127401 2.1762660468200888e-17
5.60380602 2.2255529020116252e-17
5.60633993 2.1848089866471692e-17
5.60887575 2.17846711769158e-17
5.61141443 2.181920632625575e-17
5.6139555 2.1853594077833678e-17
5.61649847 2.188783490580913e-17
5.61904383 2.1921928689449827e-17
5.62159157 2.1955875588728986e-17
5.62414169 2.19898530311581e-17
5.6266942 2.202384204063705e-17
5.62924862 2.2057687725247625e-17
5.6318059 2.209138658964004e-17
5.63436508 2.2124940895096696e-17
5.63692665 2.215835049945795e-17
5.6394906 2.219161246185308e-17
5.64205694 2.222472686687137e-17
5.64462566 2.2257697080405916e-17
5.64719677 2.2291099643669785e-17
5.64977026 2.2326973124322282e-17
5.65234566 2.2356434083478202e-17
5.65492392 2.2388139099159116e-17
5.65750408 2.242038934837625e-17
5.66008711 2.2452491241866587e-17
5.66267204 2.2484453486034134e-17
5.66525936 2.2516269628934427e-17
5.66784954 2.2547942621970553e-17
5.67044163 2.257947481982507e-17
5.6730361 2.261086146402231e-17
5.67563295 2.2642107299626673e-17
5.67823219 2.2699811325300676e-17
5.68083429 6.841902756822932e-16
5.6834383 2.2783464221169956e-17
5.68604469 2.2769559387740705e-17
5.68865347 3.4078090475689266e-17
5.69126463 2.282764762310751e-17
5.69387865 2.2857159970471824e-17
5.69649458 2.2888003470361483e-17
5.69911289 2.291882605895878e-17
5.70173407 2.2949269974989964e-17
5.70435715 2.2979667463485374e-17
5.70698309 2.3009946604424016e-17
5.70961094 2.3040267457553113e-17
5.71224165 2.3070511791804774e-17
5.71487474 2.310062140473172e-17
5.71750975 2.3130669286184202e-17
5.72014761 2.3160765873916638e-17
5.72278786 2.3190276247672013e-17
5.72543097 2.3219815599752868e-17
5.72807598 2.3249264527408043e-17
5.73072338 2.3278582694768256e-17
5.73337364 2.330779290039516e-17
5.73602629 2.352217128027565e-17
5.73868084 2.4578505834472826e-17
5.74133825 2.3618972616514296e-17
5.74399853 2.3446543571516064e-17
5.74666071 2.345867729605236e-17
5.74932528 2.3483974906989078e-17
5.7519927 2.351306693944579e-17
5.75466251 2.3797520411303647e-17
5.75733471 2.5432880311760807e-17
5.76000929 4.9138355330637055e-17
5.76268673 2.6900995126823577e-17
5.76536655 2.962615050474698e-17
5.76804876 2.5192284624352903e-17
5.77073336 2.710216637483888e-17
5.77342033 2.6526485114000275e-17
5.77611017 2.4186023197232165e-17
5.77880239 2.380809962482779e-17
5.781497 2.389806979805014e-17
5.78419447 2.4445687722945615e-17
5.78689384 2.5116515584330295e-17
5.78959608 2.6105365070035502e-17
5.79230118 3.2478543680899005e-17
5.79500818 3.5660403908025305e-17
5.79771805 4.707438470836512e-17
5.80043077 2.415271746121849e-17
5.80314541 2.4133221014502038e-17
5.8058629 6.92526009847175e-17
5.80858278 3.3518247818580905e-17
5.81130552 2.461734077862993e-17
5.81403065 2.4383561182134226e-17
5.81675816 3.0155076815647925e-16
5.81948853 4.478362347757747e-17
5.82222128 2.4574591624453577e-17
5.82495689 2.4963412921691675e-17
5.82769489 2.4484537933574648e-17
5.83043528 2.4491184635769073e-17
5.83317804 2.8998906648172707e-17
5.83592415 3.9195476315984174e-17
5.83867216 3.059806194654984e-17
5.84142303 2.445989216876513e-17
5.84417629 2.448855537877476e-17
5.84693241 2.4516939676401912e-17
5.84969139 2.4683612110554382e-17
5.85245228 3.270214000392945e-17
5.85521603 3.6387996038690826e-17
5.85798264 2.481939896551605e-17
5.86075163 2.4897531520926706e-17
5.86352348 2.4741615419665538e-17
5.86629772 2.477121447916008e-17
5.86907482 2.4841345695776155e-17
5.87185431 2.482761875108183e-17
5.87463665 2.4944098524241407e-17
5.87742138 2.5149095154162904e-17
5.88020897 2.6394518574917295e-17
5.88299894 2.866925452762973e-17
5.88579178 2.4962873214325694e-17
5.88858747 2.4953746756468642e-17
5.89138556 2.498282872480415e-17
5.89418602 2.5014354486844062e-17
5.89698935 2.5061743017810423e-17
5.89979553 2.5098079901910522e-17
5.90260458 2.5103723324558543e-17
5.90541601 2.5137772521398642e-17
5.90822983 2.5166771283423593e-17
5.9110465 2.5203275800129608e-17
5.91386604 2.5243402828022464e-17
5.91668844 2.528762727524317e-17
5.91951323 2.5360662606737057e-17
5.92234087 2.5373146453927626e-17
5.9251709 2.5412999723732898e-17
5.92800426 2.547860465069555e-17
5.93083954 2.5499111769488262e-17
5.93367815 2.553889119661998e-17
5.93651915 2.5586138430186014e-17
5.939363 2.5622889675822897e-17
5.94220972 2.561937646290696e-17
5.94505882 2.5616722935992072e-17
5.94791079 2.5652974275791228e-17
5.95076561 2.5696027349225102e-17
5.95362329 2.5738887535887255e-17
5.95648336 2.578155108309215e-17
5.95934629 2.5824022152605416e-17
5.96221209 2.5866297918642458e-17
5.96508074 2.5917461968078513e-17
5.96795225 2.602576033823458e-17
5.97082615 2.6107855275751782e-17
5.97370291 2.6052285811632196e-17
5.97658253 2.6074797838163087e-17
5.97946501 2.6115929596515297e-17
5.98234987 2.6156881512755858e-17
5.98523808 2.6197605410862726e-17
5.98812866 2.6238144095020434e-17
5.99102211 2.6278504444982048e-17
5.99391842 2.6318671957187964e-17
5.99681759 2.6358649834825356e-17
5.99971962 2.639844120921753e-17
6.00262451 2.6438061020353573e-17
6.00553179 2.6623515406922263e-17
6.0084424 2.7468088009147085e-17
6.0113554 2.6727619554786783e-17
6.01427126 2.6595204144007895e-17
6.01719046 2.683966350406283e-17
6.02011204 2.8010816581994866e-17
6.02303648 2.6953383423268814e-17
6.02596378 2.6750608507361187e-17
6.02889395 2.6788770080613246e-17
6.03182697 2.682679120491963e-17
6.03476286 2.6864727505582118e-17
6.03770161 2.7228433052327504e-17
6.04064322 2.9062340915714277e-17
6.04358768 2.7360322593702365e-17
6.04653502 2.7014631371043136e-17
6.04948568 2.7262917022732666e-17
6.05243874 3.169464044158401e-17
6.05539465 2.737322775719135e-17
6.05835342 2.7161826226456198e-17
6.06131554 2.7199520266552633e-17
6.06428003 2.7239040510173656e-17
6.06724739 3.1645642777217206e-17
6.07021809 2.73218974738124e-17
6.07319164 2.7350478401606647e-17
6.07616806 2.7379512046152075e-17
6.07914686 2.7414255875594734e-17
6.08212948 2.7450433662921204e-17
6.08511448 2.7486463776001835e-17
6.08810234 2.7522280398865457e-17
6.09109354 2.7557922258498988e-17
6.09408712 2.759340253843447e-17
6.09708405 2.762873150523737e-17
6.10008383 2.7663975254308885e-17
6.10308647 2.7699772640412246e-17
6.10609245 2.7736360508565438e-17
6.10910082 3.496299666620776e-17
6.11211252 2.7840557920835036e-17
6.11512709 2.784361065385032e-17
6.11814499 2.7870937892156895e-17
6.12116528 2.790481629824957e-17
6.1241889 2.793851067634451e-17
6.12721539 2.797202914712832e-17
6.13024521 2.8005456114502326e-17
6.13327742 2.803926487037207e-17
6.13631296 2.80730135194617e-17
6.13935137 2.8105238477120684e-17
6.14239311 2.8137097492498517e-17
6.14543772 2.8169428577163505e-17
6.14848518 2.820170022535142e-17
6.15153599 2.8233838497729226e-17
6.15458965 2.8266479346780486e-17
6.15764618 2.8299172024308036e-17
6.16070604 2.837893262326894e-17
6.16376877 2.8716892452791235e-17
6.16683435 2.882267235801075e-17
6.16990328 2.930363953383836e-17
6.17297506 3.1601178477518373e-17
6.17605019 4.9526515720634045e-17
6.17912817 9.80980968089876e-17
6.18220901 3.420321704014066e-17
6.1852932 6.235490621543371e-17
6.18838072 3.451163861579379e-17
6.1914711 3.3271614524880597e-17
6.19456434 3.0430095287502924e-17
6.19766092 3.1382327547825504e-17
6.20076036 3.2651032424507216e-17
6.20386314 3.0214669332346044e-17
6.20696878 2.90003973961753e-17
6.21007776 2.894105829016149e-17
6.21319008 2.894514365787487e-17
6.21630526 2.911429895392718e-17
6.21942329 2.906175800703169e-17
6.22254467 2.9095332906602844e-17
6.22566938 2.9232799034826646e-17
6.22879696 3.4780989229568175e-17
6.23192787 2.926987330631487e-17
6.23506165 2.917467206740724e-17
6.23819923 2.9181170566335544e-17
6.24133921 2.923713772911326e-17
6.24448299 3.342112594794236e-17
6.24762917 3.1245927440394393e-17
6.25077915 3.084174683401844e-17
6.253932 3.075400267079013e-17
6.25708818 2.9598683489837254e-17
6.26024771 2.941054439301829e-17
6.26341009 2.9442564904894964e-17
6.26657581 4.715966577392854e-17
6.26974487 2.950603693523516e-17
6.27291727 2.9537503018739975e-17
6.27609253 2.9568769202059526e-17
6.27927113 2.9599861574911706e-17
6.28245258 2.9632726026792734e-17
6.28563786 2.9674271403593546e-17
6.28882599 2.9694453614290324e-17
6.29201746 2.972286877266909e-17
6.29521227 2.975512096230314e-17
6.29841042 2.9783150849090405e-17
6.30161142 2.9814932511034195e-17
6.30481577 2.985783989870033e-17
6.30802345 2.9875495851539746e-17
6.31123447 2.995347334318032e-17
6.31444883 5.95370243393226e-17
6.31766653 3.0062977040512634e-17
6.32088757 2.972066230568879e-17
6.32411146 2.969001668385051e-17
6.3273387 2.971932613323826e-17
6.33056974 2.974888324091338e-17
6.33380365 2.977862235348472e-17
6.3370409 2.99017705096717e-17
6.34028149 3.043800158535895e-17
6.34352541 2.9997032512190993e-17
6.34677267 2.9934488272965906e-17
6.35002327 2.997877897259701e-17
6.35327721 3.005482214300164e-17
6.35653448 3.042497394520456e-17
6.35979509 3.1271724729561815e-17
6.36305904 3.0354689275770305e-17
6.36632633 3.019977115115275e-17
6.36959696 3.02482131477061e-17
6.37287092 3.029669753436082e-17
6.37614822 3.077241118098072e-17
6.37942934 3.3185628773292715e-17
6.38271332 3.147569473218034e-17
6.38600063 3.334930984792611e-17
6.38929176 3.190674129036814e-17
6.39258623 3.098535081596908e-17
6.39588356 3.534532707873102e-17
6.3991847 3.092801589903995e-17
6.40248919 3.0718612990939794e-17
6.40579748 3.076458951720123e-17
6.40910864 3.081037813972541e-17
6.41242313 3.087290630489362e-17
6.41574144 3.919763298669097e-17
6.41906309 3.0966079818171467e-17
6.42238808 3.0991153787577963e-17
6.42571688 3.103612510883983e-17
6.42904902 3.108321294697031e-17
6.43238401 3.112961006782369e-17
6.4357233 3.117290044777274e-17
6.43906546 3.126790217185406e-17
6.44241142 3.161415484980601e-17
6.44576073 3.1364076795612236e-17
6.44911337 4.4177598742253803e-17
6.45246983 3.138714176081205e-17
6.45582962 3.1430982917570204e-17
6.45919275 3.147591760989637e-17
6.4625597 3.1520609545263713e-17
6.46592999 3.1565058294755074e-17
6.46930361 3.160986451516783e-17
6.47268105 3.1657077708601505e-17
6.47606182 3.169764891881798e-17
6.47944641 3.176084359331994e-17
6.48283434 3.198672512281881e-17
6.48622561 3.261544555810776e-17
6.48962069 3.3953953112705515e-17
6.49301958 3.22733828883421e-17
6.49642181 5.329334294696155e-17
6.49982738 3.199955048915211e-17
6.50323677 3.208726502953213e-17
6.50664949 3.246406742299397e-17
6.51006603 3.321296401387858e-17
6.51348591 3.835362507156892e-17
6.5169096 3.307182500921951e-17
6.5203371 3.2405472817673986e-17
6.52376795 3.23083465137849e-17
6.52720213 3.233134198748054e-17
6.53064013 3.237254900316021e-17
6.53408194 3.2413523811913446e-17
6.53752756 3.245425546629845e-17
6.54097652 3.2494760584159455e-17
6.54442883 3.253502575296937e-17
6.54788542 3.257504636043418e-17
6.55134487 3.261483857760886e-17
6.55480862 3.2654400086080256e-17
6.5582757 3.269372571082472e-17
6.5617466 3.2732800001371045e-17
6.56522131 3.277164724116796e-17
6.56869984 3.2810262532001134e-17
6.5721817 3.284866162069654e-17
6.57566738 3.2889606468700716e-17
6.5791564 7.238933603992602e-17
6.58264971 3.2965717521879276e-17
6.58614635 3.299990894178098e-17
6.58964682 3.303731711055876e-17
6.59315109 3.307461798707605e-17
6.59665918 3.3111825429406137e-17
6.60017061 3.314844713988569e-17
6.60368586 3.318496829364759e-17
6.60720539 3.3221300689492375e-17
6.61072826 3.325741473117002e-17
6.61425495 3.329425012531466e-17
6.61778545 3.3335660459673294e-17
6.62131929 3.337713250055148e-17
6.62485743 3.3421728981921463e-17
6.62839937 3.347966067509322e-17
6.63194466 3.351808503477418e-17
6.63549423 1.1832668419824173e-16
6.63904715 3.371567676311412e-17
6.64260435 5.0303597709249e-17
6.64616489 8.187390894228961e-17
6.64972925 4.826517398657457e-15
6.6532979 7.255421962965458e-16
6.65687037 6.347515626050146e-16
6.66044617 2.1723212112923784e-16
6.66402626 7.185588308202178e-16
6.66760969 3.4480008296294915e-17
6.67119741 3.415490711006468e-17
6.67478895 3.4561580741553176e-17
6.6783843 1.0795359469958183e-16
6.68198347 1.7320454769475729e-16
6.68558693 3.2202322303924995e-16
6.68919373 1.229026132067009e-15
6.69280481 9.27596027468778e-17
6.69641924 4.363678878277913e-17
6.70003796 3.8982537703870833e-17
6.70366096 3.9744572692581657e-17
6.70728731 4.0779746946030955e-17
6.71091795 3.481597124967991e-17
6.7145524 3.5209509845980805e-17
6.71819067 2.3484981161056943e-16
6.72183275 1.202843379473333e-16
6.72547913 4.485219396698476e-17
6.72912931 1.153241710292706e-16
6.73278332 3.495669208063876e-17
6.73644161 1.4221274487994893e-16
6.74010372 3.341314645454886e-15
6.74376965 6.756504329297763e-16
6.74743986 3.502501611721781e-17
6.75111389 3.48948449060712e-17
6.75479174 3.503702621908434e-17
6.75847387 3.563583899078372e-17
6.7621603 3.513441880113131e-17
6.76585007 3.5052801770514256e-17
6.7695446 3.509247125818142e-17
6.77324247 6.813477448166764e-17
6.77694511 3.562832439316502e-17
6.78065109 3.943638107948006e-17
6.78436136 3.759756659615166e-17
6.78807592 5.188185188125801e-17
6.7917943 4.375239877789421e-17
6.79551697 3.867380573843579e-17
6.79924345 3.62222449907271e-17
6.80297422 3.584361276320514e-17
6.80670929 5.502183081382764e-17
6.81044817 3.571373294096303e-17
6.81419086 3.558176487783088e-17
6.81793833 3.563015158382509e-17
6.82168961 3.578011342401214e-17
6.8254447 3.62267030872286e-17
6.82920456 3.587359132095598e-17
6.83296824 3.6019202871835276e-17
6.8367362 3.590920947106303e-17
6.84050798 3.587937640266228e-17
6.84428406 3.592483814285874e-17
6.84806442 3.612788599897135e-17
6.85184908 3.699809938398605e-17
6.85563755 3.628131604432502e-17
6.85943031 3.6148859309075604e-17
6.86322784 3.622651523590676e-17
6.86702871 3.644170283211383e-17
6.87083435 3.6330316608199546e-17
6.87464428 3.6346533141597544e-17
6.87845802 3.6397980042523175e-17
6.88227606 3.646917646713884e-17
6.88609886 3.6632131686240125e-17
6.88992548 3.6757581031313924e-17
6.89375639 3.665895027735151e-17
6.89759159 3.6707007988666635e-17
6.90143108 4.4632860489831494e-17
6.90527487 5.216156285904859e-17
6.90912294 3.719028773055043e-17
6.91297483 3.6911919884377814e-17
6.91683149 3.6966310816467855e-17
6.92069244 3.702043706394338e-17
6.92455769 3.707446443923103e-17
6.92842722 3.712787646388496e-17
6.93230104 3.718106859414194e-17
6.93617964 3.7286999536137223e-17
6.94006205 3.7690142372549476e-17
6.94394875 3.7786410782669234e-17
6.94784021 3.749906689170021e-17
6.95173597 3.770219438638512e-17
6.95563555 3.755265025611306e-17
6.95953989 3.7625775029552033e-17
6.963449 3.7753040447606714e-17
6.96736193 3.856280239117411e-17
6.97127962 3.7910213147956667e-17
6.97520161 3.8140584085958254e-17
6.97912788 3.835315095705918e-17
6.98305893 3.7952031826245373e-17
6.98699379 3.799424179153067e-17
6.99093342 3.7963904290277286e-17
6.99487782 3.7995744693955763e-17
6.99882603 3.804397222584866e-17
7.00277948 3.8092116872370715e-17
7.00673676 3.814013105744108e-17
7.0106988 3.8188326920442323e-17
7.01466513 3.8249435769739474e-17
7.01863623 3.836444011406286e-17
7.02261162 3.8348244683969895e-17
7.0265913 3.8382254960882084e-17
7.03057575 3.843271564033397e-17
7.03456497 3.8391470875821474e-17
7.03855848 3.76523237379445e-17
7.04255629 3.690089473060121e-17
7.04655933 3.6826222914606724e-17
7.0505662 3.687171496836081e-17
7.05457783 3.691690545089584e-17
7.05859423 3.6962149606129024e-17
7.06261492 3.700723713183279e-17
7.06664038 3.705164931233982e-17
7.0706706 3.709592610977123e-17
7.07470512 3.7140633609327237e-17
7.07874441 3.7188128829155374e-17
7.08278799 3.7227902516726494e-17
7.08683681 3.72702720044692e-17
7.09088993 3.7313090701376213e-17
7.09494734 3.73556410626873e-17
7.09900999 3.7401478058514754e-17
7.10307693 3.7458901822264115e-17
7.10714865 2.9375387700191927e-16
7.11122513 3.757678876955787e-17
7.1153059 6.038890707482676e-17
7.11939192 3.766767675157213e-17
7.12348223 3.769487751106955e-17
7.1275773 3.7757879221867913e-17
7.13167715 6.983610337030185e-17
7.13578176 3.7855136932454016e-17
7.13989115 3.788506136398594e-17
7.14400482 3.793134685161561e-17
7.14812374 3.801792884853495e-17
7.15224743 9.136006160958278e-17
7.15637541 3.8311080239651866e-17
7.16050863 3.881462173023261e-17
7.16464663 3.885603294421871e-17
7.16878891 4.174500619217359e-17
7.17293644 6.319263808340018e-17
7.17708874 5.1066411348392337e-17
7.1812458 4.0141521655646416e-17
7.18540764 1.2063114948602425e-16
7.18957424 3.891719436925875e-17
7.19374561 3.949329843958711e-17
7.19792223 3.932735776944349e-17
7.20210314 3.8676204783372774e-17
7.20628929 3.861715006933793e-17
7.21048021 3.8652191880235124e-17
7.2146759 3.871554690765214e-17
7.21887684 3.874378174334137e-17
7.22308254 3.8826235692689554e-17
7.22729301 3.895752598142114e-17
7.23150826 3.978147220753409e-17
7.23572874 1.7118409383287305e-16
7.23995352 3.901765592487546e-17
7.24418402 3.917341404722191e-17
7.24841928 4.470942232608023e-17
7.25265932 4.0419799640073865e-17
7.25690413 3.9543027042039887e-17
7.26115417 3.939166612247092e-17
7.26540899 3.9231857679710153e-17
7.26966906 4.1538764498446963e-17
7.27393436 4.4461989844516025e-17
7.27820396 4.580029932661626e-17
7.28247929 4.0155020797165397e-17
7.28675938 3.9366994874948633e-17
7.29104424 4.222365900534285e-17
7.29533434 3.9459975374149334e-17
7.29962969 3.9607224344308434e-17
7.30392981 3.9533980801309706e-17
7.30823517 2.812871235879821e-16
7.3125453 4.07351836665832e-17
7.31686115 4.345632534453843e-17
7.3211813 3.9869821339814633e-17
7.32550716 3.970718158781614e-17
7.3298378 3.9744378971545626e-17
7.33417368 3.978376043881593e-17
7.3385148 3.982135293986877e-17
7.34286118 3.9859862028285987e-17
7.34721231 3.989836951548433e-17
7.3515687 3.9936575061139754e-17
7.35593033 3.9974970443665497e-17
7.3602972 4.0013747402857103e-17
7.36466932 4.0072053540483724e-17
7.36904669 4.020917066421425e-17
7.37342882 4.014838646500509e-17
7.37781668 4.016446857730943e-17
7.3822093 4.0201800555925085e-17
7.38660765 4.023907090334842e-17
7.39101076 4.027607556078003e-17
7.3954196 4.031272315303467e-17
7.3998332 4.034908180147756e-17
7.40425253 4.038515149112729e-17
7.4086771 4.0420958923710024e-17
7.41310644 4.045651188122839e-17
7.4175415 4.0501225028314967e-17
7.42198181 4.055307306696256e-17
7.42642736 4.060454986462361e-17
7.43087864 4.0655535140980316e-17
7.43533468 4.0706456821641075e-17
7.43979645 4.0756607926065466e-17
7.44426346 4.080666538672874e-17
7.44873571 4.085612737040322e-17
7.45321369 4.090540846292176e-17
7.45769691 4.095469615616615e-17
7.46218538 4.100301651392395e-17
7.4666791 4.105107006955409e-17
7.47117853 5.306267559660712e-16
7.47568321 4.3828572745346194e-17
7.48019361 4.1228656047076227e-17
7.48470926 4.1256730314206775e-17
7.48923016 4.642941955860153e-17
7.49375677 4.2539312516421123e-17
7.49828911 4.163208164459772e-17
7.50282669 4.146478082370474e-17
7.50736952 4.1515279001863665e-17
7.51191807 4.1564218665299723e-17
7.51647234 4.1586905129764215e-17
7.52103186 4.160785501429321e-17
7.5255971 4.165408657520348e-17
7.53016758 4.1705444134312693e-17
7.53474379 4.176537104564463e-17
7.53932571 4.21623959987406e-17
7.54391289 4.3782593787641276e-17
7.54850578 5.579522693342357e-17
7.5531044 4.19646369698802e-17
7.55770874 4.2010561455232797e-17
7.56231833 4.206041399783825e-17
7.56693363 4.2110038567617134e-17
7.57155466 4.235791217553757e-17
7.57618141 4.362708267731524e-17
7.58081388 7.75007484263455e-17
7.5854516 4.6322333482447605e-17
7.59009552 4.27865895404468e-17
7.59474468 4.285705607326238e-17
7.59940004 4.253087677477848e-17
7.60406065 4.2501690785342423e-17
7.60872698 4.264536198064209e-17
7.61339951 4.320812972099871e-17
7.61807728 4.27533213099099e-17
7.62276125 4.269276764478692e-17
7.62745047 4.274314989306769e-17
7.63214588 4.2947458915905567e-17
7.63684702 4.7960654756804684e-17
7.64155388 4.3064565637173573e-17
7.64626646 4.2954107408859923e-17
7.65098476 4.29822979060996e-17
7.65570927 4.3030279568641e-17
7.66043901 4.3083599004508204e-17
7.66517544 4.31375836356251e-17
7.66991711 4.3426145097962006e-17
7.67466497 4.476097461815405e-17
7.67941856 4.359022414587658e-17
7.68417788 4.334846353940008e-17
7.68894339 4.351404620981644e-17
7.69371462 5.077232875071933e-17
7.69849157 6.785135534342028e-17
7.70327473 4.355279461402768e-17
7.70806408 4.360545652987362e-17
7.71285915 4.364710956636397e-17
7.71765995 4.3790436121436017e-17
7.72246695 5.387476100364863e-17
7.72728014 6.574887699070107e-17
7.73209906 8.120533949492206e-17
7.73692417 4.917779675599775e-17
7.74175501 4.446693744598105e-17
7.74659252 4.4138866488535146e-17
7.75143528 4.8680515911474156e-17
7.75628471 5.685042664034082e-16
7.76113987 9.606739156424838e-17
7.76600122 1.1143961784453383e-16
7.77086878 4.9923718693058746e-17
7.77574205 1.0124510914130837e-16
7.78062201 4.435904999673022e-17
7.78550768 4.4375140249273993e-17
7.79039955 4.4429517039783105e-17
7.79529762 5.15492726731006e-17
7.80020189 5.1514984377217605e-17
7.80511236 1.7009096861316327e-16
7.81002903 5.645138073286794e-17
7.8149519 4.8125739770650643e-17
7.81988096 4.515106024460004e-17
7.82481623 4.5061306688493195e-17
7.82975769 4.521473127367687e-17
7.83470535 5.104233177157686e-17
7.83965921 4.4843936253957147e-17
7.84461927 5.648056600583689e-17
7.84958601 1.4184877188919115e-15
7.85455894 4.5692377644237195e-17
7.85953808 4.9197815074352047e-17
7.86452341 5.385146142211799e-17
7.86951494 6.967590317904788e-17
7.87451315 4.0641739266976926e-16
7.87951756 4.532839107063981e-17
7.88452864 4.517423087651918e-17
7.88954544 4.5213049819731544e-17
7.8945694 4.5251505878301673e-17
7.89959908 4.52946954669355e-17
7.90463543 4.5338814130477116e-17
7.90967846 4.538206652616638e-17
7.91472769 4.7512447271820397e-17
7.91978359 4.54810212217216e-17
7.9248457 4.561351975727089e-17
7.92991447 4.57625817044216e-17
7.93498945 4.664182625968295e-17
7.94007111 4.58168082505977e-17
7.94515944 4.5736613482077246e-17
7.95025396 4.6136755854495675e-17
7.95535517 4.5902368808332624e-17
7.96046305 4.583071149185644e-17
7.96557713 4.5833576456659254e-17
7.97069836 4.586764688932159e-17
7.97582579 4.6094686237367053e-17
7.98095989 4.714134642248877e-17
7.98610067 4.621538517963525e-17
7.99124765 4.6142932897137495e-17
7.99640179 4.619936391695576e-17
8.00156212 4.637233360161413e-17
8.00673008 4.6263564200201043e-17
8.01190376 4.619723117914795e-17
8.01708412 4.621898655543107e-17
8.02227211 5.959997288298977e-17
8.02746582 4.6306860007429645e-17
8.03266716 4.78446819382865e-17
8.03787422 6.409309998503614e-17
8.04308891 4.654038711650796e-17
8.04830933 4.6435613262461025e-17
8.05353737 7.530595828892495e-17
8.05877209 5.81210220878193e-17
8.06401348 4.662037143373813e-17
8.06926155 1.9820919817274582e-16
8.07451725 5.765401150032836e-17
8.07977867 4.727256258260814e-17
8.08504772 4.676555124536374e-17
8.09032345 4.671853796792452e-17
8.09560585 4.6889709686556374e-17
8.10089588 4.6848448353643674e-17
8.10619259 4.684481693949625e-17
8.11149597 4.6894106116063057e-17
8.11680603 4.696817224031584e-17
8.12212276 4.7092542001206315e-17
8.12744713 5.1008680080704266e-17
8.13277912 5.3110335623349934e-17
8.13811684 4.721640930187422e-17
8.14346218 4.71835578594759e-17
8.1488142 4.723761869394051e-17
8.15417385 4.7321782541061514e-17
8.15954018 4.7355156585166954e-17
8.16491318 4.7378387011830537e-17
8.17029381 4.7531592277323717e-17
8.17568111 4.995247198353787e-17
8.18107605 4.764348051798369e-17
8.18647766 4.75561308344059e-17
8.1918869 4.7597339755675305e-17
8.19730282 4.7648868598434665e-17
8.20272636 4.769961379233845e-17
8.20815659 4.7754040445075716e-17
8.21359444 4.7812977824925854e-17
8.21903992 4.7862798345473907e-17
8.22449207 4.7912604126368926e-17
8.2299509 4.801054404906026e-17
8.23541737 4.8291468137079166e-17
8.24089146 4.8117780482516984e-17
8.24637222 4.81194246024399e-17
8.25186062 4.818163247644865e-17
8.25735664 4.822079529853847e-17
8.26285934 4.826927892548663e-17
8.26837063 4.83209598584678e-17
8.27388763 4.8380539189356794e-17
8.27941322 4.844653500030298e-17
8.28494549 4.8555156769236984e-17
8.29048538 4.856958082453569e-17
8.29603291 5.626622803606539e-17
8.30158806 4.934480932847127e-17
8.30714989 4.88549221577859e-17
8.31271935 4.88153130391174e-17
8.31829643 4.900108632775548e-17
8.32388115 4.8958574658212413e-17
8.3294735 4.904242327515822e-17
8.33507347 4.9029028286272894e-17
8.34068012 4.907017457922928e-17
8.34629536 4.9133076839881907e-17
8.35191727 4.9181481895654995e-17
8.35754681 4.924907198222203e-17
8.36318493 4.937534106368291e-17
8.36882973 4.942581313940229e-17
8.37448215 4.940854010596132e-17
8.38014317 4.9446349580294634e-17
8.38581085 4.949626717068206e-17
8.39148617 5.1144963861485765e-17
8.39717007 5.38115230503563e-17
8.40286064 5.306322340489061e-17
8.4085598 7.566227860959258e-17
8.41426659 1.6015908190756525e-16
8.41998005 1.1484101193239042e-15
8.4257021 6.043450826229597e-16
8.43143272 1.077793898852753e-16
8.43717003 9.098568393439287e-17
8.44291496 6.369623242974045e-17
8.44866848 9.659157618471417e-17
8.45442963 5.97510490903197e-17
8.4601984 8.868782564288556e-17
8.46597576 5.05566890447328e-17
8.47176075 5.0950237831974875e-17
8.47755337 5.046542212844523e-17
8.48335361 5.210857466241065e-17
8.48916245 5.042551863584741e-17
8.4949789 7.759578161421186e-17
8.50080299 5.072143636027541e-17
8.50663567 5.047093257590277e-17
8.51247597 7.006697155028371e-17
8.51832485 7.56022131939515e-17
8.52418137 7.067577254048307e-17
8.53004551 5.821277938624966e-17
8.53591824 5.0727846189332e-17
8.54179859 5.196442802450421e-17
8.54768753 5.07167387831442e-17
8.55358505 1.3612195235368346e-16
8.5594902 5.2618062254905326e-17
8.56540298 5.087943897272025e-17
8.57132435 5.1155128071453377e-17
8.5772543 5.1420947826221565e-17
8.58319187 5.273399844405205e-17
8.58913803 5.456571604613324e-17
8.59509277 5.1060792339540537e-17
8.60105515 5.111785971971069e-17
8.6070261 5.1190474422346464e-17
8.61300564 9.126645457924308e-17
8.61899281 5.1264657093834884e-17
8.62498856 5.620156505361204e-17
8.63099289 5.1486383903654405e-17
8.63700581 5.150822721595847e-17
8.64302635 5.1777716825546734e-17
8.64905548 5.1546482753046006e-17
8.65509319 5.314430036552142e-17
8.66113949 5.164357938125067e-17
8.66719437 5.555838658789027e-17
8.67325687 5.1883048059331457e-17
8.67932892 5.204063757187245e-17
8.68540859 6.046935010508549e-17
8.6914978 5.22683404205739e-17
8.69759464 5.214838642077117e-17
8.70370007 5.200108186728509e-17
8.70981503 5.202001961614428e-17
8.71593761 5.193786345458326e-17
8.72206879 5.196424307347898e-17
8.7282095 5.735850866635023e-17
8.73435783 5.252635215664203e-17
8.74051571 5.220569121551441e-17
8.74668121 8.453082019875453e-17
8.75285625 5.323128371607437e-17
8.75903988 5.246364341604017e-17
8.76523209 5.268254774249298e-17
8.77143383 5.244628348204953e-17
8.7776432 5.22908652209197e-17
8.78386211 5.2377633032719817e-17
8.79008961 6.584900818361338e-17
8.79632568 5.239874392497803e-17
8.8025713 5.2407076023688613e-17
8.80882549 5.262998381081632e-17
8.81508827 5.32780815865502e-17
8.82135963 5.3378980198830496e-17
8.82764053 5.2917559217574345e-17
8.83393002 5.263994711454004e-17
8.84022903 5.275782681080511e-17
8.84653664 1.1240260573006184e-16
8.85285378 5.272704917334553e-17
8.8591795 5.299884991450426e-17
8.8655138 5.2754853296235087e-17
8.87185764 5.278941493058497e-17
8.87821102 5.286995069892569e-17
8.88457298 5.294990316569537e-17
8.89094353 5.308992428622455e-17
8.89732456 5.309083833473368e-17
8.90371418 5.3073552649284654e-17
8.91011238 5.301159658210292e-17
8.91652012 5.3284189371914e-17
8.92293739 5.312447847329206e-17
8.92936325 5.3210360259869255e-17
8.9357996 5.3305355298812045e-17
8.94224358 5.333247009681837e-17
8.94869804 5.346914334884747e-17
8.95516205 5.354895938579387e-17
8.96163464 5.339752146795006e-17
8.96811676 5.338728293373032e-17
8.97460842 5.3564474457398565e-17
8.98110962 7.994961755688388e-17
8.9876194 5.364780001288669e-17
8.99413967 5.357617257734223e-17
9.00066853 5.36296159124606e-17
9.00720787 5.370011742770351e-17
9.0137558 5.3965786762007304e-17
9.02031422 5.382117157425066e-17
9.02688122 5.394864717145654e-17
9.03345776 5.392160970863508e-17
9.04004478 5.400079398749408e-17
9.04664135 5.4308261466289846e-17
9.0532465 5.412383335759522e-17
9.05986214 5.41134757289447e-17
9.06648731 5.848581150854753e-17
9.07312202 5.421903900957693e-17
9.07976627 5.425146519138695e-17
9.08642101 5.4259024658915966e-17
9.09308529 5.396842228092997e-17
9.0997591 5.1341436943921754e-17
9.10644245 4.989049512065293e-17
9.11313629 4.7648803712410046e-17
9.11983967 4.7845877476140927e-17
9.12655258 4.726897976711945e-17
9.13327503 4.701335044143326e-17
9.14000797 6.875511701680192e-17
9.1467514 4.768043777077122e-17
9.15350437 1.2270104163604068e-16
9.16026688 9.227998992458579e-17
9.16703987 7.621394659847574e-15
9.1738224 6.026434857660068e-16
9.18061543 6.872089216153179e-16
9.18741894 1.8320281027949013e-16
9.19423199 5.068397241265333e-16
9.20105457 4.812754996644857e-17
9.2078886 4.810534614499323e-17
9.21473122 1.3985370398685237e-16
9.22158527 1.4078575725589334e-16
9.22844887 1.6468914705075156e-15
9.23532295 1.393230206053569e-16
9.24220753 7.984060293172111e-17
9.24910259 1.619025545289347e-16
9.25600719 1.684505188258065e-16
9.26292229 4.8950345993491164e-17
9.26984787 4.8496174583856555e-17
9.27678394 4.872420940005537e-17
9.28373051 2.262407975505887e-16
9.29068661 2.2017339032618145e-16
9.29765415 7.75507896423674e-17
9.30463123 5.4052740906033926e-17
9.31161976 4.667107240585524e-15
9.31861782 4.807286432578195e-16
9.32562733 4.911938221760085e-17
9.33264732 4.877659291225273e-17
9.33967686 5.572957766412447e-17
9.34671783 4.909943969706599e-17
9.3537693 4.8673575506982934e-17
9.36083126 3.400841692534942e-16
9.36790466 5.4183419462559475e-17
9.3749876 4.9507967413181955e-17
9.38208199 5.63074626825498e-17
9.38918686 4.9252879844068396e-17
9.39630318 6.027128569777721e-17
9.40342903 4.9490299441154997e-17
9.41056633 4.9132262614758094e-17
9.41771507 5.1843734370392006e-17
9.42487431 5.130575505312842e-17
9.43204403 1.2168669770768241e-16
9.43922424 5.0371032153595465e-17
9.44641685 4.951911146088538e-17
9.453619 5.269498565808263e-17
9.4608326 4.9715234310860036e-17
9.46805763 4.946909811502241e-17
9.47529316 5.754973988194507e-17
9.48254013 5.665462351707424e-16
9.48979855 5.025966590355343e-17
9.49706745 5.2044955670827135e-17
9.5043478 5.0209307463967103e-17
9.51163864 5.1485814926236644e-17
9.51894188 4.9925227852043244e-17
9.52625561 4.980571492585304e-17
9.53358078 4.981886068385077e-17
9.5409174 4.9892554904500306e-17
9.5482645 5.013951450660843e-17
9.55562401 6.288068250018253e-17
9.562994 5.05086929691914e-17
9.57037544 5.127183012220616e-17
9.57776833 5.897503999696095e-17
9.58517361 5.02883688183842e-17
9.59258938 5.0387528085194626e-17
9.60001659 5.805307818158695e-17
9.60745525 5.890603319660932e-17
9.61490631 5.098896656112792e-17
9.62236881 5.0556421500474165e-17
9.6298418 5.074365137521099e-17
9.63732719 5.0995903938588176e-17
9.64482403 6.433794127835079e-17
9.65233326 5.134865757913655e-17
9.65985298 8.82515164251283e-17
9.6673851 6.274537005348338e-17
9.67492867 5.0717138822580163e-17
9.68248463 5.5685554050396e-17
9.69005203 8.731125066755137e-17
9.69763088 7.139576280757727e-17
9.70522213 1.142022166885034e-15
9.71282578 5.151214969540087e-17
9.72043991 5.847738018163778e-17
9.7280674 5.57452830667121e-17
9.73570633 7.204086377973595e-17
9.7433567 5.1227221825601e-17
9.75101948 5.104068866038552e-17
9.75869465 5.127286532448135e-17
9.76638222 5.2377150814781206e-17
9.77408123 5.3131776126094845e-17
9.78179264 5.2506014894717414e-17
9.7895155 5.5326153030081926e-17
9.7972517 5.1579062739061284e-17
9.80499935 5.313009402637565e-17
9.8127594 5.802101233109723e-17
9.82053185 5.406873594636303e-17
9.82831669 5.0968613309558276e-17
9.83611393 5.100260220468641e-17
9.84392357 5.120104494748371e-17
9.85174561 1.1766269928138618e-16
9.85958004 5.816597636847127e-17
9.86742687 5.210338617006034e-17
9.8752861 5.189420805667554e-17
9.88315773 5.1580379415367317e-17
9.89104271 5.1977100585863865e-17
9.89893913 5.565648533895492e-17
9.90684891 5.352558308781001e-17
9.91477108 5.262292865064574e-17
9.9227066 5.1457326345319046e-17
9.93065453 5.267766984875181e-17
9.93861485 5.207929911572481e-17
9.94658756 5.722520643805604e-17
9.95457363 5.1690463762739245e-17
9.96257305 5.2157404907056715e-17
9.97058487 5.222381733651296e-17
9.97860909 3.221644840846585e-16
9.98664665 5.289972881623224e-17
9.99469757 6.082450079177954e-17
10.0027609 5.490954851732608e-17
10.0108376 5.445096893016794e-17
10.0189266 6.278687065568808e-17
10.027029 2.786133374692458e-16
10.0351448 5.605902723432902e-17
10.0432739 6.039796680054879e-17
10.0514164 5.358676506172353e-17
10.0595713 5.909306109368655e-17
10.0677404 5.398283198806899e-17
10.075922 5.3535723295137344e-17
10.0841169 5.732747615486859e-17
10.0923252 5.57589320594542e-17
10.1005468 5.557207941332888e-17
10.1087828 3.2384176918913444e-16
10.1170311 3.2344230472400455e-16
10.1252937 5.235514138247904e-17
10.1335688 5.707568956548094e-17
10.1418581 6.930559305424536e-17
10.1501608 5.303241377639275e-17
10.1584778 5.95354646830493e-17
10.1668072 5.401571976327357e-17
10.1751509 1.1592638674937274e-16
10.1835089 6.743145175717453e-17
10.1918802 5.950405281682697e-17
10.2002649 5.562901396665152e-17
10.2086639 6.888574921843397e-17
10.2170763 5.289834141471796e-17
10.225503 5.282269739185878e-17
10.233943 5.3206044993701257e-17
10.2423973 3.045356413655536e-15
10.2508659 5.283535277010955e-17
10.2593479 5.289267667107425e-17
10.2678442 5.295257774514605e-17
10.2763548 5.2985983214804746e-17
10.2848787 6.415438393965675e-17
10.2934179 5.540087761483301e-17
10.3019705 5.4268111181730455e-17
10.3105383 1.087602178172346e-16
10.3191195 7.80196916679378e-17
10.3277149 6.113004959811006e-17
10.3363247 5.370553893414375e-17
10.3449497 5.514330539460484e-17
10.3535881 8.035058094814082e-17
10.3622417 3.8223616606431346e-16
10.3709087 5.2190094984785996e-17
10.379591 5.2918227855089464e-17
10.3882885 5.1979698911114506e-17
10.3969994 6.893285464262746e-16
10.4057255 5.087360476297345e-17
10.4144659 5.092884169253874e-17
10.4232216 5.13343872235006e-17
10.4319916 6.170433717095367e-17
10.4407768 5.450841594973507e-17
10.4495764 3.3293437750338e-16
10.4583902 5.568901352141427e-17
10.4672203 1.5167776541921722e-16
10.4760637 1.0009229667079253e-16
10.4849234 1.124341574646929e-16
10.4937973 5.883504340567962e-17
10.5026865 1.4039204423666033e-15
10.511591 1.3408810736280424e-16
10.5205107 5.740786360096387e-17
10.5294456 5.605478207443872e-17
10.5383949 7.449079134714147e-16
10.5473604 9.500361181635537e-17
10.5563402 9.069720650705862e-17
10.5653362 4.0585996789247714e-16
10.5743475 6.073186822082192e-17
10.5833731 9.963165038700682e-17
10.5924149 5.53185710219976e-17
10.6014729 1.0132991673804235e-16
10.6105452 1.3934375088795024e-16
10.6196337 1.2480867558693738e-16
10.6287374 5.657541314121501e-17
10.6378565 5.51320133997771e-17
10.6469917 3.166340334429767e-16
10.6561422 1.1188759182756612e-15
10.665309 5.721025807735217e-17
10.6744919 7.378223752871671e-17
10.6836901 9.706593374081981e-17
10.6929035 5.562302926719582e-17
10.7021341 6.621692919094684e-17
10.71138 7.725414208947227e-17
10.7206421 5.667258691052721e-17
10.7299194 6.161908862496542e-17
10.7392139 5.439054609831491e-17
10.7485237 5.5039142277853734e-17
10.7578497 5.473637480052893e-17
10.7671928 2.3845598380825796e-15
10.7765512 6.245403494040243e-17
10.7859259 7.81567314887698e-17
10.7953176 7.107080371814715e-17
10.8047247 6.423138700450412e-17
10.8141489 1.9803442789888806e-16
10.8235893 5.2379506836871157e-17
10.8330469 5.65667815614492e-17
10.8425207 6.996387494503247e-17
10.8520107 6.239945598279992e-17
10.861517 7.051246935508694e-17
10.8710413 6.404401587421315e-17
10.8805809 5.311943349356478e-17
10.8901377 5.562880150315001e-17
10.8997116 5.218597753378164e-17
10.9093027 7.006979348617763e-17
10.91891 5.569703711327649e-17
10.9285345 5.315798744631735e-17
10.9381762 5.3728483350368836e-17
10.947834 5.324795434363701e-17
10.95751 5.301034420426037e-17
10.9672022 5.303409049889213e-17
10.9769125 5.2958456673214744e-17
10.986639 6.837385868251213e-17
10.9963837 8.406892381849666e-16
11.0061445 4.120904678058686e-16
11.0159235 8.231268498123208e-17
11.0257196 6.933894046138844e-16
11.0355339 8.03104051205733e-17
11.0453653 5.3772734039877346e-17
11.0552139 1.45252039246002e-16
11.0650797 5.698578046734718e-17
11.0749636 6.118122378454511e-17
11.0848656 1.8986015757804656e-16
11.0947847 5.709703193218913e-17
11.104722 5.470316917332485e-17
11.1146774 5.4644748825891785e-17
11.12465 5.488927875577403e-17
11.1346407 3.139843153031931e-15
11.1446495 5.4265888870913055e-17
11.1546755 5.992976798002573e-17
11.1647205 5.419083079356088e-17
11.1747837 5.3898415668659254e-17
11.184864 6.09345452491704e-17
11.1949635 2.623265212731712e-16
11.205081 5.864210407402073e-17
11.2152166 7.721965323010565e-17
11.2253714 5.827413068308592e-17
11.2355433 9.814962707463706e-17
11.2457342 6.42116856897457e-17
11.2559443 4.214201977995644e-15
11.2661724 5.554592391528652e-17
11.2764187 5.419610095993319e-17
11.286684 9.08641537919972e-17
11.2969675 1.0303793689519599e-16
11.307271 2.1114626162866063e-16
11.3175926 8.015903840739012e-17
11.3279324 1.319714008913229e-15
11.3382921 5.4332727208802506e-17
11.34867 5.364836655960383e-17
11.3590679 5.357852531384471e-17
11.3694839 5.386093579799095e-17
11.37992 5.609815811356632e-17
11.3903742 5.930321329387294e-17
11.4008484 7.3030831763144e-17
11.4113417 5.411903865149346e-17
11.421854 1.0018333301167182e-15
11.4323854 1.8754049487790548e-16
11.4429369 3.7061713231067986e-16
11.4535084 7.206001043952962e-17
11.464098 5.44545798598417e-17
11.4747086 5.416809816137912e-17
11.4853382 5.3994957307255573e-17
11.4959869 5.396848469417537e-17
11.5066566 5.410058576739663e-17
11.5173454 5.991187430906839e-17
11.5280542 1.2333309354850651e-15
11.5387831 2.182871791271952e-15
11.5495319 5.5406558467139076e-17
11.5603008 7.570322075982713e-17
11.5710897 2.166671889185912e-16
11.5818987 5.4544834124469745e-17
11.5927277 7.252528966431257e-17
11.6035776 8.323529205519757e-17
11.6144476 5.414923943455592e-17
11.6253376 5.432642365108944e-17
11.6362486 5.529168817639706e-17
11.6471796 1.4399375031014642e-16
11.6581316 5.449988971990932e-17
11.6691036 8.653368652460662e-17
11.6800966 7.173457234861429e-17
11.6911106 5.820458165384036e-17
11.7021446 5.498236138056946e-17
11.7132006 5.4936645520812865e-17
11.7242765 8.285901295146196e-17
11.7353735 7.056573072225152e-17
11.7464924 8.915745520265724e-17
11.7576313 8.674042097226483e-17
11.7687922 7.835251082380782e-17
11.779974 5.75843924157886e-17
11.7911768 5.754930707912627e-17
11.8024015 5.485173305197571e-17
11.8136473 5.570775530507208e-17
11.824914 5.471234389622958e-17
11.8362026 1.1152941232156185e-16
11.8475132 8.555694378319492e-17
11.8588448 1.3925109171638775e-16
11.8701992 7.918124265869145e-17
11.8815737 6.163744466223063e-17
11.892971 6.012451384825427e-17
11.9043903 5.451475418749507e-17
11.9158316 7.139015584246497e-17
11.9272947 5.689774968470867e-17
11.9387798 1.0436200344056357e-16
11.9502869 5.470074654197629e-17
11.9618168 7.699760101568071e-17
11.9733677 5.959692293693155e-17
11.9849424 6.240107023544887e-17
11.9965382 5.964058530076668e-17
12.0081577 5.786863482248166e-17
12.0197992 6.707605934884893e-17
12.0314627 5.828038946166056e-17
12.0431499 6.249746930785866e-17
12.0548592 5.5088056803604264e-17
12.0665913 5.5361497078509674e-17
12.0783463 1.0349558673995147e-16
12.0901241 8.238774251402245e-17
12.1019258 5.671574437751254e-17
12.1137495 1.7036074237035114e-16
12.125597 8.940099675904211e-15
12.1374674 1.5330061154302327e-14
12.1493607 3.3785462344331e-16
12.1612778 2.1164170810939085e-16
12.1732178 1.5905501673238857e-16
12.1851816 2.144606519958869e-16
12.1971693 5.69227995990005e-17
12.2091808 7.27335845746121e-17
12.2212152 5.899247122619706e-17
12.2332735 5.739765045693328e-17
12.2453556 6.577632125383239e-17
12.2574615 1.1969552074578744e-16
12.2695923 7.51109707203063e-15
12.2817459 6.542451861255011e-17
12.2939243 5.6772078317818e-17
12.3061266 1.9040892015434756e-16
12.3183537 6.055899386147175e-17
12.3306046 1.5105320326233876e-16
12.3428802 5.913716853746707e-17
12.3551798 2.5365391820980055e-16
12.3675041 5.68787285370026e-17
12.3798532 2.0586529452205313e-16
12.3922272 1.0376337024768063e-15
12.4046249 5.744603647309097e-17
12.4170485 7.527082063838401e-17
12.4294968 1.6171489441562603e-15
12.4419699 7.860869192725748e-17
12.4544678 2.412762691070081e-16
12.4669914 8.507642593833449e-17
12.4795399 6.361267162341764e-17
12.4921141 5.737031774147712e-17
12.5047131 6.233539965637025e-17
12.5173378 1.2445156990555503e-16
12.5299873 6.28714985507441e-17
12.5426636 1.0836538252015945e-15
12.5553646 3.903885934029525e-16
12.5680923 5.970847967032057e-17
12.5808449 1.168843378763538e-16
12.5936241 6.145759517802456e-17
12.6064291 6.300799773046029e-17
12.6192598 5.982526389776021e-17
12.6321173 6.214213962247731e-17
12.6450005 1.0816447215764662e-16
12.6579103 4.940473828266841e-16
12.670846 5.927600205399199e-17
12.6838083 5.959585207497018e-17
12.6967974 6.953641242688848e-16
12.7098131 6.228199188568507e-17
12.7228556 6.297260468760947e-17
12.7359247 6.942823231426551e-17
12.7490215 1.2834608388773622e-16
12.7621441 6.964516731579387e-17
12.7752943 7.751447633125415e-17
12.7884712 6.943143667649796e-17
12.8016758 7.29467112347891e-17
12.8149071 1.5579840972846498e-16
12.828167 8.545721955872146e-17
12.8414536 2.1969906972610308e-16
12.8547668 6.629253471201512e-17
12.8681087 9.766753862131935e-17
12.8814783 7.342497317373177e-17
12.8948755 6.169437097395062e-17
12.9083014 1.0258559232678746e-16
12.9217539 1.1090276670786188e-16
12.935235 1.0274867264357002e-16
12.9487448 9.452200867591625e-17
12.9622822 8.625774464930101e-17
12.9758482 6.453789370598381e-17
12.9894428 7.051431282964314e-17
13.0030661 7.255618437150772e-17
13.016717 1.6437471962855837e-16
13.0303974 6.817173952548419e-17
13.0441065 6.161177660611546e-17
13.0578442 7.275129323355183e-17
13.0716114 7.133297129955492e-17
13.0854073 8.315616270207787e-17
13.0992317 8.32803005559121e-17
13.1130867 6.084664661370193e-17
13.1269703 5.994188554327194e-17
13.1408834 8.986547200608157e-17
13.1548262 6.544618634489849e-16
13.1687975 6.050543387056761e-17
13.1828003 6.25457289189106e-17
13.1968317 6.157212364578457e-17
13.2108936 6.214919173109892e-17
13.2249851 1.1144301544148684e-16
13.2391062 7.34386801915498e-17
13.2532587 7.792633660829919e-17
13.2674408 7.309660363350837e-17
13.2816534 6.967008688720393e-17
13.2958965 1.168157686573295e-16
13.3101702 8.749658416189928e-17
13.3244743 4.1628676703148343e-16
13.338809 6.401918982419893e-17
13.3531752 2.5797431548742275e-16
13.3675728 7.090404335561072e-17
13.382 3.7972066989937637e-16
13.3964596 7.650189577426279e-17
13.4109497 2.269467447409957e-16
13.4254723 1.5709515032988727e-16
13.4400253 9.213185156108766e-15
13.4546099 5.772446942843267e-16
13.4692268 5.040661253952515e-16
13.4838753 3.5171020641142965e-16
13.4985561 4.2802919949826427e-16
13.5132685 7.303651610968833e-16
13.5280123 8.264309482550305e-17
13.5427895 9.975325123270103e-17
13.5575981 1.6021691005716419e-15
13.5724392 8.629642896775916e-17
13.5873137 7.3117076205066e-17
13.6022196 1.126450486237763e-16
13.6171589 6.649097558097775e-17
13.6321316 2.8340241184714615e-16
13.6471367 2.4008029442255485e-16
13.6621742 8.737878835940595e-17
13.6772461 1.3353068305885995e-16
13.6923504 5.18648776133331e-15
13.707489 2.643970629386112e-16
13.7226601 6.414694279185112e-17
13.7378654 6.046527435544694e-17
13.7531042 1.3261735921662965e-16
13.7683773 7.166021854630098e-17
13.7836838 6.284975426749194e-16
13.7990246 3.7785062198350333e-16
13.8143997 8.608321689790946e-17
13.8298092 4.085851834115971e-15
13.845252 1.4308956930206737e-16
13.8607311 6.362542783185496e-17
13.8762436 1.124784209325207e-16
13.8917913 9.771535742012356e-16
13.9073734 1.954853546010154e-16
13.9229908 8.06865951762676e-17
13.9386435 1.0576947739764785e-16
13.9543314 5.790289634245193e-16
13.9700546 7.91192674551964e-17
13.9858131 7.98753389146671e-17
14.0016079 1.0486552111798834e-16
14.0174379 2.1226332346885726e-16
14.0333033 1.329380423318189e-16
14.0492058 8.561586437784795e-16
14.0651436 1.3195881666435175e-16
14.0811176 6.12817607449985e-16
14.0971279 1.7027820177934061e-16
14.1131744 1.3441588904677137e-16
14.1292582 1.761837654299806e-16
14.1453781 1.6710646847092035e-16
14.1615353 2.2072066102974172e-16
14.1777287 6.451400134089103e-17
14.1939592 8.48434764717366e-17
14.210228 7.900153080994224e-15
14.2265329 7.177448431608525e-17
14.2428761 4.48959809840061e-17
14.2592573 1.6488362856148144e-15
14.2756748 6.944901279929684e-17
14.2921314 5.0785434147387335e-17
14.3086252 4.248972592192427e-17
14.3251572 4.4745277567733736e-17
14.3417282 9.18427323147779e-16
14.3583364 4.502570086511899e-17
14.3749838 2.0239348518262146e-15
14.3916702 4.579839530930883e-16
14.4083948 2.0522980004131274e-16
14.4251585 4.4242740144186606e-16
14.4419613 4.3348056921501343e-16
14.4588032 8.464142752523218e-16
14.4756851 1.1108695120483318e-16
14.4926052 4.591284344207819e-17
14.5095654 6.239222649866167e-17
14.5265656 1.8752258896830497e-15
14.5436058 4.8145593031593324e-17
14.5606861 4.510877228273286e-16
14.5778065 8.25753423121933e-16
14.5949669 6.013097287955674e-17
14.6121674 2.255273367530035e-16
14.6294088 5.70902903261775e-16
14.6466913 6.583583696396979e-17
14.6640139 4.0988847410124837e-16
14.6813784 2.2334467332579256e-16
14.6987839 8.283108949494929e-17
14.7162304 4.448239199838533e-17
14.7337189 1.390970386687339e-16
14.7512484 3.4250336782327143e-16
14.7688198 7.120499646252076e-17
14.7864332 5.935355749061188e-17
14.8040886 6.417526305197733e-17
14.8217859 1.0112688785201592e-15
14.8395262 4.529565909149773e-17
14.8573084 4.7244213036953346e-17
14.8751345 2.1374291869704114e-16
14.8930025 3.125622587142008e-16
14.9109135 1.117699964647554e-16
14.9288673 5.640491136411285e-17
14.9468651 2.11253128671618e-15
14.9649057 3.5487768780168997e-16
14.9829903 5.412686303110454e-17
15.0011187 7.999137067061869e-17
15.0192909 4.18433671897487e-14
15.0375071 5.985443546162464e-17
15.0557671 2.459511613541235e-15
15.0740719 3.5007834152132083e-16
15.0924215 6.45531042478363e-17
15.110816 6.119344664056509e-17
15.1292553 6.219807934066248e-17
15.1477394 6.732842681586449e-17
15.1662683 5.458747100297025e-16
15.1848431 2.0349314265737872e-15
15.2034636 1.7775585318326469e-16
15.2221298 1.4814835550445525e-16
15.2408409 1.0706891458687828e-16
15.2595997 1.2903139496488667e-14
15.2784033 4.766667384153462e-17
15.2972546 6.223515591738094e-17
15.3161516 1.1337472090014176e-16
15.3350954 1.2900580491283416e-16
15.3540859 3.888963694929494e-16
15.3731241 3.723694577748057e-16
15.3922091 8.474311557437135e-16
15.4113417 4.0944308777032004e-16
15.430522 1.8717452987919186e-16
15.4497499 3.053043015534975e-15
15.4690266 5.527166337196338e-17
15.4883509 6.487573808950138e-16
15.5077229 3.1072785070647687e-16
15.5271444 1.5156786869087596e-16
15.5466137 7.528971819865743e-17
15.5661325 6.551285090438031e-17
15.5857 7.121634984008813e-17
15.6053171 5.979477049990876e-17
15.6249838 2.264201760285261e-15
15.6447001 3.7332604619935894e-16
15.6644659 7.316661042838848e-17
15.6842813 5.2411445822167564e-17
15.7041483 1.0461455131158937e-16
15.7240639 4.706150822378915e-17
15.744031 2.5644553318906982e-16
15.7640495 3.9426715461560565e-16
15.7841177 6.498452414733912e-17
15.8042383 4.573150464727392e-17
15.8244095 1.3787615863826665e-15
15.8446321 5.4298612584921394e-17
15.8649073 8.95918122110005e-16
15.8852339 5.22904624264112e-17
15.905612 5.761951698267811e-17
15.9260435 5.354192891085405e-16
15.9465275 4.7706355468791834e-17
15.9670639 6.307910845482695e-17
15.9876528 6.892770523523526e-16
16.0082951 7.118251296035048e-15
16.0289917 5.905969170650213e-17
16.0497417 3.597118033461395e-16
16.0705452 3.649281960416572e-15
16.0914021 5.659119478597509e-17
16.1123123 2.991327826896308e-16
16.1332798 4.374918308862666e-17
16.1542988 8.300298074782652e-16
16.175375 5.106011531120317e-17
16.1965065 5.202022541397961e-17
16.2176914 4.850640965254843e-17
16.2389336 6.106219690073387e-16
16.2602291 4.6200839546917314e-17
16.2815819 1.3905394378222792e-16
16.3029919 4.8298409106788204e-17
16.3244572 3.17284187636257e-16
16.3459797 7.549622585577329e-16
16.3675575 8.309862230457106e-17
16.3891945 5.3946369140011273e-17
16.4108868 4.073550271907441e-17
16.4326382 4.196150950221886e-17
16.4544468 8.594617149382034e-17
16.4763126 7.90979834734982e-17
16.4982376 4.774690843995215e-17
16.5202198 4.305922675015705e-17
16.5422611 4.2983867332214855e-17
16.5643616 1.2705608253800096e-15
16.5865231 5.1884649193435514e-17
16.6087418 4.80044055728265e-17
16.6310196 7.704378106258418e-16
16.6533585 6.435280265814279e-17
16.6757565 2.332877984316924e-16
16.6982155 5.1071173180220746e-17
16.7207355 4.654472241570003e-17
16.7433167 8.116060700497681e-17
16.7659569 6.292611283601724e-17
16.78866 2.096904789272969e-14
16.8114243 1.0218997157449114e-16
16.8342495 9.040935815673722e-17
16.8571396 6.409893698810936e-17
16.8800888 1.0565319818496681e-16
16.9031029 9.901067554109362e-17
16.926178 4.0847357255226416e-17
16.9493179 9.650802078575274e-17
16.9725189 7.051808473728162e-17
16.9957848 1.5556075162563414e-16
17.0191154 1.0035776909024844e-16
17.0425091 2.700101300646993e-14
17.0659676 1.1367364414730212e-16
17.0894909 2.325572651002741e-14
17.1130791 5.465378710516387e-17
17.1367321 8.87220657052942e-17
17.16045 1.0907026073840021e-16
17.1842346 9.432406623672831e-17
17.208086 2.1026722718724924e-16
17.2320023 5.938810644221632e-17
17.2559853 1.5390681459944725e-16
17.280035 6.163246067082366e-17
17.3041534 5.0885511968834845e-17
17.3283386 7.854895596804728e-17
17.3525906 9.579774489241228e-17
17.3769112 4.9766097654531774e-17
17.4012985 3.581703889818031e-16
17.4257565 1.8479967854210406e-16
17.4502831 6.050570623950123e-17
17.4748783 7.867022558271195e-17
17.4995422 1.5707718912789575e-16
17.5242767 8.732851292875382e-17
17.5490818 4.91202998150217e-17
17.5739555 5.955971908289547e-17
17.5989017 1.1763746828783503e-16
17.6239166 1.5962892390720573e-15
17.6490059 1.1618676852577557e-16
17.6741638 8.27193097695365e-17
17.6993942 7.16633302616538e-17
17.7246971 7.217815999973987e-17
17.7500725 5.159078352376674e-17
17.7755222 2.593188572888042e-16
17.8010426 1.2196603528737188e-16
17.8266373 4.104831944058599e-17
17.8523064 8.199225757625152e-17
17.8780479 4.200696310400804e-17
17.9038639 4.8094520788087546e-17
17.9297562 4.32520975022238e-17
17.9557228 4.453811551806955e-17
17.9817638 4.8309370162777367e-17
18.0078812 4.1355828135916714e-17
18.0340748 6.869370510521486e-17
18.0603447 5.828313036575928e-17
18.0866909 4.1657096121865774e-17
18.1131134 9.524278010520064e-17
18.1396141 4.41765532131412e-17
18.166193 9.293343527400185e-17
18.1928482 4.079191574097833e-17
18.2195835 4.963386144783166e-17
18.246397 6.880165802267714e-17
18.2732887 4.381979235419974e-17
18.3002605 3.8725923997824693e-17
18.3273125 4.642422230626434e-17
18.3544426 3.7695673897212154e-17
18.3816547 4.178052274970481e-17
18.4089489 4.117804512610797e-17
18.4363213 1.2689463062827437e-16
18.4637775 5.062510289813243e-17
18.4913158 3.826088599786877e-17
18.5189342 1.7517328278378955e-16
18.5466366 6.355430351438005e-17
18.5744228 2.851072027320192e-16
18.6022911 3.649741445235716e-17
18.6302433 5.373684298665003e-16
18.6582794 3.601948052475427e-17
18.6864014 6.965778766277852e-17
18.7146072 3.9028242277616677e-17
18.742897 1.1207943950243645e-16
18.7712746 4.4705689555909185e-17
18.7997379 7.106350667210861e-17
18.8282871 4.2024387553515e-17
18.8569221 9.667226759075205e-17
18.8856468 5.5330166398066485e-17
18.9144573 3.6320121411656545e-17
18.9433575 1.6538431624719592e-16
18.9723434 2.17765467777905e-14
19.001421 2.3367380530650975e-16
19.0305862 1.9326196133148004e-16
19.0598412 1.7244227526758404e-16
19.0891876 4.417121327369076e-17
19.1186237 9.116803488249889e-17
19.1481495 3.825187733315267e-17
19.1777687 4.684741753575192e-17
19.2074776 5.710095687788181e-17
19.2372799 3.8052328880351915e-17
19.2671757 3.8865669381818544e-17
19.297163 7.838264498547571e-17
19.3272438 6.77435801894847e-17
19.35742 7.364517126973226e-17
19.3876896 9.066106050351155e-17
19.4180546 4.4977296324651004e-17
19.448513 4.1860726901745074e-17
19.4790688 4.264495347740187e-17
19.5097198 4.13433309860866e-17
19.5404682 4.550823166901925e-17
19.5713139 1.2806402918707898e-16
19.6022568 5.85667674547859e-17
19.633297 6.980740873419303e-17
19.6644363 4.782079836198957e-17
19.6956749 5.0527708050716905e-17
19.7270126 4.309611190472359e-17
19.7584496 4.5477952130459835e-17
19.7899876 9.652028083904041e-17
19.8216267 1.1436634744330618e-16
19.8533669 4.298400798047184e-17
19.8852081 7.534713374062513e-17
19.9171524 6.00442057118218e-17
19.9491997 4.3038168087028164e-17
19.9813499 4.1119861904012465e-17
20.0136051 5.91288922538787e-17
20.0459633 4.7109308231626e-17
20.0784264 4.9685263553766e-17
20.1109943 4.350820617996097e-17
20.1436691 4.59418315631457e-17
20.1764488 4.535103552278934e-17
20.2093372 5.86439050371503e-17
20.2423306 4.2213477939531666e-17
20.2754345 4.7507418472151366e-17
20.3086452 5.182807335174129e-17
20.3419666 4.939807355618954e-17
20.3753948 4.125256052070336e-17
20.4089355 6.884707469663653e-17
20.442585 7.110751693399222e-17
20.476347 5.115547622391243e-17
20.5102196 5.271645901822063e-17
20.5442066 6.106289720576695e-17
20.5783043 4.594496531686185e-17
20.6125164 8.210672334858941e-17
20.646841 4.8770003810605195e-17
20.681282 7.158067369693474e-17
20.7158375 6.000981928950435e-17
20.7505074 4.886439989350048e-17
20.7852955 6.066762204678374e-17
20.8201981 4.631730534504725e-17
20.8552208 6.961611253504724e-17
20.8903599 6.752976047777834e-17
20.9256172 2.425102372618587e-16
20.9609947 1.5260552653510512e-16
20.9964924 5.788256947373061e-17
21.0321102 5.046703494113856e-17
21.0678482 4.094541401770944e-17
21.1037083 5.605336242048889e-17
21.1396904 1.5286494274118027e-16
21.1757965 4.5406788550553937e-17
21.2120247 4.520506373792049e-17
21.2483788 1.3331285221447667e-16
21.2848568 4.491153661569403e-17
21.3214607 1.181410290241814e-16
21.3581886 4.546701890674163e-17
21.3950462 4.794915913001258e-17
21.4320297 2.6698147158337625e-16
21.469141 5.946037057991579e-17
21.506382 5.507175696795071e-17
21.5437508 4.515390332050707e-17
21.5812511 4.569012540901483e-17
21.6188831 1.954754445520475e-15
21.6566448 6.7165260533723e-17
21.69454 5.2228843612338884e-17
21.7325668 6.872943181290406e-17
21.7707272 5.3350102355815585e-17
21.8090229 2.8325903948803205e-16
21.8474522 4.301447486524542e-17
21.8860188 4.684688594119818e-17
21.9247208 4.373121446518271e-17
21.9635601 5.633765408402737e-17
22.0025368 7.300497089223542e-17
22.0416527 6.91450919302805e-17
22.0809078 9.940224221683139e-16
22.1203022 9.624825511060765e-17
22.1598377 1.1909125234491727e-16
22.1995163 5.87691540786975e-17
22.239336 4.582678915440011e-17
22.2792988 4.361895535547329e-17
22.3194046 4.729301160344198e-17
22.3596573 4.7152262971961655e-17
22.400053 5.3454176183174235e-17
22.4405975 6.15502641062418e-17
22.481287 4.522627971798224e-17
22.5221252 4.517131829642785e-17
22.5631123 4.3097652832002685e-17
22.604248 5.42127460250931e-17
22.6455345 5.633262807519172e-17
22.6869717 5.0395903652679414e-17
22.7285614 3.428983821650966e-16
22.7703037 5.502218900456155e-17
22.8121986 1.1888291145383356e-16
22.85425 5.103321826515656e-17
22.8964558 5.668888564925791e-17
22.9388161 4.860290435620437e-17
22.9813347 4.9817378193469304e-17
23.0240116 1.2850866537631373e-16
23.0668468 4.141027900744461e-17
23.1098423 4.506953029296861e-17
23.152998 5.0008840718639845e-17
23.1963158 4.9125693861236095e-17
23.2397957 5.220655364323827e-17
23.2834377 5.538554837759085e-17
23.3272457 4.494657062426517e-17
23.3712177 4.3763084977666393e-17
23.4153557 4.467175935457308e-17
23.4596615 5.0026712482694194e-17
23.5041351 1.3605546191785644e-16
23.5487766 7.86208090533235e-17
23.5935898 1.2421772073320622e-16
23.6385727 4.0871684076808277e-17
23.6837273 4.228881080270313e-17
23.7290554 3.941564073790239e-17
23.7745571 4.280861479074545e-17
23.8202324 7.492171851374007e-17
23.8660851 4.650362263475206e-17
23.9121151 4.994545740801406e-17
23.9583206 5.3445867641524484e-17
24.0047073 4.441322262112381e-17
24.0512733 8.781921757245395e-17
24.0980206 1.3268787197459675e-16
24.144949 1.5875073768412132e-16
24.1920624 6.768303276244884e-17
24.239357 9.066661384744907e-17
24.2868404 1.0340095340347234e-16
24.334507 5.234886065421776e-17
24.3823624 4.413417183530792e-17
24.4304066 8.745374391046465e-17
24.4786415 3.9688208486068206e-17
24.5270653 6.221516464367728e-17
24.5756836 5.774893893007081e-17
24.6244926 4.178145540409641e-17
24.6734962 4.2995017698328765e-17
24.7226963 1.434634927698154e-16
24.7720928 8.960847990098785e-16
24.8216858 4.773188782416377e-17
24.871479 9.646392731724816e-17
24.9214725 5.67745674735508e-17
24.9716663 1.4274873015191697e-16
25.0220642 5.620309300769851e-17
25.0726643 4.5760363918027865e-17
25.1234703 4.345930178021471e-17
25.1744823 4.684202790141075e-17
25.2257023 3.928730515759792e-17
25.2771301 3.814252490735942e-17
25.3287697 4.008341197765394e-17
25.380619 4.766485749498193e-17
25.432682 3.897122365484005e-17
25.4849586 9.54730097360067e-17
25.5374527 8.224134204143572e-17
25.5901604 5.48714816091248e-17
25.6430874 4.720860280793583e-17
25.6962337 9.58170382493922e-17
25.7496014 5.892811981913735e-17
25.8031902 5.722068805799639e-17
25.8570042 5.531315669938241e-17
25.9110413 5.414743532595384e-17
25.9653053 5.805586465505391e-17
26.0197964 1.0568953300859925e-16
26.0745182 3.719305921026525e-17
26.1294708 4.410801731627346e-17
26.1846542 3.535656833912303e-17
26.2400703 3.6798813565002934e-17
26.295723 7.559637810039265e-17
26.3516121 8.187415645251693e-17
26.4077396 3.9741504885860634e-17
26.4641056 4.6001718448032625e-17
26.5207138 4.5241631282826664e-17
26.5775642 4.576764354979044e-17
26.6346588 4.613368099225727e-17
26.6919994 5.2179331421103303e-17
26.749588 3.8036440022232754e-17
26.8074245 4.1535901792641046e-17
26.8655128 4.655697746054242e-17
26.9238529 3.8741418406623324e-17
26.9824467 1.000560314186242e-16
27.041296 1.6328913816086417e-16
27.1004028 3.802546383828947e-17
27.1597691 4.062099228854954e-17
27.2193947 3.963740650943554e-17
27.2792835 3.5215570385404964e-17
27.3394375 3.8227140079464034e-17
27.3998566 4.783495920579084e-17
27.4605427 1.2140761100934915e-16
27.5214977 6.243243311203361e-17
27.5827255 4.250430064626254e-17
27.6442261 5.236048614539408e-17
27.7060013 3.387511184365851e-17
27.7680531 6.242244971162257e-17
27.8303833 3.893686520753561e-17
27.8929939 6.34130648825652e-17
27.9558868 6.340036103867512e-17
28.0190639 4.5694847942822144e-17
28.0825272 3.651006132410112e-17
28.1462784 3.38303398366444e-17
28.2103195 5.4190799973034445e-17
28.2746544 3.6773718268988797e-17
28.339283 1.0273974539772095e-16
28.4042053 4.032151349449084e-17
28.469429 1.6063175079495963e-16
28.5349503 3.8921010767330835e-17
28.6007748 3.136523386134421e-17
28.6669044 3.498257293970895e-17
28.7333412 3.382982317605962e-17
28.8000851 5.4979163036553444e-17
28.8671398 3.9985294859961474e-17
28.9345074 5.189993291454709e-17
29.0021915 3.302564588687546e-17
29.0701923 3.496065370992402e-17
29.1385117 7.387910780270538e-17
29.2071533 6.351753840680804e-17
29.2761211 3.6294662433761284e-17
29.3454132 3.335820211386767e-17
29.4150352 4.2427734506475134e-17
29.4849873 6.028759932723396e-17
29.5552731 8.821333030005821e-17
29.6258965 5.733937207871643e-17
29.6968555 3.877546070008531e-17
29.768158 3.6141644185873495e-17
29.8398018 5.813786834255489e-17
29.9117928 3.1432851339166746e-17
29.9841309 3.7219632253865527e-17
30.0568199 3.423723428336293e-17
30.1298618 3.163937260356508e-17
30.2032604 3.13160107954568e-17
30.2770157 2.9750220354868524e-17
30.3511333 3.7676454847948084e-17
30.4256153 1.7597836365498067e-16
30.5004635 1.0153640549430413e-16
30.5756817 3.152563407850371e-17
30.6512699 3.1339868332774007e-17
30.7272339 2.853685649946881e-17
30.8035755 3.4958904420720054e-17
30.8802967 3.2505575632902444e-17
30.9574013 3.358264079453332e-17
31.0348911 7.664560056873762e-17
31.112772 3.1336687318875484e-17
31.1910419 3.149400682229267e-17
31.2697086 3.614627821425088e-17
31.348772 4.1545807977149614e-17
31.4282379 3.6064522711201385e-17
31.5081062 3.217887874648352e-17
31.5883827 2.824922286594208e-17
31.6690674 3.65520121284848e-17
31.7501659 3.62905372263062e-17
31.8316822 3.113562326897197e-17
31.9136181 4.916717942178448e-17
31.9959755 4.783164872597815e-17
32.0787582 3.491218904219947e-17
32.161972 7.431381578872934e-17
32.2456207 7.000412104726733e-17
32.3297005 3.137657446447785e-17
32.4142265 1.2553286659201695e-16
32.4991913 3.1102373099404484e-17
32.5846024 2.1423394519771424e-16
32.6704636 3.454394919182268e-17
32.7567787 2.9214956468889555e-17
32.8435555 3.4999341043223536e-17
32.9307861 7.186510741628055e-17
33.018486 3.5549209967454835e-17
33.1066551 2.9858959566533513e-17
33.1952934 3.5109500303085225e-17
33.2844086 4.4795880781830316e-17
33.3740044 6.645878310733691e-17
33.4640808 3.164047189107942e-17
33.5546494 1.1816495550914885e-16
33.6457062 2.978093217999918e-17
33.7372589 5.701651759476515e-16
33.8293114 5.304417632931697e-17
33.9218674 6.142401658049655e-17
34.0149345 3.328647661477557e-17
34.1085091 2.7211962394771927e-17
34.2026024 2.5995306349190687e-17
34.2972145 2.5599268263554003e-17
34.3923531 2.6154425300128814e-17
34.4880219 2.7227732408927314e-17
34.5842209 2.5898746333023155e-17
34.6809616 2.745001768463118e-17
34.778244 2.4859388586115584e-17
34.8760757 4.258484191219593e-17
34.9744568 3.230165299233098e-17
35.0733948 5.458866369576515e-17
35.1728935 2.7662061207113735e-17
35.2729568 2.5596937733624836e-17
35.3735962 2.578424626987346e-17
35.4748077 2.7110520882474348e-17
35.5765991 2.4781262784939585e-17
35.678978 3.6075765630174974e-17
35.7819481 3.090998903335823e-17
35.8855171 2.6728737295321426e-17
35.9896851 4.949175186620031e-17
36.0944557 2.6510734828067105e-17
36.1998444 2.6587153735451164e-17
36.3058472 3.1724182914204225e-17
36.4124718 5.086863323881656e-17
36.5197258 5.260617640264499e-17
36.6276131 4.608074009837254e-17
36.7361374 1.2843703087623355e-16
36.8453102 6.118951392574586e-17
36.9551353 3.506309838210422e-17
37.0656128 2.6759696717288017e-17
37.176754 2.5323117372184446e-17
37.2885666 2.887085945553917e-17
37.4010506 2.4372001446317308e-17
37.5142136 2.4743518517279972e-17
37.628067 2.7258984934528436e-17
37.7426147 5.880248340391786e-17
37.8578568 2.3280351048295996e-17
37.9738083 2.697305765298187e-17
38.0904732 2.2943542506525013e-17
38.2078552 2.5307838760525037e-17
38.3259659 2.8314317488454623e-17
38.4448051 2.3431184186644214e-17
38.5643845 2.396235362946662e-17
38.6847115 2.607320653733508e-17
38.8057899 2.490979653220542e-17
38.9276314 2.7769538630782886e-17
39.0502396 2.4804636596660793e-17
39.1736183 2.2105161463934633e-17
39.2977829 2.3723274557369726e-17
39.4227371 2.1170575713830063e-17
39.5484886 2.1664997704815945e-17
39.675045 2.7569590027637776e-17
39.8024139 6.263920471419244e-17
39.930603 2.003657083488023e-17
40.0596199 2.2499375274546855e-17
40.1894722 1.315299732799222e-16
40.3201714 2.4895905007616753e-17
40.4517212 2.168862022006e-17
40.5841331 2.3428498779463032e-17
40.7174149 2.0804006615829952e-17
40.8515778 1.0717702904118736e-16
40.9866219 7.385314019352383e-17
41.1225662 2.6833729212170814e-17
41.2594147 2.452475087837505e-17
41.3971748 2.6041392433288892e-17
41.535862 2.8120451257553017e-17
41.6754799 2.6279799703177333e-17
41.8160362 2.181450150969542e-17
41.9575462 3.9465026475442154e-17
42.1000175 1.8740050235035613e-17
42.2434616 5.557396976472207e-17
42.3878822 2.3236483451172578e-17
42.5332985 2.4283073793489527e-17
42.6797142 2.3202702583405154e-17
42.8271408 2.1042942934706075e-17
42.9755859 1.9576103643340805e-17
43.1250687 2.0272693618396738e-17
43.2755928 3.7886248005807026e-17
43.4271736 2.9201426648402485e-17
43.5798187 2.0519829943600028e-17
43.7335396 4.1902339350570726e-17
43.8883476 2.4179675580199063e-17
44.0442581 8.377716987848532e-17
44.2012787 1.2001572514379922e-16
44.3594246 3.208390089594113e-17
44.5187073 1.7387274024041784e-17
44.6791344 1.786808764635734e-17
44.8407249 2.147019680961086e-17
45.0034866 1.7952754744399503e-17
45.1674347 1.8913704342271406e-17
45.3325806 1.753738147117637e-17
45.4989395 3.822338128143441e-17
45.6665268 6.090142456446903e-17
45.83535 2.2190935856858932e-17
46.0054245 1.9418473401900464e-17
46.1767693 6.248033091496863e-17
46.3493958 4.095840275441305e-17
46.5233154 3.547107811338327e-17
46.6985435 1.3123960130734162e-16
46.8750992 5.040833708061066e-17
47.0529976 3.0444979586319176e-17
47.2322464 2.6919771459689936e-17
47.4128685 1.6724466982047205e-17
47.5948753 1.9644500863389775e-17
47.7782898 1.7745063416146176e-17
47.9631195 2.024770578046001e-17
48.1493835 1.5778411181536984e-17
48.337101 2.2458856480708185e-17
48.5262909 2.0052659740862002e-17
48.7169647 1.54508824888958e-17
48.9091454 2.446542732031737e-17
49.1028442 2.4981864041238998e-17
49.2980881 4.5707472155599124e-17
49.4948883 2.086441844836421e-17
49.693264 1.9342532519016818e-17
49.8932381 4.225952306075918e-17
50.0948296 2.4740398099799735e-17
50.2980576 1.5649170512326767e-16
50.5029373 1.009921765704697e-16
50.7094955 4.4203938047124824e-17
50.9177513 3.6621318128244734e-17
51.1277199 2.9332186392064365e-17
51.3394318 1.914345215359192e-17
51.5529022 1.5547417798370497e-17
51.768158 1.4763161996206792e-17
51.985218 1.5115629204344905e-17
52.2041054 2.1084667461795996e-17
52.4248428 2.0756411205218357e-17
52.6474533 3.053623333529177e-17
52.8719673 3.593976350348954e-17
53.0984001 1.7710167051953864e-17
53.3267822 1.8165088492010647e-17
53.5571404 1.5050477234762006e-17
53.7894936 1.4209535847292336e-17
54.0238724 8.653212630969601e-17
54.2603035 1.4603080419879293e-17
54.4988098 1.603150465789672e-17
54.7394257 1.5186037805728815e-16
54.9821777 2.0600006833455587e-17
55.2270889 1.4369216464933762e-17
55.4741898 1.3074639986630785e-17
55.7235146 1.5031969990870245e-17
55.9750938 1.737356330144945e-17
56.2289505 1.5245221234497304e-17
56.4851227 1.2899613202717947e-17
56.7436371 1.740485431491016e-17
57.004528 1.3160209762475858e-17
57.2678337 1.5747296121677713e-17
57.5335808 1.5802259614106876e-17
57.8018036 5.7128476501942e-17
58.0725403 1.5572130083914988e-17
58.345829 1.6987219805092744e-17
58.6216965 1.3240524399610875e-17
58.9001884 2.1858316262740283e-17
59.1813393 2.47205754671797e-17
59.4651833 3.338287819436905e-17
59.7517662 1.4677734459685728e-17
60.0411263 1.344190123212202e-17
60.3333015 1.1551516078754582e-17
60.6283302 1.4868422292495207e-17
60.9262619 1.1989055413267199e-17
61.2271385 1.4597706465421038e-17
61.5309982 1.2875533488307524e-17
61.8378906 1.2411835738453794e-17
62.1478577 1.2079320698958304e-17
62.4609489 1.0536637202533547e-17
62.7772102 6.528841733598946e-17
63.0966911 2.0506984125951972e-17
63.4194412 3.065700108291959e-17
63.7455101 1.1889873245309413e-16
64.0749512 1.804412740161352e-17
64.4078064 9.864101001442e-18
64.7441483 1.096300171546965e-17
65.0840149 9.703904793012901e-18
65.427475 1.5177125342804114e-17
65.7745743 2.531575094166678e-17
66.1253738 7.427840412629036e-17
66.4799423 1.0339273684911987e-16
66.8383255 1.025497875748767e-17
67.2005997 1.3643545220399016e-17
67.5668182 1.2988605707679289e-17
67.9370575 1.395104183096089e-17
68.3113708 8.59030679800923e-18
68.6898346 1.056960688748025e-17
69.0725098 9.303513602854848e-18
69.4594803 8.377413968413448e-18
69.8508072 3.646967196903118e-17
70.2465668 9.60566362653976e-18
70.646843 8.882376497184309e-18
71.0516968 8.387821513728152e-18
71.4612274 1.0971685135843704e-17
71.8755035 8.407193553541506e-18
72.2946091 8.29273200019259e-18
72.7186279 7.869139793135e-18
73.1476593 8.482829415701624e-18
73.5817719 1.995082844252322e-17
74.0210724 7.720363584119749e-18
74.4656525 1.247481668874653e-17
74.9156036 8.645249902213812e-18
75.3710327 8.623492545741308e-18
75.8320236 1.4406167569012648e-17
76.2986908 1.861422105122664e-17
76.7711334 1.2380836712104897e-17
77.2494736 7.499981326952941e-18
77.7338028 7.998437456128629e-18
78.2242432 9.421592141324373e-18
78.7209167 7.250471006909405e-18
79.223938 7.006272534608731e-18
79.733429 6.614120894914023e-18
80.2495117 7.778463226913513e-18
80.7723236 7.187784298368684e-18
81.3019867 6.587123170220421e-18
81.8386459 7.507443630141026e-18
82.3824387 6.3038577404861135e-18
82.9335022 9.257825815334252e-18
83.4919891 6.398550693399182e-18
84.0580521 5.7353798401173534e-18
84.6318359 5.6809342999384045e-18
85.2135162 5.49337281486031e-18
85.8032379 6.61859831280923e-18
86.4011841 6.300749404711509e-18
87.0075226 5.4457778660094206e-18
87.6224365 5.965777301573064e-18
88.2461014 1.3415741610991604e-17
88.8787003 6.8409823848268695e-18
89.5204391 7.757226652241703e-18
90.1715164 1.166967796980895e-17
90.8321304 1.2450485610931662e-17
91.5024948 9.08862405870634e-18
92.1828308 1.8663224610011928e-17
92.8733597 4.995675013919746e-18
93.5743103 1.253128907796998e-16
94.2859268 5.075694776412799e-18
95.0084457 4.3954693021375985e-18
95.7421188 4.9033364794955505e-18
96.4872208 5.493087359808152e-18
97.2440033 5.107126284708196e-18
98.0127563 9.390734580015057e-18
98.7937546 6.466220465597454e-18
99.5873032 4.851687934603285e-18
100.393707 5.667868737855801e-18
101.213272 1.45903339743437e-17
102.046333 9.616851113047345e-18
102.893219 1.0058246460723228e-17
103.75428 3.266528319349778e-17
104.629875 4.137600073230592e-18
105.520378 3.853774779639493e-18
106.426163 5.421381919863377e-18
107.347641 3.656633479954917e-18
108.28521 1.8326672026306984e-17
109.239296 3.541722952183137e-18
110.21035 4.972193821993875e-18
111.198822 2.9788178025960984e-18
112.205193 4.254436333039544e-18
113.229935 2.9422395928129264e-18
114.273575 3.1756699531138033e-18
115.336632 3.424766419188077e-18
116.419655 2.7972975942181625e-18
117.523209 3.027598402338073e-18
118.647881 2.905554540017554e-18
119.794289 5.629174912136441e-18
120.963074 2.3089318421899115e-18
122.154884 3.0643879402521597e-18
123.370415 2.94732870418569e-18
