WAVELENGTH FLUX
5.0 6.395999994825846e-15
5.001999855041504 6.40143921689664e-15
5.004000186920166 6.402877902357551e-15
5.00600004196167 6.408309924648293e-15
5.007999897003174 6.413738135290772e-15
5.010000228881836 6.419161687252041e-15
5.01200008392334 6.424581004048574e-15
5.013999938964844 6.426006984015277e-15
5.015999794006348 6.431419524548232e-15
5.01800012588501 6.436827406399977e-15
5.019999980926514 6.442231053086986e-15
5.0229997634887695 6.442365307809126e-15
5.025000095367432 6.447761331199609e-15
5.0269999504089355 6.4531531194253564e-15
5.0289998054504395 6.4585406724863674e-15
5.031000137329102 6.459948441244704e-15
5.0329999923706055 6.469302649597707e-15
5.034999847412109 6.490566141189105e-15
5.0370001792907715 8.747270282779586e-15
5.039000034332275 2.7199840687067156e-13
5.040999889373779 2.2067049725601855e-14
5.043000221252441 3.953599126142911e-14
5.045000076293945 1.2190287265680024e-14
5.046999931335449 1.2760055836111891e-14
5.048999786376953 3.5393146340144746e-14
5.051000118255615 6.751138463236472e-15
5.052999973297119 6.590144605017742e-15
5.054999828338623 6.5242335832600955e-15
5.057000160217285 6.584931964260339e-15
5.059000015258789 9.25083984025174e-15
5.060999870300293 1.2171507698206449e-14
5.063000202178955 3.185858288333801e-14
5.065000057220459 1.200394848761355e-14
5.066999912261963 6.015393532680241e-14
5.068999767303467 9.019530388949641e-15
5.071000099182129 7.233286980989038e-15
5.072999954223633 7.163414386137084e-15
5.074999809265137 6.715270853084989e-15
5.077000141143799 6.996257516194131e-15
5.079999923706055 6.736220518969429e-15
5.081999778747559 6.639118355962091e-15
5.084000110626221 1.3103855497974097e-14
5.085999965667725 1.0798269932030518e-14
5.0879998207092285 9.909590915858565e-15
5.090000152587891 6.510805569947273e-15
5.0920000076293945 1.113904145110629e-14
5.093999862670898 6.533176133600733e-15
5.0960001945495605 6.554160104319537e-15
5.0980000495910645 2.6755590540957115e-14
5.099999904632568 7.313725464825043e-15
5.1020002365112305 1.6961975715049787e-13
5.104000091552734 6.5203761952182995e-15
5.105999946594238 6.5334899593076905e-15
5.109000205993652 6.521824198041631e-15
5.111000061035156 6.5270982486877096e-15
5.11299991607666 6.532368487685526e-15
5.114999771118164 6.537634491518606e-15
5.117000102996826 6.5389876266518446e-15
5.11899995803833 6.5442468542213465e-15
5.120999813079834 6.764303896335646e-15
5.123000144958496 6.562560977090405e-15
5.125 6.579512223947332e-15
5.126999855041504 6.853910664792731e-15
5.129000186920166 6.784948206842601e-15
5.131999969482422 7.548713580217067e-15
5.133999824523926 9.0884297429452e-15
5.136000156402588 6.604361206004458e-15
5.138000011444092 6.582327761464005e-15
5.139999866485596 6.595330564237306e-15
5.142000198364258 6.588875749662755e-15
5.144000053405762 6.594090084486052e-15
5.145999908447266 9.374271175391531e-15
5.1479997634887695 6.60062155554233e-15
5.151000022888184 6.60066009554143e-15
5.1529998779296875 6.605860454321098e-15
5.15500020980835 6.611057424968977e-15
5.1570000648498535 6.612371596586642e-15
5.158999919891357 6.617561367454469e-15
5.160999774932861 6.622747326674033e-15
5.163000106811523 1.1454580705716304e-14
5.164999961853027 6.629235175533528e-15
5.168000221252441 6.6369969619456924e-15
5.170000076293945 6.638298004552675e-15
5.171999931335449 6.639597776610237e-15
5.173999786376953 6.644762136489646e-15
5.176000118255615 6.676970564308991e-15
5.177999973297119 6.6550789977872036e-15
5.179999828338623 6.66409269889541e-15
5.183000087738037 6.667953051552522e-15
5.184999942779541 6.6692380005335065e-15
5.186999797821045 1.3988818580606445e-14
5.189000129699707 6.687223051102557e-15
5.190999984741211 6.680793647516423e-15
5.192999839782715 6.678220784939138e-15
5.195000171661377 6.683349569434763e-15
5.197999954223633 6.687187475718772e-15
5.199999809265137 6.688461413271443e-15
5.202000141143799 6.693579186338753e-15
5.203999996185303 6.698693147757801e-15
5.205999851226807 6.6999615795963145e-15
5.208000183105469 7.0660521840149385e-15
5.210999965667725 6.716561307780131e-15
5.2129998207092285 7.323997433376396e-15
5.215000152587891 6.738255092108734e-15
5.2170000076293945 5.079547486840433e-14
5.218999862670898 6.725426354606094e-15
5.2210001945495605 6.7956331039557404e-15
5.223999977111816 1.8568146355874525e-14
5.22599983215332 6.7661690628854996e-15
5.228000164031982 6.736802007087719e-15
5.230000019073486 6.738049686619025e-15
5.23199987411499 6.743119178808342e-15
5.235000133514404 6.746896098720149e-15
5.236999988555908 6.748138272537297e-15
5.238999843597412 6.753197176814774e-15
5.241000175476074 6.754436386016607e-15
5.243000030517578 6.7594889375469785e-15
5.244999885559082 6.764537677429088e-15
5.248000144958496 6.764481773254569e-15
5.25 6.7695237368731e-15
5.251999855041504 6.770754052228987e-15
5.254000186920166 6.775789663100414e-15
5.25600004196167 6.780821885840052e-15
5.258999824523926 6.780756664303113e-15
5.261000156402588 6.785782110779173e-15
5.263000011444092 6.787003532289114e-15
5.264999866485596 6.792022626018069e-15
5.26800012588501 6.7919514752505e-15
5.269999980926514 6.796963792715877e-15
5.271999835968018 6.798178861478713e-15
5.27400016784668 6.80318524971346e-15
5.276000022888184 6.808187826299944e-15
5.2789998054504395 6.808107781686428e-15
5.281000137329102 6.813103582009334e-15
5.2829999923706055 6.908953406804157e-15
5.284999847412109 2.7296121228115658e-14
5.288000106811523 7.0347958212283075e-15
5.289999961853027 6.831758212123189e-15
5.291999816894531 6.829176032183484e-15
5.294000148773193 6.83415192723213e-15
5.296999931335449 6.837832708904423e-15
5.298999786376953 6.8390261783271046e-15
5.301000118255615 6.843991908980383e-15
5.302999973297119 6.845181990271275e-15
5.304999828338623 7.419415694884593e-15
5.308000087738037 7.042200583253205e-15
5.309999942779541 6.85499063180048e-15
5.311999797821045 6.859939845311287e-15
5.314000129699707 6.864885247173831e-15
5.316999912261963 6.868534688627076e-15
5.318999767303467 7.196841694367528e-15
5.321000099182129 6.904716971518465e-15
5.323999881744385 6.957174992491344e-15
5.326000213623047 7.998498239604468e-15
5.328000068664551 6.959459440350089e-15
5.329999923706055 6.893057986515983e-15
5.333000183105469 6.896681169947863e-15
5.335000038146973 7.381443207859183e-15
5.336999893188477 6.913996640972109e-15
5.339000225067139 6.937628860200504e-15
5.3420000076293945 6.915013080508814e-15
5.343999862670898 6.919910201493365e-15
5.3460001945495605 6.928544855357675e-15
5.348999977111816 7.070480472263184e-15
5.35099983215332 7.284619718691491e-15
5.353000164031982 6.934429193242251e-15
5.355000019073486 6.939308950051383e-15
5.357999801635742 6.942888934802953e-15
5.360000133514404 6.94776106831556e-15
5.361999988555908 6.952629813696378e-15
5.364999771118164 6.952469724469347e-15
5.367000102996826 6.957331693586586e-15
5.36899995803833 6.962190274572037e-15
5.370999813079834 6.967045043909225e-15
5.374000072479248 6.970599194155904e-15
5.375999927520752 6.975446340196567e-15
5.377999782562256 6.9765711999505205e-15
5.38100004196167 1.0302917441179678e-14
5.382999897003174 6.9775219944338135e-15
5.385000228881836 6.9823585525626355e-15
5.388000011444092 8.656273533256056e-15
5.389999866485596 6.987012998607798e-15
5.392000198364258 6.9918398158577266e-15
5.394999980926514 7.254865992353289e-15
5.396999835968018 7.267000586355654e-15
5.39900016784668 7.0457492277857265e-15
5.4019999504089355 7.008515353490322e-15
5.4039998054504395 4.8001479093645605e-14
5.406000137329102 7.025527163202977e-15
5.408999919891357 7.43945310628484e-15
5.410999774932861 7.01903550269522e-15
5.413000106811523 7.023831403242574e-15
5.415999889373779 7.02363362104939e-15
5.418000221252441 7.0284235923661134e-15
5.420000076293945 7.0332101755510475e-15
5.422999858856201 7.036695716128999e-15
5.425000190734863 7.041474676017408e-15
5.427000045776367 7.079417516889664e-15
5.429999828338623 7.300183949097289e-15
5.432000160217285 8.019145514726739e-15
5.434000015258789 7.125506273615665e-15
5.436999797821045 7.073753831087848e-15
5.439000129699707 7.060121259318264e-15
5.440999984741211 7.06120207335896e-15
5.443999767303467 7.0646583913002315e-15
5.446000099182129 7.073081286927728e-15
5.448999881744385 7.219673467460767e-15
5.451000213623047 7.756374718664773e-15
5.453000068664551 9.965157124231395e-15
5.455999851226807 7.368035523337094e-15
5.458000183105469 7.138145699254594e-15
5.460000038146973 7.091574980781605e-15
5.4629998207092285 7.0913416232046365e-15
5.465000152587891 7.264409512570003e-15
5.4679999351501465 7.12509122747151e-15
5.46999979019165 7.100548447824817e-15
5.4720001220703125 7.101608086041832e-15
5.474999904632568 7.105022899368688e-15
5.4770002365112305 7.106079572970388e-15
5.480000019073486 7.109488880583086e-15
5.48199987411499 7.114191607506242e-15
5.484000205993652 7.118890946297609e-15
5.486999988555908 7.125934025254028e-15
5.488999843597412 7.130624893715923e-15
5.492000102996826 7.144938056458626e-15
5.49399995803833 7.43720423380988e-15
5.495999813079834 7.143376974736836e-15
5.499000072479248 7.146754095097539e-15
5.500999927520752 7.155062641277157e-15
5.504000186920166 7.191133539335981e-15
5.50600004196167 7.482745807251955e-15
5.508999824523926 7.166455234417727e-15
5.511000156402588 7.171112221561731e-15
5.513000011444092 7.175766667606893e-15
5.515999794006348 7.17911498884739e-15
5.51800012588501 7.187387112610275e-15
5.520999908447266 7.190726116488352e-15
5.5229997634887695 7.195364468907516e-15
5.526000022888184 7.198696696522015e-15
5.5279998779296875 7.203328272677601e-15
5.53000020980835 7.21519012207095e-15
5.5329999923706055 7.232965955502029e-15
5.534999847412109 7.710930554011633e-15
5.538000106811523 7.266161176704925e-15
5.539999961853027 7.67870010333566e-15
5.543000221252441 9.157495962431369e-15
5.545000076293945 7.23895363140617e-15
5.547999858856201 7.242249436603936e-15
5.550000190734863 7.246847131441633e-15
5.552000045776367 7.255043022239265e-15
5.554999828338623 7.269126639053262e-15
5.557000160217285 7.489652513903867e-15
5.559999942779541 7.838129491700811e-15
5.561999797821045 1.182668143241217e-14
5.565000057220459 8.46361165423833e-15
5.566999912261963 7.544458086690062e-15
5.570000171661377 7.350089436283617e-15
5.572000026702881 7.290021247796132e-15
5.574999809265137 7.293273854313588e-15
5.577000141143799 7.297830044536869e-15
5.579999923706055 7.30465967119058e-15
5.581999778747559 7.309208238117336e-15
5.585000038146973 7.312443903975847e-15
5.586999893188477 7.316985694639025e-15
5.590000152587891 7.320214584233958e-15
5.5920000076293945 7.324749598633558e-15
5.59499979019165 7.327971711964913e-15
5.5970001220703125 7.332499950100935e-15
5.599999904632568 7.335714440135765e-15
5.6020002365112305 7.343806145880885e-15
5.605000019073486 8.260481295025487e-15
5.60699987411499 7.351525157129214e-15
5.610000133514404 7.354723553538046e-15
5.611999988555908 7.359230615850386e-15
5.614999771118164 7.36242223599564e-15
5.617000102996826 7.366921675011455e-15
5.619999885559082 7.370106518893131e-15
5.622000217437744 7.374600028678315e-15
5.625 7.377778096296413e-15
5.626999855041504 7.382263982785072e-15
5.630000114440918 7.385435274139592e-15
5.631999969482422 7.389914384364673e-15
5.635000228881836 7.393078899455615e-15
5.63700008392334 7.397552080450065e-15
5.639999866485596 7.400708972244482e-15
5.64300012588501 7.403863322940057e-15
5.644999980926514 7.40832633953914e-15
5.6479997634887695 7.41147306693819e-15
5.650000095367432 7.415929307273694e-15
5.6529998779296875 7.419069258409166e-15
5.65500020980835 7.423518722481093e-15
5.6579999923706055 7.426652744385934e-15
5.659999847412109 7.431095432194283e-15
5.663000106811523 7.434221830802598e-15
5.665999889373779 7.437345688312072e-15
5.668000221252441 7.441778211725054e-15
5.671000003814697 7.44489529297095e-15
5.672999858856201 7.449321040120353e-15
5.676000118255615 7.452431345102671e-15
5.677999973297119 7.456851163021444e-15
5.681000232696533 1.166343904053166e-13
5.684000015258789 7.473610556915818e-15
5.685999870300293 7.467463638817593e-15
5.689000129699707 8.915451215555769e-15
5.690999984741211 7.481989406830057e-15
5.693999767303467 7.478047315493536e-15
5.696000099182129 7.482443416489785e-15
5.698999881744385 7.48552407531895e-15
5.702000141143799 7.488600498983377e-15
5.703999996185303 7.492987282617207e-15
5.706999778747559 7.496057777051004e-15
5.709000110626221 7.500437784421256e-15
5.711999893188477 7.503501502591475e-15
5.715000152587891 7.506561832629904e-15
5.7170000076293945 7.510932522637737e-15
5.71999979019165 7.513986076412588e-15
5.7220001220703125 7.518349990156842e-15
5.724999904632568 7.521397614701063e-15
5.728000164031982 7.524441004080548e-15
5.730000019073486 7.525305824719695e-15
5.732999801635742 7.528344978934443e-15
5.736000061035156 7.531380745017403e-15
5.73799991607666 8.828859884390909e-15
5.741000175476074 8.183243748697156e-15
5.743000030517578 7.550061209636149e-15
5.745999813079834 7.549599576679895e-15
5.749000072479248 7.549138790756589e-15
5.750999927520752 7.556946740464379e-15
5.754000186920166 7.559957942591868e-15
5.756999969482422 7.608129553335168e-15
5.758999824523926 3.2439661037681616e-14
5.76200008392334 7.747309772063258e-15
5.764999866485596 7.573286853049862e-15
5.767000198364258 7.581064309571551e-15
5.769999980926514 7.590988147581582e-15
5.7729997634887695 7.593972244654759e-15
5.775000095367432 7.59480487804191e-15
5.7779998779296875 7.59778473995035e-15
5.781000137329102 7.600761213727002e-15
5.7829999923706055 7.605048894506004e-15
5.785999774932861 7.608019439052024e-15
5.789000034332275 7.62480593800071e-15
5.790999889373779 9.342082229329973e-15
5.794000148773193 1.2167759577414849e-14
5.796999931335449 9.090909008381814e-15
5.798999786376953 7.787549766288468e-15
5.802000045776367 7.631850711023024e-15
5.804999828338623 7.731266121009314e-15
5.807000160217285 9.932839429161854e-15
5.809999942779541 7.97590363573646e-15
5.813000202178955 7.644933981926314e-15
5.815000057220459 2.1592433448332747e-14
5.817999839782715 8.979030355609624e-15
5.821000099182129 7.782167718941614e-15
5.823999881744385 7.657967277885716e-15
5.826000213623047 7.662204136687882e-15
5.828999996185303 7.6685534956605e-15
5.831999778747559 7.674896925402488e-15
5.834000110626221 2.0346246389080225e-14
5.836999893188477 7.82593814649098e-15
5.840000152587891 7.678081769284164e-15
5.8429999351501465 7.680985398227352e-15
5.84499979019165 7.685201081205836e-15
5.8480000495910645 7.688098780918393e-15
5.85099983215332 7.988377889950674e-15
5.854000091552734 8.250768368219322e-15
5.855999946594238 7.844945565827367e-15
5.859000205993652 7.718040548570886e-15
5.861999988555908 7.80279805340494e-15
5.863999843597412 7.711459949603667e-15
5.867000102996826 7.727970315811548e-15
5.869999885559082 7.734241747753019e-15
5.873000144958496 7.726886113639062e-15
5.875 7.802553260883183e-15
5.877999782562256 7.733923263364851e-15
5.88100004196167 7.821798696477748e-15
5.883999824523926 7.906186047913853e-15
5.88700008392334 7.735688480026929e-15
5.888999938964844 7.743249943147068e-15
5.892000198364258 7.74609682088279e-15
5.894999980926514 7.748939463453775e-15
5.8979997634887695 7.76195327765539e-15
5.900000095367432 7.769491870885954e-15
5.9029998779296875 7.762154871496837e-15
5.906000137329102 7.768371246296736e-15
5.908999919891357 7.767812204551548e-15
5.9120001792907715 7.774019261989028e-15
5.914000034332275 7.778153629804576e-15
5.916999816894531 7.780970014354197e-15
5.920000076293945 7.79729742144547e-15
5.922999858856201 7.789971433484668e-15
5.926000118255615 7.792777653638921e-15
5.927999973297119 7.807017124515214e-15
5.931000232696533 7.799696218752095e-15
5.934000015258789 7.802493968576876e-15
5.936999797821045 7.808657827334045e-15
5.940000057220459 7.8114479538623e-15
5.941999912261963 7.812184872526412e-15
5.945000171661377 7.811606349023437e-15
5.947999954223633 7.81439139335401e-15
5.951000213623047 7.81717389658574e-15
5.953999996185303 7.823312344354492e-15
5.956999778747559 7.826087224289697e-15
5.959000110626221 7.830172464194304e-15
5.961999893188477 7.832942261931826e-15
5.965000152587891 7.835708671537558e-15
5.9679999351501465 7.841823402383787e-15
5.9710001945495605 7.844582188692995e-15
5.973999977111816 7.84733843390336e-15
5.97599983215332 7.851405886116075e-15
5.979000091552734 7.85415620209581e-15
5.98199987411499 7.856903976976703e-15
5.985000133514404 7.859649210758754e-15
5.98799991607666 7.862391056409016e-15
5.991000175476074 7.865131207993384e-15
5.99399995803833 7.867867971445962e-15
5.995999813079834 7.875249863581284e-15
5.999000072479248 7.877979850770284e-15
6.001999855041504 7.880706449827496e-15
6.005000114440918 7.88676104133447e-15
6.007999897003174 8.009320779571536e-15
6.011000156402588 7.888870153373133e-15
6.013999938964844 7.891586588034977e-15
6.017000198364258 7.894299634565033e-15
6.019999980926514 8.073089655005576e-15
6.021999835968018 7.904350527517152e-15
6.025000095367432 7.907054256684788e-15
6.0279998779296875 7.909754597720635e-15
6.031000137329102 7.91245239765764e-15
6.033999919891357 7.915147656495803e-15
6.0370001792907715 7.924465865948548e-15
6.039999961853027 8.238411004551829e-15
6.043000221252441 7.926526697109217e-15
6.046000003814697 7.929209250453172e-15
6.048999786376953 7.931889262698284e-15
6.052000045776367 1.1497025526703217e-14
6.053999900817871 9.719194002941797e-15
6.057000160217285 7.944526994271318e-15
6.059999942779541 7.950495188417672e-15
6.063000202178955 7.956457453333395e-15
6.065999984741211 8.440487654778287e-15
6.068999767303467 7.974954958835535e-15
6.072000026702881 7.971014561564908e-15
6.074999809265137 7.976954803624002e-15
6.078000068664551 7.982889116452466e-15
6.080999851226807 7.98552847111611e-15
6.084000110626221 7.991452619549207e-15
6.086999893188477 7.99737168578462e-15
6.090000152587891 8.003283975756455e-15
6.0929999351501465 8.009191183530606e-15
6.0960001945495605 8.011811056436464e-15
6.098999977111816 8.017708099815248e-15
6.1020002365112305 8.023599213963402e-15
6.105000019073486 8.029484398880925e-15
6.107999801635742 8.04191206628304e-15
6.111000061035156 8.816887920714417e-15
6.113999843597412 8.047105225282656e-15
6.117000102996826 8.046427598924853e-15
6.119999885559082 8.052287372853958e-15
6.123000144958496 8.058141217552432e-15
6.125999927520752 8.063989133020276e-15
6.129000186920166 8.066568348344665e-15
6.131999969482422 8.072406946450089e-15
6.135000228881836 8.078239615324882e-15
6.138000011444092 8.080807819220957e-15
6.140999794006348 8.08663117073333e-15
6.144000053405762 8.092447745982126e-15
6.146999835968018 8.095005785482834e-15
6.150000095367432 8.10081304336921e-15
6.1529998779296875 8.106614372024954e-15
6.156000137329102 8.109161400097348e-15
6.158999919891357 8.114953411390673e-15
6.1620001792907715 8.127231153961124e-15
6.164999961853027 8.360097451820276e-15
6.168000221252441 8.479247882444644e-15
6.171000003814697 1.134013977827867e-14
6.173999786376953 9.588597616101181e-15
6.177000045776367 1.727375803972555e-14
6.179999828338623 1.6873786710339816e-13
6.183000087738037 1.398026863003686e-14
6.185999870300293 8.713223285244931e-14
6.189000129699707 1.5120374977041148e-14
6.191999912261963 1.231912182399035e-14
6.195000171661377 8.606941487375019e-15
6.197999954223633 1.2113585044174358e-14
6.201000213623047 1.0537010242746454e-14
6.203999996185303 8.916827644095057e-15
6.206999778747559 8.197196922437276e-15
6.210999965667725 8.262759813653601e-15
6.214000225067139 8.197617897812062e-15
6.2170000076293945 8.354512116566081e-15
6.21999979019165 8.218649725892386e-15
6.2230000495910645 8.259681695923279e-15
6.22599983215332 8.419531212630268e-15
6.229000091552734 1.1693690483429667e-14
6.23199987411499 8.347240338713903e-15
6.235000133514404 8.221331432203393e-15
6.23799991607666 8.226995541521682e-15
6.242000102996826 8.231335738343414e-15
6.244999885559082 1.0610088010270819e-14
6.248000144958496 9.679897603419828e-15
6.250999927520752 9.057751056628597e-15
6.254000186920166 9.248480853493637e-15
6.256999969482422 8.253156154097632e-15
6.260000228881836 8.255591373820988e-15
6.263000011444092 8.264409833834852e-15
6.265999794006348 1.908713699518439e-14
6.269999980926514 8.26475288217849e-15
6.2729997634887695 8.270365322486997e-15
6.276000022888184 8.272785295617303e-15
6.2789998054504395 8.27838841856339e-15
6.2820000648498535 8.283985612278846e-15
6.284999847412109 8.295942329362288e-15
6.289000034332275 8.297026531534774e-15
6.291999816894531 8.29942786994024e-15
6.295000076293945 8.305003887832015e-15
6.297999858856201 8.30739929700685e-15
6.301000118255615 8.312965997536205e-15
6.303999900817871 8.324872739675759e-15
6.308000087738037 8.325934918991616e-15
6.310999870300293 8.325146331317722e-15
6.314000129699707 1.0883750803001527e-14
6.316999912261963 8.31090686044143e-15
6.320000171661377 8.234177533881452e-15
6.322999954223633 8.230270170895768e-15
6.327000141143799 8.23138910141909e-15
6.329999923706055 8.23696681337676e-15
6.333000183105469 8.242539443136746e-15
6.335999965667725 8.248106143666101e-15
6.339000225067139 8.250512564269251e-15
6.3429999351501465 8.727731773785271e-15
6.3460001945495605 8.260321205798456e-15
6.348999977111816 8.262718309039185e-15
6.3520002365112305 8.271410561143909e-15
6.355999946594238 8.275644878847233e-15
6.359000205993652 8.309482998057095e-15
6.361999988555908 8.308707962910358e-15
6.364999771118164 8.285938870255215e-15
6.368000030517578 8.291457289906577e-15
6.372000217437744 8.2925296336178e-15
6.375 8.29803958293969e-15
6.377999782562256 8.303543603030948e-15
6.38100004196167 9.456197896115862e-15
6.385000228881836 8.379013391598359e-15
6.388000011444092 8.415779703706879e-15
6.390999794006348 8.327335064453427e-15
6.394000053405762 9.918673650151973e-15
6.3979997634887695 8.324476328256444e-15
6.401000022888184 8.326824303586233e-15
6.4039998054504395 8.332291901260759e-15
6.4079999923706055 8.336454221163567e-15
6.410999774932861 8.338792879130936e-15
6.414000034332275 8.344246924278306e-15
6.416999816894531 1.0989558770640746e-14
6.421000003814697 8.35072418522596e-15
6.423999786376953 8.353050984732067e-15
6.427000045776367 8.358487242187546e-15
6.431000232696533 8.359508763921934e-15
6.434000015258789 8.36493655104794e-15
6.436999797821045 8.37346617282679e-15
6.440999984741211 8.38379150445382e-15
6.443999767303467 8.373681319195393e-15
6.447000026702881 1.2415077104387107e-14
6.449999809265137 8.387597223485834e-15
6.453999996185303 8.382398135255587e-15
6.456999778747559 8.387796276228439e-15
6.460000038146973 8.390092582548445e-15
6.464000225067139 8.394182904650736e-15
6.4670000076293945 8.396474128773059e-15
6.46999979019165 8.401854482054018e-15
6.473999977111816 8.402842122470517e-15
6.4770002365112305 8.408214005422004e-15
6.480999946594238 8.409195716607872e-15
6.484000205993652 8.433065952094445e-15
6.486999988555908 8.527825221969678e-15
6.491000175476074 8.4178091946485e-15
6.49399995803833 8.423159901776306e-15
6.497000217437744 1.504694399677778e-14
6.500999927520752 8.426395567634817e-15
6.504000186920166 8.431734416301361e-15
6.506999969482422 8.44936201896667e-15
6.511000156402588 8.471816862398382e-15
6.513999938964844 8.698188111617988e-15
6.51800012588501 8.456582127809066e-15
6.520999908447266 8.44962459918032e-15
6.52400016784668 8.448804671287377e-15
6.5279998779296875 8.449755042254196e-15
6.531000137329102 8.455060856635797e-15
6.534999847412109 8.459066475443363e-15
6.538000106811523 8.464362125429597e-15
6.540999889373779 8.466594904278559e-15
6.545000076293945 8.470587817591916e-15
6.547999858856201 8.475870762083941e-15
6.552000045776367 8.476800804260026e-15
6.554999828338623 8.482074431389632e-15
6.559000015258789 8.486049557011096e-15
6.561999797821045 8.491313866778281e-15
6.565000057220459 8.496573094347783e-15
6.568999767303467 8.497487889930818e-15
6.572000026702881 8.502738647170847e-15
6.576000213623047 8.579683967132375e-15
6.578999996185303 2.0516796473009878e-14
6.583000183105469 8.521950201447522e-15
6.585999965667725 8.518068249450256e-15
6.590000152587891 8.522002717490252e-15
6.5929999351501465 8.524192297658904e-15
6.5970001220703125 8.528119142402375e-15
6.599999904632568 8.533333477225673e-15
6.604000091552734 8.537250157573777e-15
6.60699987411499 8.539427879281167e-15
6.610000133514404 8.544629508610256e-15
6.613999843597412 8.548533483464151e-15
6.617000102996826 8.55070273484207e-15
6.620999813079834 8.55459908639944e-15
6.624000072479248 8.559782928036636e-15
6.627999782562256 8.563669115198638e-15
6.631999969482422 8.567551067195905e-15
6.635000228881836 1.538206411202947e-14
6.638999938964844 8.594667979969304e-15
6.642000198364258 8.675097993475836e-15
6.645999908447266 1.1868793369450813e-14
6.64900016784668 5.627914041912707e-13
6.6529998779296875 4.497219450679858e-14
6.656000137329102 3.96634629437273e-14
6.659999847412109 1.775976013387165e-14
6.663000106811523 4.295362351393328e-14
6.666999816894531 8.648567227501937e-15
6.670000076293945 8.626686672408464e-15
6.673999786376953 8.684446696114682e-15
6.677000045776367 1.2221057431554931e-14
6.681000232696533 1.4904954169763646e-14
6.684999942779541 3.449513895012468e-14
6.688000202178955 1.112739254579588e-13
6.691999912261963 1.1787208850037173e-14
6.695000171661377 9.5115760631744e-15
6.698999881744385 8.899836163173136e-15
6.702000141143799 8.857057611205005e-15
6.705999851226807 9.075454892259159e-15
6.710000038146973 8.69448573060554e-15
6.7129998207092285 8.68464151369255e-15
6.7170000076293945 1.529849584145336e-14
6.71999979019165 1.8693453021959537e-14
6.723999977111816 9.116596976573195e-15
6.728000164031982 1.2449464947979737e-14
6.730999946594238 8.694102024680433e-15
6.735000133514404 9.045286119776803e-15
6.738999843597412 3.4129692344855855e-13
6.742000102996826 3.83862355150897e-14
6.745999813079834 8.707381807227486e-15
6.749000072479248 8.715365092755358e-15
6.752999782562256 8.763512139543187e-15
6.756999969482422 8.758324909774202e-15
6.760000228881836 8.784023889393897e-15
6.763999938964844 8.737433689163122e-15
6.76800012588501 8.744089674062646e-15
6.770999908447266 8.752030607943155e-15
6.775000095367432 1.064797071180382e-14
6.7789998054504395 8.83906154920764e-15
6.7820000648498535 8.997345749028104e-15
6.785999774932861 8.974358968905517e-15
6.789999961853027 1.0182621822010622e-14
6.793000221252441 8.856175849906913e-15
6.796999931335449 8.898042994423799e-15
6.801000118255615 8.845758191688632e-15
6.803999900817871 9.470899846981354e-15
6.808000087738037 9.027614471398236e-15
6.811999797821045 8.828538011870952e-15
6.815999984741211 8.83802816901199e-15
6.818999767303467 8.825341309528015e-15
6.822999954223633 8.840686158400474e-15
6.827000141143799 8.891167627990935e-15
6.829999923706055 8.85505099015296e-15
6.834000110626221 8.858648339079948e-15
6.8379998207092285 8.856390996275516e-15
6.8420000076293945 8.8570593052709e-15
6.84499979019165 8.864864713879848e-15
6.848999977111816 8.885968539760689e-15
6.853000164031982 8.909966677222297e-15
6.85699987411499 8.919352649310822e-15
6.860000133514404 8.886297188544223e-15
6.863999843597412 8.88694601578182e-15
6.868000030517578 8.907978690895092e-15
6.872000217437744 8.917346028258777e-15
6.875 9.343999911922557e-15
6.879000186920166 8.957696983800077e-15
6.882999897003174 8.908906191972335e-15
6.88700008392334 8.918251506479392e-15
6.890999794006348 8.933391373378615e-15
6.894000053405762 8.926603251339319e-15
6.8979997634887695 8.930124367301055e-15
6.9019999504089355 9.29295855355396e-15
6.906000137329102 9.765421673071147e-15
6.909999847412109 8.96092587339501e-15
6.913000106811523 8.954144527619293e-15
6.916999816894531 8.960532003074537e-15
6.921000003814697 8.966912702266204e-15
6.925000190734863 8.973284931128398e-15
6.928999900817871 8.979650383727014e-15
6.933000087738037 8.983124065843704e-15
6.935999870300293 8.99077277335741e-15
6.940000057220459 9.066282372473342e-15
6.943999767303467 9.014976739825202e-15
6.947999954223633 9.029937035739607e-15
6.952000141143799 9.016110069908628e-15
6.955999851226807 9.016675887917394e-15
6.959000110626221 9.032906733252681e-15
6.9629998207092285 9.03346238686608e-15
6.9670000076293945 9.140232583933379e-15
6.9710001945495605 9.114904604744581e-15
6.974999904632568 9.072401338484307e-15
6.979000091552734 9.10732196580076e-15
6.982999801635742 9.064872062616164e-15
6.986999988555908 9.07113248312932e-15
6.991000175476074 9.077385280345952e-15
6.99399995803833 9.093508552496937e-15
6.998000144958496 9.102600604152765e-15
7.001999855041504 9.091688278693288e-15
7.00600004196167 9.08935216182476e-15
7.010000228881836 9.09557785398708e-15
7.013999938964844 9.10179676988582e-15
7.01800012588501 9.1108574813226e-15
7.021999835968018 9.111364007025058e-15
7.026000022888184 9.11471656343029e-15
7.03000020980835 9.120910068340614e-15
7.033999919891357 9.257890542504685e-15
7.038000106811523 9.119067771680336e-15
7.041999816894531 9.09400745490287e-15
7.046000003814697 9.122906524997292e-15
7.050000190734863 9.092198192527535e-15
7.053999900817871 9.095548207833926e-15
7.058000087738037 9.121563977775894e-15
7.061999797821045 9.218351891559801e-15
7.065000057220459 9.188959848290077e-15
7.068999767303467 9.200735300322806e-15
7.072999954223633 9.13049594020469e-15
7.077000141143799 9.130988066347046e-15
7.080999851226807 9.182319109983603e-15
7.085000038146973 9.157374836719911e-15
7.089000225067139 9.967555074505072e-15
7.093999862670898 9.230335713697555e-15
7.0980000495910645 9.143420815946844e-15
7.1020002365112305 9.20304177103818e-15
7.105999946594238 7.765268734017533e-14
7.110000133514404 9.175808814751007e-15
7.113999843597412 1.0120888366748834e-14
7.118000030517578 9.19921318211659e-15
7.122000217437744 9.177197101751557e-15
7.125999927520752 9.188886156423666e-15
7.130000114440918 1.0513323813409435e-14
7.133999824523926 9.17858115358737e-15
7.138000011444092 9.181843924500194e-15
7.142000198364258 9.190703042095526e-15
7.145999908447266 9.207948632901624e-15
7.150000095367432 1.1748252110727053e-14
7.1539998054504395 9.284316276393124e-15
7.1579999923706055 9.449567322204755e-15
7.1620001792907715 9.251605558036058e-15
7.166999816894531 1.0020929161610407e-14
7.171000003814697 2.8141124684428337e-14
7.175000190734863 1.8427874311677424e-14
7.178999900817871 9.45814183672981e-15
7.183000087738037 1.365446164204023e-14
7.186999797821045 9.545011841734317e-15
7.190999984741211 9.386733571144484e-15
7.195000171661377 9.609450720229635e-15
7.199999809265137 9.325000115882696e-15
7.203999996185303 9.242087448807761e-15
7.208000183105469 9.256381976825625e-15
7.211999893188477 9.290071865269717e-15
7.216000080108643 9.304324041640218e-15
7.21999979019165 9.257617797895669e-15
7.223999977111816 9.277408722708266e-15
7.229000091552734 9.268225191494135e-15
7.232999801635742 9.506428643953936e-15
7.236999988555908 1.5379301090555526e-14
7.241000175476074 9.26391379379261e-15
7.244999885559082 9.269841330357496e-15
7.25 9.928275615642048e-15
7.254000186920166 9.77943244505168e-15
7.257999897003174 9.330394021690811e-15
7.26200008392334 9.341778991534856e-15
7.265999794006348 9.744012915329295e-15
7.270999908447266 9.313711707794638e-15
7.275000095367432 1.0136082443756682e-14
7.2789998054504395 9.916196925814202e-15
7.2829999923706055 9.520801946035894e-15
7.288000106811523 9.300219319977824e-15
7.291999816894531 9.522764521374683e-15
7.296000003814697 9.31743441759782e-15
7.300000190734863 9.350684695942288e-15
7.304999828338623 9.319644326557207e-15
7.309000015258789 1.9562183565190704e-14
7.313000202178955 9.552851131661155e-15
7.316999912261963 9.451961037313696e-15
7.322000026702881 9.330783656846548e-15
7.326000213623047 9.339339536646764e-15
7.329999923706055 9.885402195983824e-15
7.334000110626221 9.446413818542127e-15
7.339000225067139 9.355498384181534e-15
7.3429999351501465 9.36129632470549e-15
7.3470001220703125 9.405199736427575e-15
7.3520002365112305 9.371599633475891e-15
7.355999946594238 9.371940987753635e-15
7.360000133514404 9.377717752453909e-15
7.364999771118164 9.417515595480652e-15
7.36899995803833 9.577961423382509e-15
7.373000144958496 9.426284927583576e-15
7.377999782562256 9.46326892715954e-15
7.381999969482422 9.403955445028058e-15
7.386000156402588 9.42594103220699e-15
7.390999794006348 9.42226999141359e-15
7.394999980926514 9.419877970370544e-15
7.39900016784668 9.425597983863353e-15
7.4039998054504395 9.424635754435272e-15
7.4079999923706055 9.427646109529814e-15
7.413000106811523 9.4347764328798e-15
7.416999816894531 9.448564435195206e-15
7.421000003814697 9.446166484921529e-15
7.426000118255615 9.445192397032186e-15
7.429999828338623 9.469717388986987e-15
7.434999942779541 9.466038724897062e-15
7.439000129699707 9.732490726147795e-15
7.442999839782715 9.544538350316802e-15
7.447999954223633 9.53813139310377e-15
7.452000141143799 9.479334601070113e-15
7.456999778747559 9.566850045180427e-15
7.460999965667725 9.639458556452013e-15
7.466000080108643 9.512456130406598e-15
7.46999979019165 1.0203480855369707e-14
7.474999904632568 3.031438083412122e-14
7.479000091552734 1.1744886001794665e-14
7.482999801635742 9.498863792702008e-15
7.48799991607666 9.724892840610923e-15
7.492000102996826 9.652962802730088e-15
7.497000217437744 1.0340136068882032e-14
7.500999927520752 9.513398031043944e-15
7.50600004196167 9.512390061836712e-15
7.510000228881836 9.515313172537686e-15
7.514999866485596 9.508982448289908e-15
7.519000053405762 9.514562701346419e-15
7.52400016784668 9.510898436816597e-15
7.5279998779296875 9.495218162897025e-15
7.5329999923706055 9.507500140632213e-15
7.538000106811523 9.527726440379698e-15
7.541999816894531 9.626094070610235e-15
7.546999931335449 1.0091426866777435e-14
7.551000118255615 9.564296240844455e-15
7.556000232696533 9.53943921197433e-15
7.559999942779541 9.542328441357415e-15
7.565000057220459 9.54924023020701e-15
7.568999767303467 9.597040840519412e-15
7.573999881744385 9.574861282795558e-15
7.578999996185303 9.948541725938054e-15
7.583000183105469 1.0539364147306874e-14
7.5879998207092285 9.670532807154984e-15
7.5920000076293945 9.652265694614498e-15
7.5970001220703125 9.735421460145294e-15
7.6020002365112305 9.621152480395953e-15
7.605999946594238 9.600315469893497e-15
7.611000061035156 9.709631000967296e-15
7.614999771118164 9.838476570705936e-15
7.619999885559082 9.616797884014119e-15
7.625 9.62098392083945e-15
7.629000186920166 9.634289961407867e-15
7.633999824523926 9.711815498938264e-15
7.638999938964844 1.0297159311204243e-14
7.64300012588501 9.684679104407078e-15
7.6479997634887695 9.652196237912823e-15
7.6529998779296875 9.6537302145803e-15
7.6570000648498535 9.664359631035395e-15
7.6620001792907715 9.799008223495675e-15
7.666999816894531 9.688274759268173e-15
7.671000003814697 9.693651724417343e-15
7.676000118255615 1.0659197286486729e-14
7.681000232696533 1.3188386845011234e-14
7.685999870300293 9.856882596649772e-15
7.690000057220459 9.773731913316659e-15
7.695000171661377 1.0411955992479724e-14
7.699999809265137 1.0472727218313431e-14
7.703999996185303 9.815680372996481e-15
7.709000110626221 1.0094694719887942e-14
7.714000225067139 9.893699730735128e-15
7.718999862670898 9.8821089318849e-15
7.7230000495910645 1.0312055232614657e-14
7.728000164031982 1.1783126151231407e-14
7.732999801635742 1.1912582431725018e-14
7.73799991607666 9.97156916364211e-15
7.743000030517578 9.823065653263591e-15
7.747000217437744 1.0274945025129552e-14
7.751999855041504 1.1653766432493783e-14
7.756999969482422 4.30320994224305e-14
7.76200008392334 1.21308941624515e-14
7.767000198364258 1.2308484784238731e-14
7.770999908447266 1.0534037157101592e-14
7.776000022888184 1.1653806243042304e-14
7.781000137329102 9.83678165777848e-15
7.785999774932861 9.966606397604147e-15
7.790999889373779 9.85752803575558e-15
7.796000003814697 1.0166751812710866e-14
7.800000190734863 1.013589779057418e-14
7.804999828338623 1.6340807152499456e-14
7.809999942779541 1.0307298295582877e-14
7.815000057220459 1.0049903617637135e-14
7.820000171661377 9.93606154249321e-15
7.824999809265137 9.886261934425288e-15
7.829999923706055 1.0176245357983692e-14
7.835000038146973 1.2265475839308947e-14
7.839000225067139 9.825233210575615e-15
7.843999862670898 9.94900589999315e-15
7.848999977111816 6.281054913378006e-14
7.854000091552734 9.900687752549975e-15
7.859000205993652 1.029393042160931e-14
7.863999843597412 1.2726348159975906e-14
7.86899995803833 9.879273065577492e-15
7.874000072479248 2.9946660114795604e-14
7.879000186920166 1.0285569359386963e-14
7.883999824523926 9.99238923348562e-15
7.888999938964844 1.00139436808944e-14
7.894000053405762 1.0293893999192578e-14
7.89900016784668 1.1664767696412722e-14
7.9039998054504395 1.0528846539200817e-14
7.908999919891357 1.0117587479353384e-14
7.914000034332275 9.92165774722515e-15
7.919000148773193 1.0016416170067436e-14
7.923999786376953 1.0027763870461802e-14
7.928999900817871 1.0240887524386351e-14
7.934000015258789 1.0776405470563043e-14
7.939000129699707 9.953394377692874e-15
7.943999767303467 1.017623349952243e-14
7.948999881744385 9.973581713924786e-15
7.953999996185303 1.0155896238458854e-14
7.959000110626221 9.948485821763536e-15
7.964000225067139 9.942239800810482e-15
7.968999862670898 9.94102176743233e-15
7.973999977111816 9.957361032984866e-15
7.979000091552734 1.0389773046624081e-14
7.984000205993652 1.0721443196681606e-14
7.989999771118164 1.0082603324565887e-14
7.994999885559082 1.0351469369716294e-14
8.0 1.034750017332546e-14
8.005000114440918 1.0211117704422151e-14
8.010000228881836 1.035205975168053e-14
8.015000343322754 1.0158452583893668e-14
8.020000457763672 1.5054862060768712e-14
8.024999618530273 1.0058567070621652e-14
8.031000137329102 1.0016187471171677e-14
8.03600025177002 1.0268790483734802e-14
8.041000366210938 1.0528541607339806e-14
8.045999526977539 1.0017399575319198e-14
8.050999641418457 1.0018631161224506e-14
8.055999755859375 1.1623634929461106e-14
8.062000274658203 1.0592905099902818e-14
8.067000389099121 1.0048345077014187e-14
8.071999549865723 1.649653077172037e-14
8.07699966430664 1.0080475577802384e-14
8.081999778747559 1.0351398218948725e-14
8.088000297546387 1.0034618908103931e-14
8.093000411987305 1.6327690000278276e-14
8.097999572753906 1.1010125577633027e-14
8.102999687194824 1.0033321253628737e-14
8.107999801635742 1.0463739351710116e-14
8.11400032043457 1.003943767854086e-14
8.119000434875488 1.0141643215055406e-14
8.12399959564209 1.015017198980131e-14
8.130000114440918 1.0752767322104017e-14
8.135000228881836 1.0586354994121701e-14
8.140000343322754 1.0076166721199702e-14
8.145000457763672 1.0229588951902926e-14
8.151000022888184 1.0077290733920708e-14
8.156000137329102 1.019372218878439e-14
8.16100025177002 1.0675162163476578e-14
8.166999816894531 1.288355578092041e-14
8.17199993133545 1.0403817699922505e-14
8.177000045776367 1.0353430250989188e-14
8.182999610900879 1.0890870961956147e-14
8.187999725341797 1.0224719359489161e-14
8.192999839782715 1.0162333688857987e-14
8.199000358581543 1.0120746065213695e-14
8.204000473022461 1.0117015732113988e-14
8.208999633789062 1.0115726547968266e-14
8.21500015258789 1.037614089837097e-14
8.220000267028809 1.0131386493097104e-14
8.22599983215332 1.0104546560097457e-14
8.230999946594238 1.1541732772692246e-14
8.236000061035156 1.0502671527064765e-14
8.241999626159668 1.0330016566261185e-14
8.246999740600586 1.0219473684446815e-14
8.253000259399414 1.0691869888361169e-14
8.258000373840332 1.059578585895643e-14
8.263999938964844 1.0377541043832782e-14
8.269000053405762 1.0627645309201506e-14
8.274999618530273 1.0390332088369269e-14
8.279999732971191 1.0234299302122607e-14
8.28600025177002 1.0333092142892665e-14
8.291000366210938 1.0206248112008386e-14
8.29699993133545 1.0881041144603261e-14
8.302000045776367 1.500602214103003e-14
8.307999610900879 1.0216658993963089e-14
8.312999725341797 1.0277878300225893e-14
8.319000244140625 1.7482870145611902e-14
8.324000358581543 1.0482940741591423e-14
8.329999923706055 1.0547418583602315e-14
8.335000038146973 1.1841631563931209e-14
8.340999603271484 1.02361831033973e-14
8.345999717712402 1.0337886349374124e-14
8.35200023651123 1.0275382941163282e-14
8.357000350952148 1.0391288388566719e-14
8.36299991607666 1.122324499639284e-14
8.369000434875488 1.097144242996487e-14
8.37399959564209 1.0857415701638444e-14
8.380000114440918 1.0460620576398325e-14
8.385000228881836 1.116994629521981e-14
8.390999794006348 1.0377785836354538e-14
8.397000312805176 1.0589496639323067e-14
8.402000427246094 1.0280885267188646e-14
8.407999992370605 1.334205556230211e-14
8.413999557495117 1.6403612951472468e-14
8.418999671936035 2.3518231632990716e-13
8.425000190734863 1.2204153703246345e-13
8.430999755859375 1.529118764118445e-14
8.435999870300293 1.3880986204223289e-14
8.442000389099121 1.0940535044752508e-14
8.447999954223633 1.3678977316632611e-14
8.45300006866455 1.2135336850259849e-14
8.458999633789062 2.385624758448248e-14
8.46500015258789 1.0608387168112732e-14
8.470000267028809 1.1034238911575463e-14
8.47599983215332 1.0575743365358499e-14
8.482000350952148 1.0577694082236026e-14
8.48799991607666 1.0492459697852667e-14
8.493000030517578 1.2047568990331253e-14
8.49899959564209 1.0368278738554556e-14
8.505000114440918 1.0513815092518843e-14
8.51099967956543 1.2214780917415777e-14
8.517000198364258 1.087237260942106e-14
8.522000312805176 1.3799577867662678e-14
8.527999877929688 1.1090525097953458e-14
8.534000396728516 1.0778063961073767e-14
8.539999961853027 1.0564402441227711e-14
8.545999526977539 1.1579686624992817e-14
8.550999641418457 1.5640275329736365e-14
8.557000160217285 1.087530673155035e-14
8.562999725341797 1.0622445373938312e-14
8.569000244140625 1.0418951637591097e-14
8.574999809265137 3.440233124415992e-14
8.581000328063965 1.1052324759065237e-14
8.586999893188477 1.1640852568179944e-14
8.593000411987305 1.0534155741714207e-14
8.597999572753906 1.0728076311691554e-14
8.604000091552734 1.4167828829613274e-14
8.609999656677246 1.069221801890249e-14
8.616000175476074 1.4728412174765115e-14
8.621999740600586 1.0670378121390486e-14
8.628000259399414 1.1386184489291414e-14
8.633999824523926 1.1593699091039245e-14
8.640000343322754 1.4249999495826414e-14
8.645999908447266 1.1394864882934876e-14
8.652000427246094 1.0545539017492358e-14
8.657999992370605 1.1547701813871547e-14
8.663999557495117 1.2599261030635765e-14
8.670000076293945 1.0938869777978207e-14
8.675999641418457 1.0829875272391418e-14
8.682000160217285 1.0956001019336425e-14
8.687999725341797 1.195441993008875e-14
8.694000244140625 1.1164021299753767e-14
8.699999809265137 1.114942522800668e-14
8.706000328063965 1.3829542505204746e-14
8.711999893188477 1.5530303348128445e-14
8.718000411987305 1.2037164884640128e-14
8.723999977111816 1.1370931119977258e-14
8.729999542236328 1.4785795268809805e-14
8.736000061035156 1.3163919451296847e-14
8.741999626159668 1.295584496077088e-14
8.74899959564209 1.1276717339320057e-14
8.755000114440918 1.1549971862170189e-14
8.76099967956543 1.0699692237629062e-14
8.767000198364258 1.2104482828123164e-14
8.77299976348877 1.104069330263354e-14
8.779000282287598 1.065269376751771e-14
8.78499984741211 1.2730790847784255e-14
8.791999816894531 1.1007734403622928e-14
8.79800033569336 1.1304842221300689e-14
8.803999900817871 1.1135847289862194e-14
8.8100004196167 1.1203177938839438e-14
8.815999984741211 1.6583483785953708e-14
8.822999954223633 1.7923608493122627e-14
8.829000473022461 1.245667658649266e-14
8.835000038146973 1.101527977311707e-14
8.840999603271484 1.1374278594184807e-14
8.847000122070312 1.4635468943528795e-14
8.854000091552734 1.07928616266623e-14
8.859999656677246 1.6270881194571825e-14
8.866000175476074 1.1024137196646508e-14
8.873000144958496 1.1222810468490899e-14
8.878999710083008 1.198558396628413e-14
8.885000228881836 1.1144625939327538e-14
8.890999794006348 1.2387807725683202e-14
8.89799976348877 1.2733198115420351e-14
8.904000282287598 1.3310871197315995e-14
8.90999984741211 1.0758698246800692e-14
8.916999816894531 1.1185375847386995e-14
8.92300033569336 1.0976129063262029e-14
8.928999900817871 1.402396705978571e-14
8.935999870300293 1.1714413991517191e-14
8.942000389099121 1.2352941308475373e-14
8.949000358581543 1.123701012881867e-14
8.954999923706055 1.1944164902196342e-14
8.961000442504883 1.1637094282992977e-14
8.968000411987305 1.1607939408948484e-14
8.973999977111816 2.7635391804808895e-14
8.980999946594238 1.5670859995395824e-14
8.987000465393066 1.106264585552753e-14
8.994000434875488 1.1425394491452762e-14
9.0 1.1933333044866854e-14
9.006999969482422 1.1322304652541283e-14
9.012999534606934 1.1137246588291058e-14
9.019000053405762 1.140481243786743e-14
9.026000022888184 1.2415244816910663e-14
9.032999992370605 1.1418133725028898e-14
9.038999557495117 1.2488107438066425e-14
9.045999526977539 1.7475126570408103e-14
9.052000045776367 1.457136549008059e-14
9.059000015258789 1.1162379749901988e-14
9.0649995803833 3.861003856041323e-14
9.071999549865723 1.1569664531160904e-14
9.07800006866455 1.1447455464564e-14
9.085000038146973 1.0938910435559675e-14
9.092000007629395 1.1161460719154217e-14
9.097999572753906 1.1890525693778516e-14
9.104999542236328 2.0474465154437897e-14
9.111000061035156 1.460432523612415e-14
9.118000030517578 1.1528844319366825e-14
9.125 1.2747396928715175e-14
9.130999565124512 1.1203592137950646e-14
9.137999534606934 1.3151674743011339e-14
9.145000457763672 1.1512301765906948e-14
9.151000022888184 1.593049931065179e-14
9.157999992370605 1.6387858138653538e-14
9.164999961853027 1.4173486162667986e-14
9.170999526977539 2.8633736007255273e-13
9.178000450134277 5.0621050455773933e-14
9.1850004196167 1.7424060648084036e-14
9.192000389099121 4.7867712262483417e-14
9.197999954223633 1.6096976860171044e-14
9.204999923706055 1.1296034772715138e-14
9.211999893188477 1.3015631934319878e-14
9.218999862670898 2.353834426091668e-14
9.225000381469727 2.5192411565590038e-14
9.232000350952148 6.499133371230814e-14
9.23900032043457 1.497997587790196e-14
9.246000289916992 1.5401254490482463e-14
9.253000259399414 1.7857992238830625e-14
9.260000228881836 1.2539956865866703e-14
9.265999794006348 1.1517375493261001e-14
9.27299976348877 1.156044457753004e-14
9.279999732971191 1.9618534973105638e-14
9.286999702453613 1.816948352298571e-14
9.293999671936035 1.6791477808349685e-14
9.300999641418457 1.2822277182351297e-14
9.307999610900879 1.2627846698539703e-14
9.3149995803833 1.7129361622701678e-13
9.321999549865723 2.6646641775149478e-14
9.329000473022461 1.2048450751629344e-14
9.335000038146973 1.4024638756912882e-14
9.342000007629395 1.1965317855988124e-14
9.348999977111816 1.0985132176458395e-14
9.355999946594238 1.0970500529327524e-14
9.36299991607666 2.5013350494606373e-14
9.369999885559082 1.1173959537323901e-14
9.376999855041504 1.1063239625623555e-14
9.383999824523926 1.468243861451994e-14
9.390999794006348 1.2371419332219726e-14
9.39900016784668 1.134801549062224e-14
9.406000137329102 1.581756271372848e-14
9.413000106811523 1.2334005886939503e-14
9.420000076293945 1.2847133364188475e-14
9.427000045776367 1.1458576160128502e-14
9.434000015258789 2.1835913069020996e-14
9.440999984741211 7.533100391306918e-14
9.447999954223633 1.1401354849376738e-14
9.454999923706055 1.2042305527597014e-14
9.461999893188477 1.494609964220947e-14
9.470000267028809 1.4770855301686134e-14
9.47700023651123 1.1233512729779457e-14
9.484000205993652 2.905946764144608e-14
9.491000175476074 1.3357917948305341e-14
9.498000144958496 1.2063592312594462e-14
9.505999565124512 2.0837366256293635e-14
9.512999534606934 1.8246609260965004e-14
9.520000457763672 1.1724790145121056e-14
9.527000427246094 1.1642699947037906e-14
9.534000396728516 1.1210404823945412e-14
9.541999816894531 1.2584364262192404e-14
9.548999786376953 1.72206507679986e-14
9.555999755859375 2.0646714386459743e-14
9.564000129699707 1.5192388024150814e-14
9.571000099182129 1.2356075330380214e-14
9.57800006866455 1.2271872632126611e-14
9.586000442504883 1.1550177691176371e-14
9.593000411987305 1.1906598143952667e-14
9.600000381469727 1.2872917047102896e-14
9.607999801635742 1.3692756001585597e-14
9.614999771118164 1.180655254145362e-14
9.621999740600586 1.15235918680609e-14
9.630000114440918 1.2016615018306791e-14
9.63700008392334 1.177959910603904e-14
9.645000457763672 1.5025402254863207e-14
9.652000427246094 1.1626605474007127e-14
9.65999984741211 1.817184335677676e-14
9.666999816894531 1.3770559365922693e-14
9.673999786376953 1.204052082917715e-14
9.682000160217285 1.2061557739455157e-14
9.689000129699707 1.8984415615604967e-14
9.696999549865723 3.805300597737628e-14
9.704000473022461 3.5943941372558116e-14
9.711999893188477 2.3764415660472958e-14
9.718999862670898 1.4596151368183145e-14
9.72700023651123 3.217847334619807e-14
9.734999656677246 2.5577811556590745e-14
9.741999626159668 1.1745021527066225e-14
9.75 1.1922051413042374e-14
9.756999969482422 1.1647022356167745e-14
9.765000343322754 1.3112135245033508e-14
9.77299976348877 1.2870152331563058e-14
9.779999732971191 1.642535798129438e-14
9.788000106811523 1.2772783353177334e-14
9.795999526977539 1.1898734290070358e-14
9.803000450134277 1.3159237053164425e-14
9.810999870300293 1.5943328471670903e-14
9.819000244140625 2.871982775838784e-14
9.826000213623047 1.1703643120559905e-14
9.833999633789062 1.288590629734904e-14
9.842000007629395 1.310302794678463e-14
9.848999977111816 1.8273936237909322e-14
9.857000350952148 5.222684535278327e-14
9.864999771118164 1.454840412094642e-14
9.873000144958496 1.2225260409039207e-14
9.880999565124512 1.281651651127702e-14
9.887999534606934 1.261933655851864e-14
9.895999908447266 1.5575990611237447e-14
9.904000282287598 1.2534329178965145e-14
9.911999702453613 1.2201372385860741e-14
9.920000076293945 1.4002016200957614e-14
9.928000450134277 1.2467767635904008e-14
9.9350004196167 1.2076496859545881e-14
9.942999839782715 1.5948908724727415e-14
9.951000213623047 1.1980705056507945e-14
9.958999633789062 1.2318506031037697e-14
9.967000007629395 1.3743352667656885e-14
9.975000381469727 2.973433605997326e-14
9.982999801635742 1.1782029243564713e-14
9.991000175476074 2.191972697915181e-14
9.99899959564209 1.3095309782569248e-14
10.010000228881836 1.3334665199837316e-14
10.010000228881836 1.3308690934509763e-14
10.020000457763672 5.872255806615989e-14
10.029999732971191 3.73678952364509e-14
10.039999961853027 1.295019948617743e-14
10.050000190734863 1.2668656745938416e-14
10.0600004196167 1.2870775747812237e-14
10.0600004196167 1.3622266766748041e-14
10.069999694824219 1.2355511206437342e-14
10.079999923706055 1.496626919074949e-14
10.09000015258789 1.3801783541457328e-14
10.100000381469727 1.3281187774712416e-14
10.100000381469727 1.3201980029748771e-14
10.109999656677246 2.611276029662688e-14
10.119999885559082 2.3972331755837788e-14
10.130000114440918 1.535241795887557e-14
10.140000343322754 1.319132181417347e-14
10.140000343322754 2.351084787738291e-14
10.149999618530273 1.3359606084969219e-14
10.15999984741211 1.313582675656821e-14
10.170000076293945 1.7362832024458812e-14
10.180000305175781 1.3660118128061994e-14
10.1899995803833 1.3497546247462529e-14
10.1899995803833 1.2168792957610499e-14
10.199999809265137 1.344901972991433e-14
10.210000038146973 1.3351616023177769e-14
10.220000267028809 1.270645813230848e-14
10.229999542236328 1.1816226504744211e-14
10.239999771118164 1.0058593498049606e-13
10.239999771118164 1.220312489702861e-14
10.25 1.1998048903135924e-14
10.260000228881836 1.2134502522806803e-14
10.270000457763672 1.2297955317671413e-14
10.279999732971191 1.2959144154100436e-14
10.289999961853027 1.390087453782482e-14
10.289999961853027 1.2680272108744114e-14
10.300000190734863 1.1939806070649771e-14
10.3100004196167 1.386226931718781e-14
10.319999694824219 1.3232557919144652e-14
10.329999923706055 1.201936109912179e-14
10.34000015258789 1.2048355883939252e-14
10.350000381469727 1.1857005211923875e-14
10.350000381469727 1.6342028574009397e-14
10.359999656677246 4.063706633022392e-14
10.369999885559082 1.2376084789693202e-14
10.380000114440918 2.308285229353068e-14
10.390000343322754 1.215206913909991e-14
10.399999618530273 2.863461624389406e-14
10.40999984741211 1.1686839680952275e-14
10.40999984741211 1.1944284333841905e-14
10.420000076293945 1.1798464223840288e-14
10.430000305175781 1.3829338370264458e-14
10.4399995803833 1.2603447914494043e-14
10.449999809265137 4.315789397949313e-14
10.460000038146973 1.3267686069533182e-14
10.470000267028809 2.0171920232271712e-14
10.479999542236328 2.0248092211152396e-14
10.479999542236328 1.6242366677435456e-14
10.489999771118164 1.2598665566473845e-14
10.5 5.1276189782893666e-14
10.510000228881836 1.637107502783664e-14
10.520000457763672 1.1762357750397679e-14
10.529999732971191 1.1984805543005603e-14
10.539999961853027 6.631878341845435e-14
10.550000190734863 1.7582938618000525e-14
10.5600004196167 1.56818189076674e-14
10.5600004196167 3.6022725601048133e-14
10.569999694824219 1.363670783146578e-14
10.579999923706055 1.6345935089962134e-14
10.59000015258789 1.2528800594918416e-14
10.600000381469727 3.7679244219070845e-14
10.609999656677246 5.879359363724843e-14
10.619999885559082 5.704331186009645e-14
10.630000114440918 1.25832546490315e-14
10.640000343322754 1.1714286089542156e-14
10.640000343322754 2.7048872310812128e-14
10.649999618530273 4.5333332086058137e-14
10.65999984741211 1.3645403471702292e-14
10.670000076293945 2.1836926120425912e-14
10.680000305175781 3.771535492767819e-14
10.6899995803833 1.327408794454853e-14
10.699999809265137 1.7063551567271344e-14
10.710000038146973 1.7355742358690293e-14
10.720000267028809 1.754477639559493e-14
10.729999542236328 1.923578788929573e-14
10.739999771118164 1.2361265948280988e-14
10.75 1.3782325500593003e-14
10.75 1.3280000234520365e-14
10.760000228881836 4.079925619896417e-14
10.770000457763672 6.824512607589081e-14
10.779999732971191 1.3183673106659764e-14
10.789999961853027 2.0871176423416238e-14
10.800000190734863 2.0037037011685042e-14
10.8100004196167 2.2738204751688272e-14
10.819999694824219 8.181146325713165e-14
10.829999923706055 1.303601069999787e-14
10.84000015258789 1.505166027622809e-14
10.850000381469727 1.5692166262151058e-14
10.859999656677246 1.3425414615740247e-14
10.869999885559082 1.567801234160244e-14
10.880000114440918 1.7215073903073877e-14
10.890000343322754 1.4920110977321814e-14
10.890000343322754 1.2464646319493376e-14
10.899999618530273 1.32495409297371e-14
10.90999984741211 2.2896425424037692e-14
10.920000076293945 1.507142833115111e-14
10.930000305175781 1.2503202412219444e-14
10.9399995803833 1.2749543310203518e-14
10.949999809265137 1.4812785126641116e-14
10.960000038146973 1.3978101919757784e-14
10.970000267028809 1.2634457790693023e-14
10.979999542236328 3.17122054256571e-14
10.989999771118164 2.829845258405135e-14
11.0 1.1765454333446251e-13
11.010000228881836 2.3960036225575444e-14
11.020000457763672 2.344827585950334e-14
11.029999732971191 4.9011786111812644e-14
11.039999961853027 1.898550659404103e-14
11.050000190734863 1.6521267521911985e-14
11.0600004196167 1.3119349424645273e-14
11.069999694824219 1.5692864217299596e-14
11.079999923706055 1.5561372516633733e-14
11.09000015258789 3.12533812306566e-14
11.100000381469727 1.3225225154920271e-14
11.109999656677246 1.3495949590356954e-14
11.119999885559082 1.4571943166550617e-14
11.130000114440918 9.76819401190751e-14
11.140000343322754 2.0682225395740432e-14
11.149999618530273 1.3110314124196911e-14
11.15999984741211 1.424731101325183e-14
11.170000076293945 1.3017010056925061e-14
11.180000305175781 1.5864042799676112e-14
11.1899995803833 5.5585344541173726e-14
11.199999809265137 1.491964341513493e-14
11.210000038146973 1.2355040256118669e-14
11.220000267028809 1.775044615958364e-14
11.229999542236328 1.7934104925405002e-14
11.239999771118164 2.0249110344754996e-14
11.25 1.5315555085011062e-14
11.260000228881836 1.2992895875949678e-13
11.270000457763672 1.697781658641616e-14
11.279999732971191 1.2875886744615969e-14
11.289999961853027 2.0460583978498294e-14
11.300000190734863 2.3008848718994966e-14
11.3100004196167 2.076038959611306e-14
11.319999694824219 2.468197934717923e-14
11.329999923706055 1.1421006013753038e-13
11.34000015258789 1.821869444315529e-14
11.350000381469727 1.664140898108464e-14
11.359999656677246 1.2471830852951987e-14
11.369999885559082 1.3618293335192471e-14
11.380000114440918 1.2752197064427265e-14
11.390000343322754 1.4755047972824474e-14
11.399999618530273 2.7298245586747372e-14
11.40999984741211 1.3623137516617818e-14
11.420000076293945 8.949212085360841e-14
11.430000305175781 3.804024627305884e-14
11.4399995803833 3.150349650745364e-14
11.449999809265137 1.81659395371344e-14
11.460000038146973 1.7940662654482645e-14
11.470000267028809 1.454054026706411e-14
11.479999542236328 1.3041812028653614e-14
11.489999771118164 2.7728458702855514e-14
11.510000228881836 1.6102519843777877e-14
11.520000457763672 1.6276041319286498e-14
11.529999732971191 1.090719853845401e-13
11.539999961853027 2.9202772063594354e-14
11.550000190734863 1.3317748596627932e-13
11.5600004196167 1.9134948616925107e-14
11.569999694824219 2.7191011215624977e-14
11.579999923706055 1.5835924693959058e-14
11.59000015258789 1.467644500938517e-14
11.600000381469727 1.5032757888977163e-14
11.609999656677246 1.5572782050433248e-14
11.619999885559082 1.2366609032112268e-14
11.630000114440918 1.540326704076514e-14
11.640000343322754 2.195876333955897e-14
11.65999984741211 1.257289882421837e-14
11.670000076293945 1.5610967989761367e-14
11.680000305175781 1.7859589742969147e-14
11.6899995803833 1.5317366041452292e-14
11.699999809265137 1.4391452303951988e-14
11.710000038146973 1.7847993861921235e-14
11.720000267028809 1.5964163788107465e-14
11.729999542236328 4.221653883136438e-14
11.739999771118164 1.7614992038790522e-14
11.75 1.99319151407331e-14
11.760000228881836 1.0112244564928694e-13
11.779999732971191 1.526315762689391e-14
11.789999961853027 1.4347752180137244e-14
11.800000190734863 2.6576271971957485e-14
11.8100004196167 1.4501270125563508e-14
11.819999694824219 1.3289340466829738e-14
11.829999923706055 3.352493724794424e-14
11.84000015258789 2.445945870973784e-14
11.850000381469727 1.6945148219706455e-14
11.869999885559082 2.3251896352880115e-14
11.880000114440918 2.4393939017201827e-14
11.890000343322754 1.570731629344565e-14
11.899999618530273 1.998319282129398e-14
11.90999984741211 1.537363613420429e-14
11.920000076293945 1.8104026510887793e-14
11.930000305175781 3.733445098756151e-14
11.9399995803833 2.2345057797351978e-14
11.960000038146973 1.3817725548557602e-14
11.970000267028809 2.280701770832321e-14
11.979999542236328 4.846410816064517e-14
11.989999771118164 1.798165057880028e-14
12.0 1.4034999663923697e-14
12.010000228881836 1.6802663725451125e-14
12.020000457763672 1.549916811105327e-14
12.039999961853027 1.940199269420597e-14
12.050000190734863 2.7037344192399997e-14
12.0600004196167 1.915422878087051e-14
12.069999694824219 1.4765534240711482e-14
12.079999923706055 1.9304636421314456e-14
12.09000015258789 1.7601322621087732e-14
12.109999656677246 1.77869532796103e-14
12.119999885559082 2.3663366323931415e-14
12.130000114440918 5.487222004899039e-13
12.140000343322754 1.6049423075259472e-13
12.149999618530273 2.5185184680484064e-14
12.15999984741211 2.8996709276318117e-14
12.180000305175781 2.4729064214651202e-14
12.1899995803833 2.2592288079930668e-14
12.199999809265137 2.59180325042508e-14
12.210000038146973 3.1564293144275765e-14
12.220000267028809 1.5430441551778952e-14
12.239999771118164 1.9771241460968432e-14
12.25 1.745306136213213e-14
12.260000228881836 1.7112560893599478e-14
12.270000457763672 2.277098594318655e-13
12.279999732971191 2.8745929248064073e-13
12.300000190734863 1.634146275600063e-14
12.3100004196167 2.1056051528549856e-14
12.319999694824219 1.7516233079338354e-14
12.329999923706055 2.598540211674362e-14
12.34000015258789 2.0567261001941395e-14
12.359999656677246 3.313915778618316e-14
12.369999885559082 2.231204553526569e-14
12.380000114440918 2.0533117103837574e-14
12.390000343322754 1.0889427109594257e-13
12.40999984741211 2.2481868864926598e-14
12.420000076293945 5.57971027779873e-14
12.430000305175781 1.1256636898646089e-13
12.4399995803833 1.853697723748146e-14
12.460000038146973 2.4077047050975048e-14
12.470000267028809 4.208500477905115e-14
12.479999542236328 2.206730722361782e-14
12.489999771118164 1.3892714222410972e-14
12.5 4.7568001512558744e-14
12.520000457763672 2.3961660834768278e-14
12.529999732971191 2.4261771384244055e-14
12.539999961853027 6.216906058963828e-14
12.550000190734863 3.392828756116316e-14
12.569999694824219 1.5107398432289212e-14
12.579999923706055 6.764705982875707e-14
12.59000015258789 1.8522636969684446e-14
12.609999656677246 1.9587628434926223e-14
12.619999885559082 2.43581620395757e-14
12.630000114440918 1.7830561923866742e-14
12.640000343322754 3.218354537948623e-14
12.65999984741211 3.396524530271776e-14
12.670000076293945 1.478768754041397e-14
12.680000305175781 1.8738169585310986e-14
12.6899995803833 3.427895920132644e-14
12.710000038146973 2.0173092525870712e-14
12.720000267028809 2.6053459519989608e-14
12.729999542236328 1.8334643089239037e-14
12.75 2.1082353595627996e-14
12.760000228881836 3.9686519180551563e-14
12.770000457763672 2.349256043605169e-14
12.789999961853027 2.1250977526635594e-14
12.800000190734863 2.7156250677535555e-14
12.8100004196167 3.081967325660809e-14
12.819999694824219 1.2854913531215595e-13
12.84000015258789 2.476635568718702e-14
12.850000381469727 1.8879377770321393e-13
12.859999656677246 1.6127527644512613e-13
12.880000114440918 2.0527950202859323e-14
12.890000343322754 1.5934832731209943e-14
12.899999618530273 3.423255873647585e-14
12.920000076293945 6.83900906826157e-14
12.930000305175781 5.958236427025879e-14
12.9399995803833 2.483771313079551e-14
12.960000038146973 2.7067901753005143e-14
12.970000267028809 6.535080771885929e-14
12.979999542236328 2.56240375326542e-14
13.0 4.1030770632239505e-14
13.010000228881836 3.767870889424818e-14
13.020000457763672 7.514593060222591e-14
13.039999961853027 2.1917177409980573e-14
13.050000190734863 2.2390804352767288e-14
13.069999694824219 5.501147633127715e-14
13.079999923706055 2.6559632856741622e-14
13.09000015258789 1.4661574498963173e-14
13.109999656677246 3.916094540117564e-14
13.119999885559082 1.8048781328001973e-14
13.130000114440918 5.0814926133005076e-14
13.149999618530273 6.415209346816858e-14
13.15999984741211 2.6322189192835507e-14
13.180000305175781 4.1062215883373374e-14
13.1899995803833 1.499317603935197e-14
13.199999809265137 1.411666634553322e-14
13.220000267028809 2.2662632472134243e-14
13.229999542236328 4.3854876734207224e-14
13.25 2.92981140921373e-14
13.260000228881836 2.9110106659164733e-14
13.270000457763672 4.311981815444815e-14
13.289999961853027 3.270127902190237e-14
13.300000190734863 1.6180451957122956e-14
13.319999694824219 2.430930856730986e-14
13.329999923706055 4.888222056406884e-14
13.34000015258789 3.103448420016357e-14
13.359999656677246 3.717065853248505e-14
13.369999885559082 3.323859267792724e-14
13.390000343322754 7.408514042040251e-14
13.399999618530273 4.737313311271342e-14
13.420000076293945 1.5916541901746933e-14
13.430000305175781 6.028294860906461e-14
13.4399995803833 7.130952187246742e-13
13.460000038146973 1.5170876436609165e-13
13.470000267028809 6.636971381550685e-14
13.489999771118164 7.197924710693887e-14
13.5 2.1481481957824622e-13
13.520000457763672 2.9822485084728123e-13
13.529999732971191 5.5875832796368693e-14
13.550000190734863 1.7830257669632088e-13
13.5600004196167 1.9867256033671496e-14
13.579999923706055 3.3460972707899383e-14
13.59000015258789 2.5916114821658218e-14
13.609999656677246 3.2681851474224144e-14
13.619999885559082 2.7474303078900073e-14
13.630000114440918 5.619955862441392e-14
13.649999618530273 8.276923390377819e-14
13.65999984741211 1.8008784432232625e-14
13.680000305175781 2.931286601794668e-14
13.6899995803833 5.029948896631553e-13
13.710000038146973 9.339168435991418e-14
13.720000267028809 1.5204082161020607e-14
13.739999771118164 1.6783114205028496e-14
13.75 4.349091006490384e-14
13.770000457763672 3.909949146678644e-14
13.779999732971191 4.058055229198311e-14
13.800000190734863 1.5637681037225515e-13
13.819999694824219 1.9956584128288934e-14
13.829999923706055 1.3694866638283565e-13
13.850000381469727 5.4368232734868654e-14
13.859999656677246 1.6998557035162627e-14
13.880000114440918 2.08789623502674e-14
13.890000343322754 4.2188624013554665e-14
13.90999984741211 6.090582275715753e-14
13.920000076293945 2.3304597048792383e-14
13.9399995803833 2.6757531940472222e-14
13.949999809265137 5.042293961380652e-14
13.970000267028809 2.727272787217839e-14
13.979999542236328 2.0357654228813846e-14
14.0 5.298571572275555e-14
14.020000457763672 4.9543509350385637e-14
14.029999732971191 5.719173236124614e-14
14.050000190734863 5.674021297838276e-14
14.0600004196167 3.4793741780954346e-14
14.079999923706055 5.4218748360337216e-14
14.100000381469727 2.1063828985071545e-14
14.109999656677246 2.7455705623510157e-14
14.130000114440918 2.8761501779392754e-14
14.140000343322754 4.408769559822133e-14
14.15999984741211 3.2556497374294086e-14
14.170000076293945 1.9054339879466704e-14
14.1899995803833 1.8139534132036693e-14
14.210000038146973 5.359605988186633e-13
14.220000267028809 2.0942333967249177e-14
14.239999771118164 1.373314592064247e-14
14.260000228881836 1.1664797003752697e-13
14.270000457763672 5.110021021777211e-14
14.289999961853027 3.414975618368406e-14
14.300000190734863 1.5944055225939648e-14
14.319999694824219 1.7388268423864858e-14
14.34000015258789 7.153416856260641e-14
14.350000381469727 1.2356794461352433e-14
14.369999885559082 1.459986103367894e-13
14.390000343322754 2.8033356682549172e-14
14.399999618530273 6.613888717298469e-14
14.420000076293945 4.1081829778299994e-14
14.4399995803833 3.959833627447881e-14
14.449999809265137 9.141868712774295e-14
14.470000267028809 1.6116102864120047e-14
14.489999771118164 2.1504486017419333e-14
14.5 1.6648275030155084e-14
14.520000457763672 5.468319685410748e-14
14.539999961853027 1.1297111520997688e-13
14.550000190734863 3.4666666510075467e-14
14.569999694824219 6.553191691550941e-14
14.59000015258789 1.8026045269631773e-14
14.600000381469727 1.4095890321402967e-14
14.619999885559082 2.466484217659038e-14
14.640000343322754 7.293716005512055e-14
14.65999984741211 1.0263301710236594e-13
14.670000076293945 1.522835643122302e-14
14.6899995803833 3.0129338016464044e-14
14.710000038146973 1.5254927854778388e-14
14.720000267028809 6.097826101480672e-14
14.739999771118164 2.742198015968228e-14
14.760000228881836 3.791327942239721e-14
14.779999732971191 2.1271989025925184e-14
14.789999961853027 1.1674104540590306e-14
14.8100004196167 1.3350438647381085e-13
14.829999923706055 2.865812649037805e-14
14.850000381469727 1.400673417447382e-14
14.859999656677246 2.3983849709854552e-14
14.880000114440918 3.58064509845598e-14
14.899999618530273 4.591946194489917e-14
14.920000076293945 2.6648793238835504e-14
14.9399995803833 2.183400216269199e-14
14.949999809265137 1.68695650981307e-13
14.970000267028809 4.319305262306776e-14
14.989999771118164 1.2864576313671282e-14
15.010000228881836 1.3297801445058544e-12
15.029999732971191 1.406520316475689e-14
15.039999961853027 1.6715425430521152e-13
15.0600004196167 2.4900398651090012e-14
15.079999923706055 9.52254632568747e-14
15.100000381469727 1.2919205703604449e-14
15.119999885559082 3.7010582857981145e-14
15.130000114440918 1.8334434719134013e-14
15.149999618530273 2.2297029335176764e-14
15.170000076293945 2.5787737830546e-13
15.1899995803833 6.770243545471677e-14
15.210000038146973 1.8619329168745313e-14
15.229999542236328 2.8969140047950884e-14
15.239999771118164 2.9212597645782504e-14
15.260000228881836 4.23460013799018e-13
15.279999732971191 1.1929318955729816e-14
15.300000190734863 1.5764706163753917e-14
15.319999694824219 3.813315901110906e-14
15.34000015258789 3.0677964644532443e-14
15.359999656677246 3.3059895831110894e-14
15.380000114440918 3.728218566658413e-14
15.390000343322754 8.157245088820722e-14
15.40999984741211 4.0233614373051327e-14
15.430000305175781 2.808813938544579e-14
15.449999809265137 1.5106796022457125e-13
15.470000267028809 2.638655522649736e-14
15.489999771118164 5.66171729724646e-14
15.510000228881836 4.590586876016163e-14
15.529999732971191 2.3077914091448187e-14
15.550000190734863 1.4983923051436164e-14
15.569999694824219 1.7122671078857905e-14
15.59000015258789 1.6882616859408353e-14
15.609999656677246 1.5131325418983252e-14
15.630000114440918 1.392194465179436e-13
15.640000343322754 4.1240407898553155e-14
15.65999984741211 1.57343552791879e-14
15.680000305175781 1.32780613761041e-14
15.699999809265137 1.8000000700569598e-14
15.720000267028809 1.7773536277725793e-14
15.739999771118164 3.1067345690385245e-14
15.760000228881836 3.406091259191245e-14
15.779999732971191 1.5069708854268185e-14
15.800000190734863 1.3430379922877052e-14
15.819999694824219 8.398230028072717e-14
15.84000015258789 1.715909010745805e-14
15.859999656677246 6.099621811328851e-14
15.880000114440918 1.3916876684264348e-14
15.899999618530273 1.393710721917657e-14
15.920000076293945 3.773869237944094e-14
15.9399995803833 1.2609787109071294e-14
15.960000038146973 1.2894736615824166e-14
15.979999542236328 1.3316645420917428e-14
16.0 7.801249880465266e-13
16.020000457763672 1.6317103782503492e-14
16.049999237060547 3.025545105791484e-14
16.06999969482422 2.056004970224165e-13
16.09000015258789 1.3996270776476388e-14
16.110000610351562 9.008069355546933e-14
16.1299991607666 1.4854308375781416e-14
16.149999618530273 6.191950435458643e-14
16.170000076293945 1.2578850077705778e-14
16.190000534057617 1.2686843390348913e-14
16.209999084472656 1.38926591652694e-14
16.229999542236328 3.2852742065398594e-14
16.25 1.7427692725361862e-14
16.270000457763672 3.5881992770927726e-14
16.299999237060547 2.563190138653651e-14
16.31999969482422 3.632353071754066e-14
16.34000015258789 1.860465178183529e-14
16.360000610351562 3.573349773087868e-14
16.3799991607666 1.3724053868986643e-14
16.399999618530273 1.3524390415626912e-14
16.420000076293945 1.317905000083365e-14
16.450000762939453 1.7835866044182448e-14
16.469999313354492 1.7389191689777365e-14
16.489999771118164 1.3705275995578962e-14
16.510000228881836 1.3385826836884423e-14
16.530000686645508 1.2135511339046983e-14
16.549999237060547 1.000483401095327e-13
16.579999923706055 1.3172497353953691e-14
16.600000381469727 1.3216867480829713e-14
16.6200008392334 6.282791669733057e-14
16.639999389648438 1.3533653567938085e-14
16.65999984741211 1.9219687487034322e-14
16.690000534057617 4.7944876963978283e-14
16.709999084472656 1.4207061701664199e-14
16.729999542236328 1.3974895053019479e-14
16.75 2.4620894719155038e-14
16.780000686645508 7.396901017045487e-13
16.799999237060547 1.308333358372802e-14
16.81999969482422 2.039238935591485e-14
16.84000015258789 1.3135392228666269e-14
16.8700008392334 1.762892742483875e-14
16.889999389648438 1.3629366596911927e-14
16.90999984741211 1.3968066273398715e-14
16.940000534057617 1.1146398779286141e-14
16.959999084472656 2.5872641702673338e-14
16.979999542236328 1.9882214635520007e-14
17.0 2.8294117469427303e-14
17.030000686645508 1.3282443077540246e-14
17.049999237060547 9.428739256370222e-13
17.06999969482422 2.967779830480993e-14
17.100000381469727 8.438596501257611e-13
17.1200008392334 1.6039719127002548e-14
17.139999389648438 1.4177363032467569e-14
17.170000076293945 1.6983110542336498e-14
17.190000534057617 4.7190228206215115e-14
17.209999084472656 1.3468913145713544e-14
17.239999771118164 1.7470998131823186e-14
17.260000228881836 1.8539977428180636e-14
17.290000915527344 1.50722956928891e-14
17.309999465942383 2.5522818789523206e-14
17.329999923706055 1.1933063688389627e-14
17.360000610351562 2.1405530546323402e-14
17.3799991607666 2.484464863656763e-14
17.40999984741211 7.260195184844234e-14
17.43000030517578 2.269650023749726e-14
17.450000762939453 1.3925501173733291e-14
17.479999542236328 1.6086956460405026e-14
17.5 1.4982857483988518e-14
17.530000686645508 1.335995421551054e-14
17.549999237060547 1.4119658065902922e-14
17.579999923706055 1.2457338119224465e-14
17.600000381469727 1.454545475222408e-14
17.6299991607666 1.0196256680769164e-13
17.649999618530273 1.2362605954403545e-14
17.68000030517578 1.5305429653159584e-14
17.700000762939453 1.2610169120930506e-14
17.729999542236328 1.3378454262111521e-14
17.75 1.2484506701007647e-14
17.780000686645508 1.254218219082573e-13
17.799999237060547 1.580898904623637e-14
17.829999923706055 1.1452607965982149e-14
17.850000381469727 1.5417366751205135e-14
17.8799991607666 1.2751677833230599e-14
17.899999618530273 1.3329609260175155e-14
17.93000030517578 1.1868376629240764e-14
17.950000762939453 1.2256267744139345e-14
17.979999542236328 1.1535038671310095e-14
18.010000228881836 1.3148251035838537e-14
18.030000686645508 1.3721575450582977e-14
18.059999465942383 1.2425249123050684e-14
18.079999923706055 1.185840705145158e-14
18.110000610351562 1.4434014015485622e-14
18.139999389648438 1.177508272636428e-14
18.15999984741211 1.4768722472724947e-14
18.190000534057617 1.1500824469471652e-14
18.219999313354492 1.2074643551457289e-14
18.239999771118164 1.327850860950025e-14
18.270000457763672 1.172413792975167e-14
18.299999237060547 1.1311475336310637e-14
18.31999969482422 1.1397379723755274e-14
18.350000381469727 1.1302451894323537e-14
18.3799991607666 1.2720348625610504e-14
18.399999618530273 1.3271739122185794e-14
18.43000030517578 1.886055398772797e-14
18.459999084472656 1.2784398715983032e-14
18.479999542236328 1.1363636472235504e-14
18.510000228881836 1.1204754267154279e-14
18.540000915527344 2.368932110750118e-14
18.56999969482422 8.590199542359359e-14
18.59000015258789 1.1769768441653207e-14
18.6200008392334 3.0021482261971544e-13
18.649999618530273 1.0959785562544757e-14
18.68000030517578 1.4582441292898887e-14
18.709999084472656 1.2805986197676755e-14
18.729999542236328 2.529631540316383e-14
18.760000228881836 1.1950959800499216e-14
18.790000915527344 1.1761575091954416e-14
18.81999969482422 1.17853343661249e-14
18.850000381469727 1.1193633571589777e-14
18.8700008392334 2.874403934815216e-14
18.899999618530273 1.4031746210373293e-14
18.93000030517578 2.314844144276837e-14
18.959999084472656 3.3259493249782057e-12
18.989999771118164 4.5466035043838574e-14
19.020000457763672 6.687697135443135e-14
19.049999237060547 3.5632544956093123e-14
19.079999923706055 3.454926774358602e-14
19.110000610351562 1.891156400587752e-14
19.1299991607666 1.1437532473586916e-14
19.15999984741211 1.2536534852759795e-14
19.190000534057617 1.1860344215801951e-14
19.219999313354492 2.0530697977740216e-14
19.25 1.1272726967105542e-14
19.280000686645508 1.1576763514291842e-14
19.309999465942383 2.845157920025598e-14
19.34000015258789 1.4229575837402218e-14
19.3700008392334 1.9514714144760678e-14
19.399999618530273 3.3484537164492e-14
19.43000030517578 1.6026762911041346e-14
19.459999084472656 1.154162350544205e-14
19.489999771118164 1.1759876790895171e-14
19.520000457763672 1.1915983269008244e-14
19.549999237060547 1.3196930866350189e-14
19.579999923706055 1.208375932003564e-14
19.610000610351562 1.3676695409872708e-14
19.639999389648438 1.3482688442534741e-14
19.68000030517578 1.1595528682205314e-14
19.709999084472656 1.284627108464817e-14
19.739999771118164 1.165146927914083e-14
19.770000457763672 1.5093576548655917e-14
19.799999237060547 1.3848484703004194e-14
19.829999923706055 2.587998039612835e-14
19.860000610351562 1.1903323514578582e-14
19.889999389648438 1.5243841887564724e-14
19.93000030517578 1.2915203472928672e-14
19.959999084472656 1.171342719813364e-14
19.989999771118164 1.224612283053008e-14
20.020000457763672 1.2877122565686013e-14
20.049999237060547 1.1760598462966232e-14
20.09000015258789 1.2453957610731974e-14
20.1200008392334 1.2733598762004403e-14
20.149999618530273 1.2168734512337138e-14
20.18000030517578 1.2279484917223586e-14
20.219999313354492 1.1958456889115364e-14
20.25 1.2059258892036309e-14
20.280000686645508 1.3471400034446683e-14
20.309999465942383 1.2200886188949017e-14
20.350000381469727 1.2304668053778403e-14
20.3799991607666 1.1815505679706097e-14
20.40999984741211 1.2915237354246562e-14
20.450000762939453 1.2674816369530849e-14
20.479999542236328 1.1806640632880134e-14
20.510000228881836 1.2705997346385174e-14
20.549999237060547 1.529927002956715e-14
20.579999923706055 1.189504376751917e-14
20.610000610351562 1.443959257447624e-14
20.649999618530273 1.2416464544354709e-14
20.68000030517578 1.429400455150217e-14
20.719999313354492 1.2384169719174744e-14
20.75 1.2115662815993973e-14
20.790000915527344 1.1861471616654747e-14
20.81999969482422 1.354466838438418e-14
20.860000610351562 1.42665386611545e-14
20.889999389648438 1.3949257906804933e-14
20.920000076293945 5.165391904352404e-14
20.959999084472656 4.0744273596292e-14
20.989999771118164 1.3911386216700246e-14
21.030000686645508 1.2734189143968639e-14
21.06999969482422 1.1827242168223253e-14
21.100000381469727 1.272985741747638e-14
21.139999389648438 1.2573320646626102e-14
21.170000076293945 1.4104865482512073e-14
21.209999084472656 1.2230080026509084e-14
21.239999771118164 1.2372881311086686e-14
21.280000686645508 4.122180366689966e-14
21.31999969482422 3.43996241268605e-14
21.350000381469727 1.4341921205328345e-14
21.389999389648438 1.2725572277796221e-14
21.43000030517578 1.2328511184210664e-14
21.459999084472656 1.3550792432592829e-14
21.5 1.2055814009039826e-14
21.540000915527344 1.232126312328101e-14
21.56999969482422 1.4075104132877346e-14
21.610000610351562 1.391948188655956e-12
21.649999618530273 6.060046399154057e-14
21.690000534057617 3.087136937144491e-14
21.719999313354492 1.4198894609986773e-14
21.760000228881836 1.399816135401466e-14
21.799999237060547 2.311009185667484e-13
21.84000015258789 1.5412088041877846e-14
21.8799991607666 1.2175503152618648e-14
21.90999984741211 1.3135554858992142e-14
21.950000762939453 1.3357630804136222e-14
21.989999771118164 1.2896771188963471e-14
22.030000686645508 2.030867031347413e-14
22.06999969482422 1.491617566224887e-14
22.110000610351562 9.072817909287767e-13
22.149999618530273 2.149887188304493e-14
22.190000534057617 1.4087426768194002e-14
22.219999313354492 1.2394239246851704e-14
22.260000228881836 1.2380952688041073e-14
22.299999237060547 1.382959671531337e-14
22.34000015258789 1.2282901001099862e-14
22.3799991607666 1.3440572270331363e-14
22.420000076293945 1.2569134609800772e-14
22.459999084472656 1.2377560321087319e-14
22.5 1.2595555261491528e-14
22.540000915527344 1.2369121331833825e-14
22.59000015258789 1.2439131993056182e-14
22.6299991607666 1.2523199166038224e-14
22.670000076293945 1.2280547096539442e-14
22.709999084472656 1.242624353973076e-14
22.75 1.6202196986944868e-14
22.790000915527344 1.2698551926778809e-14
22.829999923706055 1.3070521363367851e-14
22.8700008392334 2.0830783116227575e-14
22.920000076293945 1.3525305211209947e-14
22.959999084472656 1.3292682858839604e-14
23.0 1.8982608047295527e-14
23.040000915527344 1.3081597166186149e-14
23.079999923706055 1.2322356642815915e-14
23.1299991607666 1.3169044847660683e-14
23.170000076293945 1.507984445051503e-14
23.209999084472656 1.2804825762539017e-14
23.260000228881836 1.5778160435088104e-14
23.299999237060547 1.2772531784392e-14
23.34000015258789 1.4035989845439037e-14
23.389999389648438 1.2766139226739071e-14
23.43000030517578 1.3060179091081876e-14
23.469999313354492 2.5845760265059275e-14
23.520000457763672 1.4175170064167127e-14
23.559999465942383 1.3845500605931017e-14
23.610000610351562 1.4002541361384912e-14
23.649999618530273 1.2279069871079431e-14
23.700000762939453 1.2371308370903635e-14
23.739999771118164 1.291491124656187e-14
23.790000915527344 1.5098780719083847e-14
23.829999923706055 1.441879960968704e-14
23.8799991607666 1.2763819203496542e-14
23.920000076293945 1.3252508086151332e-14
23.969999313354492 1.3216521044354286e-14
24.010000228881836 1.5685130806491164e-14
24.059999465942383 1.3117207278321667e-14
24.110000610351562 1.9070924784573944e-14
24.149999618530273 1.8923395362084768e-14
24.200000762939453 1.498347073584233e-14
24.25 1.3567010572433907e-14
24.290000915527344 1.9143679832545404e-14
24.34000015258789 1.2358258134285288e-14
24.389999389648438 1.2570725337675715e-14
24.440000534057617 1.548281529297358e-14
24.479999542236328 1.2377451053837123e-14
24.530000686645508 1.454545475222408e-14
24.579999923706055 1.8193652761102665e-14
24.6299991607666 1.309784834031217e-14
24.68000030517578 1.3508914276647629e-14
24.729999542236328 1.547917474536628e-14
24.770000457763672 2.1081953457263714e-13
24.81999969482422 1.549556822102744e-14
24.8700008392334 1.3301165893806356e-14
24.920000076293945 2.085072227180594e-14
24.969999313354492 1.9719663930744223e-14
25.020000457763672 1.3413269010309568e-14
25.06999969482422 1.4702831779758035e-14
25.1200008392334 1.2722929535000788e-14
25.170000076293945 1.3738577942933212e-14
25.219999313354492 1.2402855265991174e-14
25.270000457763672 1.2599920869301676e-14
25.329999923706055 1.6715356651445835e-14
25.3799991607666 1.2671395203456889e-14
25.43000030517578 1.2701533482753144e-14
25.479999542236328 1.2605965296413283e-14
25.530000686645508 1.7524481486178717e-14
25.579999923706055 1.6520718644562164e-14
25.639999389648438 1.5163805744378665e-14
25.690000534057617 1.6504475940765616e-14
25.739999771118164 1.4219114980503628e-14
25.790000915527344 1.3765024852645334e-14
25.850000381469727 1.5907156776691356e-14
25.899999618530273 1.5474904005246225e-14
25.959999084472656 1.7734977643900883e-14
26.010000228881836 2.4536716584856906e-14
26.059999465942383 1.2824251616151347e-14
26.1200008392334 1.2863705563801505e-14
26.170000076293945 1.2518150849672588e-14
26.229999542236328 1.2611513362217799e-14
26.280000686645508 1.3896499612652252e-14
26.34000015258789 1.905087382064654e-14
26.389999389648438 1.5377036124454568e-14
26.450000762939453 1.4472589589969477e-14
26.5 1.278490524168549e-14
26.559999465942383 1.3637048338710576e-14
26.6200008392334 1.4432757018591896e-14
26.670000076293945 1.2478440251039412e-14
26.729999542236328 1.6416011819754377e-14
26.790000915527344 1.2810749910972113e-14
26.850000381469727 1.7743015986570326e-14
26.899999618530273 1.4118959263721437e-14
26.959999084472656 2.784866453653216e-14
27.020000457763672 2.1376758531171068e-14
27.079999923706055 1.1912850941169298e-14
27.139999389648438 1.646278497910176e-14
27.200000762939453 1.5867647771899626e-14
27.25 1.1838532270377206e-14
27.309999465942383 1.5876968522451212e-14
27.3700008392334 1.8472780610409058e-14
27.43000030517578 1.5260663961897195e-14
27.489999771118164 2.3601309302083776e-14
27.549999237060547 1.3393829604170081e-14
27.610000610351562 1.47048172249864e-14
27.68000030517578 1.1784682150755513e-14
27.739999771118164 1.2011535361722107e-14
27.799999237060547 1.4920863142578976e-14
27.860000610351562 1.3991385090436625e-14
27.920000076293945 2.5924068461032936e-14
27.989999771118164 2.948195751114116e-14
28.049999237060547 1.5130124326264045e-14
28.110000610351562 1.6840981801919015e-14
28.170000076293945 1.223997167726712e-14
28.239999771118164 1.6536827517153047e-14
28.299999237060547 1.3738516109528063e-14
28.3700008392334 1.4888967269917168e-14
28.43000030517578 1.3689764281215894e-14
28.489999771118164 5.400491319873697e-14
28.559999465942383 1.3179271923465831e-14
28.6200008392334 1.3864430098236256e-14
28.690000534057617 1.309166923496195e-14
28.760000228881836 4.8456190096654236e-14
28.81999969482422 1.3997224535574997e-14
28.889999389648438 1.6476290072412782e-14
28.959999084472656 1.3342541759213834e-14
29.020000457763672 1.2646450930193197e-14
29.09000015258789 1.6163629882790485e-14
29.15999984741211 3.620713144992897e-14
29.229999542236328 2.047895951125603e-14
29.290000915527344 1.2406965069851252e-14
29.360000610351562 1.2983651358363345e-14
29.43000030517578 1.4264356704282374e-14
29.5 4.1654237703395505e-14
29.56999969482422 1.4372675277577254e-14
29.639999389648438 1.4311741421417674e-14
29.709999084472656 1.1356446009546262e-14
29.780000686645508 1.3049026208265379e-14
29.850000381469727 1.7648241470102043e-14
29.920000076293945 1.2546791574718098e-14
30.0 1.518666716362506e-14
30.06999969482422 1.4253407956406165e-14
30.139999389648438 1.1194426394428407e-14
30.209999084472656 1.2340284942177499e-14
30.290000915527344 1.2069989952445074e-14
30.360000610351562 1.3992094904046425e-14
30.43000030517578 5.2980609808149504e-14
30.510000228881836 1.1779743948673021e-14
30.579999923706055 1.1425768880015449e-14
30.65999984741211 1.3574689773133714e-14
30.729999542236328 1.20468600237544e-14
30.809999465942383 1.286595274221057e-14
30.8799991607666 1.5731865002322973e-14
30.959999084472656 1.499999973677505e-14
31.040000915527344 2.581185523024658e-14
31.110000610351562 1.8437801537819244e-14
31.190000534057617 1.1535748484919894e-14
31.270000457763672 1.881675730215724e-14
31.350000381469727 2.1614034482553626e-14
31.43000030517578 2.471524063695201e-14
31.510000228881836 1.2199301390304704e-14
31.579999923706055 1.2932235611432061e-14
31.65999984741211 1.8806064358231102e-14
31.739999771118164 1.2696912070992925e-14
31.829999923706055 1.2183474579685258e-14
31.90999984741211 1.2121592046624753e-14
31.989999771118164 1.5104720114109994e-14
32.06999969482422 1.2061116435289638e-14
32.150001525878906 1.9782269829941683e-14
32.2400016784668 2.9689826172660944e-14
32.31999969482422 1.6540840759257137e-14
32.400001525878906 2.6037037245208242e-14
32.4900016784668 1.57586956179602e-14
32.56999969482422 3.284617586599148e-14
32.65999984741211 2.1451316065254286e-14
32.7400016784668 1.3048258796415167e-14
32.83000183105469 1.4766980972985393e-14
32.90999984741211 1.3400182351274489e-14
33.0 1.92848480376007e-14
33.09000015258789 1.0964037667939974e-14
33.16999816894531 1.1383780609787106e-14
33.2599983215332 1.6909200141424982e-14
33.349998474121094 1.7763117772474565e-14
33.439998626708984 1.3223684401989216e-14
33.529998779296875 3.0838053871563506e-14
33.619998931884766 1.6240333798362046e-14
33.709999084472656 1.83743699509048e-13
33.79999923706055 1.8816567566777055e-14
33.88999938964844 1.3561522645968646e-14
33.97999954223633 1.74573270200545e-14
34.08000183105469 1.369131435150937e-14
34.16999816894531 1.2724612589466982e-14
34.2599983215332 1.786923575417248e-14
34.36000061035156 1.683934872239671e-14
34.45000076293945 1.0519593551285011e-14
34.54999923706055 1.879015877354756e-14
34.63999938964844 1.525404185831556e-14
34.7400016784668 1.204951038984636e-14
34.84000015258789 1.5309988384481707e-14
34.93000030517578 1.5568279223285644e-14
35.029998779296875 1.1161861365738268e-14
35.130001068115234 1.670936474037696e-14
35.22999954223633 2.1589553536312082e-14
35.33000183105469 1.2097367751366227e-14
35.43000030517578 1.5975161663894615e-14
35.529998779296875 1.667886308394633e-14
35.630001068115234 1.3634577543603435e-14
35.72999954223633 1.736356047279345e-14
35.83000183105469 1.0209321994573972e-14
35.93000030517578 1.1967714959228853e-14
36.040000915527344 1.2180909763920972e-14
36.13999938964844 1.0359711847326026e-14
36.25 1.5691034626133527e-14
36.349998474121094 5.234112703802682e-14
36.459999084472656 1.1086121373660683e-14
36.560001373291016 2.3358861367525283e-14
36.66999816894531 3.9383691349380995e-14
36.779998779296875 1.9771615849531118e-14
36.88999938964844 1.450257455630228e-14
37.0 1.296756789676088e-14
37.11000061035156 1.0692535656257711e-14
37.220001220703125 1.0295539784209093e-14
37.33000183105469 1.2579694569554191e-14
37.439998626708984 1.4850427270817097e-14
37.54999923706055 1.4114514034814247e-14
37.65999984741211 3.857674000119077e-14
37.779998779296875 1.4197988284733211e-14
37.88999938964844 1.1311691329712187e-14
38.0099983215332 1.0802420393472064e-14
38.119998931884766 1.0797481344356624e-14
38.2400016784668 1.2086820497107017e-14
38.36000061035156 1.2664233539887854e-14
38.470001220703125 1.2664413957905619e-14
38.59000015258789 1.3713397347477237e-14
38.709999084472656 1.2627228364488208e-14
38.83000183105469 1.524594422333981e-14
38.95000076293945 1.8161745029979595e-14
39.06999969482422 1.1958024055279317e-14
39.20000076293945 3.4663264825759293e-14
39.31999969482422 2.052390646756913e-14
39.439998626708984 1.1932048942918817e-14
39.56999969482422 1.05483952125905e-14
39.689998626708984 1.2370874690034641e-14
39.81999969482422 1.3837267445683706e-14
39.95000076293945 9.662077724275492e-15
40.06999969482422 1.768405232904606e-14
40.20000076293945 3.0706468997273445e-14
40.33000183105469 1.5809571804904082e-14
40.459999084472656 1.0138408396229842e-14
40.59000015258789 2.095097370331117e-14
40.72999954223633 1.1156395462129636e-14
40.86000061035156 2.6681351491262065e-14
40.9900016784668 1.740424515931597e-14
41.130001068115234 9.715536514675552e-15
41.2599983215332 9.418322817879386e-15
41.400001525878906 1.042512057854595e-14
41.540000915527344 2.6779007613816908e-14
41.66999816894531 1.441324646168484e-14
41.810001373291016 9.251375165074405e-15
41.95000076293945 1.2643623534215262e-14
42.099998474121094 1.0793349517639918e-14
42.2400016784668 1.6500947201507354e-14
42.380001068115234 9.344030405108658e-15
42.52000045776367 3.00094083155282e-14
42.66999816894531 9.327396372090478e-15
42.810001373291016 9.35295474424093e-15
42.959999084472656 1.0400372816926021e-14
43.11000061035156 9.5059153419879e-15
43.2599983215332 1.2806287741405978e-14
43.40999984741211 9.970052974666525e-15
43.560001373291016 1.365932022302568e-14
43.709999084472656 2.2173415040920366e-14
43.86000061035156 1.2102143323122847e-14
44.02000045776367 2.3343934952928767e-14
44.16999816894531 3.0079237711699847e-14
44.33000183105469 1.0376720268906892e-14
44.4900016784668 1.0699033245996099e-14
44.650001525878906 1.274356071649706e-14
44.810001373291016 9.118500259605675e-15
44.970001220703125 9.321770379254815e-15
45.130001068115234 1.0587192709706535e-14
45.290000915527344 1.400309108576768e-14
45.459999084472656 1.3396392725868473e-14
45.619998931884766 1.8417360938736103e-14
45.790000915527344 8.595763193570104e-15
45.959999084472656 9.895561509153192e-15
46.130001068115234 9.755040437269599e-15
46.29999923706055 1.934773176360486e-14
46.470001220703125 1.1637616055288486e-14
46.63999938964844 1.558319039128911e-14
46.81999969482422 1.462622781407425e-14
46.9900016784668 9.772291957306327e-15
47.16999816894531 1.1897392589881907e-14
47.349998474121094 1.3001056191363526e-14
47.529998779296875 4.149379407777931e-13
47.709999084472656 1.1829805289921645e-14
47.88999938964844 9.42159151802284e-15
48.06999969482422 8.416891857966624e-15
48.2599983215332 1.3957729083310423e-14
48.45000076293945 8.796698043383663e-15
48.630001068115234 8.883405418062297e-15
48.81999969482422 1.0725112543409111e-14
49.0099983215332 9.153233692640785e-15
49.209999084472656 2.1072953223979368e-14
49.400001525878906 1.0388664280496125e-14
49.599998474121094 8.270161187546709e-15
49.790000915527344 1.0022092984879934e-14
49.9900016784668 9.173834380950957e-15
50.189998626708984 9.838612943010444e-15
50.400001525878906 2.4107142131590993e-14
50.599998474121094 2.5960473937105925e-14
50.79999923706055 1.0484251948593773e-14
51.0099983215332 9.025681542212602e-15
51.220001220703125 9.824287074773532e-15
51.43000030517578 8.909196724273243e-15
51.63999938964844 8.098373588481117e-15
51.86000061035156 7.153875948118053e-15
52.06999969482422 7.666602778782974e-15
52.290000915527344 1.344425347552013e-14
52.5099983215332 1.0702722921514338e-14
52.72999954223633 1.0183955898902548e-14
52.95000076293945 2.3063267197724266e-14
53.18000030517578 9.921023319547657e-15
53.400001525878906 7.573033590198633e-15
53.630001068115234 7.79414476481579e-15
53.86000061035156 8.143334944354323e-15
54.099998474121094 2.0351201531821662e-14
54.33000183105469 1.0127001403529168e-14
54.56999969482422 2.5589151633688585e-14
54.810001373291016 1.0133187285142967e-14
55.04999923706055 9.22797418584061e-15
55.290000915527344 2.2369325291290813e-14
55.540000915527344 8.390349233531463e-15
55.779998779296875 8.913589437137704e-15
56.029998779296875 8.609673168629914e-15
56.279998779296875 9.001421671570291e-15
56.540000915527344 8.16413129727531e-15
56.790000915527344 7.223102256831253e-15
57.04999923706055 8.459246046428181e-15
57.310001373291016 9.76792889059502e-15
57.58000183105469 6.780131977504513e-15
57.84000015258789 1.4156293087904618e-14
58.11000061035156 1.2768887001619964e-14
58.380001068115234 7.649879807305332e-15
58.65999984741211 8.094102001328114e-15
58.93000030517578 9.132869326522897e-15
59.209999084472656 9.174125760284813e-15
59.4900016784668 1.9660447857401675e-14
59.779998779296875 6.744730658990493e-15
60.060001373291016 7.755577660661407e-15
60.349998474121094 7.12510393296572e-15
60.63999938964844 7.104221606200585e-15
60.939998626708984 1.6258614463429688e-14
61.2400016784668 9.105160337719367e-15
61.540000915527344 9.255768724971813e-15
61.84000015258789 8.412030735882332e-15
62.150001525878906 7.031375502187295e-15
62.459999084472656 7.829010334990671e-15
62.77000045776367 1.7661302718148704e-14
63.09000015258789 9.798699903502874e-15
63.40999984741211 1.358776203260869e-14
63.72999954223633 2.9803860524283896e-14
64.05999755859375 1.1354979795514565e-14
64.38999938964844 6.50722177354744e-15
64.72000122070312 8.563040616751776e-15
65.05000305175781 7.025364956393578e-15
65.38999938964844 8.206147519590912e-15
65.73999786376953 1.0571950351820694e-14
66.08000183105469 7.654358070497465e-15
66.44000244140625 3.0015049554956916e-14
66.79000091552734 6.105704439626379e-15
67.1500015258789 6.948622500822918e-15
67.51000213623047 8.12027870753006e-15
67.87999725341797 7.1007661352922614e-15
68.25 6.145055049256972e-15
68.62000274658203 7.6537456656766e-15
69.0 7.440579660104689e-15
69.37999725341797 6.370711826185569e-15
69.7699966430664 3.308011958975954e-14
70.16000366210938 9.538198308706603e-15
70.55000305175781 6.883061727188961e-15
70.94999694824219 6.308667933348612e-15
71.36000061035156 1.2309417367513658e-14
71.7699966430664 5.7879336767168235e-15
72.18000030517578 7.93294551278351e-15
72.5999984741211 5.559228851727532e-15
73.0199966430664 5.798411474274359e-15
73.44999694824219 1.477739947823662e-14
73.87999725341797 5.119112226400092e-15
74.31999969482422 5.87997862951258e-15
74.76000213623047 7.271267938343921e-15
75.20999908447266 1.3482249679468063e-14
75.66999816894531 6.427910690564231e-15
76.12999725341797 8.947852766887088e-15
76.58999633789062 9.288418456956677e-15
77.05999755859375 6.545548743861276e-15
77.54000091552734 8.021666284777768e-15
78.0199966430664 7.444244771667458e-15
78.51000213623047 6.8322507617820175e-15
79.01000213623047 5.295532248654217e-15
79.51000213623047 6.982769363542054e-15
80.0199966430664 5.578605153912447e-15
80.52999877929688 5.2477337559241836e-15
81.05000305175781 5.82356581170897e-15
81.58000183105469 8.046089632778898e-15
82.12000274658203 6.264003886039893e-15
82.66000366210938 6.970723284482677e-15
83.20999908447266 6.638624959270315e-15
83.7699966430664 6.601408449150329e-15
84.33000183105469 5.891142100240918e-15
84.9000015258789 6.155476942639989e-15
85.4800033569336 4.8245205200921504e-15
86.06999969482422 5.1074706055730286e-15
86.66000366210938 5.30117687621472e-15
87.2699966430664 4.819525566802192e-15
87.87999725341797 7.985890154184588e-15
88.5 5.324293675894711e-15
89.12999725341797 4.768316072393565e-15
89.7699966430664 5.304667498990355e-15
90.41999816894531 6.261888844770599e-15
91.08000183105469 6.152832505778661e-15
91.73999786376953 4.944408292897103e-15
92.41999816894531 5.308374962200487e-15
93.11000061035156 3.784770636678552e-15
93.80000305175781 1.1810234593675334e-14
94.51000213623047 3.8408632760280996e-15
95.2300033569336 4.191956315082639e-15
95.95999908447266 5.483534599429098e-15
96.69999694824219 6.252326689829045e-15
97.44999694824219 5.077475474844859e-15
98.22000122070312 8.574628027470214e-15
98.98999786376953 4.00242464632149e-15
99.77999877929688 3.828422479615302e-15
100.5999984741211 4.6560634545751624e-15
101.4000015258789 5.256410337919383e-15
102.19999694824219 7.227006231685148e-15
103.0999984741211 5.305528507981239e-15
103.9000015258789 6.796920170519093e-15
104.80000305175781 4.0725191638056255e-15
105.69999694824219 3.8391675160676965e-15
106.5999984741211 4.050656819920518e-15
107.5 3.3451162795820758e-15
108.4000015258789 7.553505245599685e-15
109.4000015258789 3.3327239758055086e-15
110.30000305175781 3.824116164111461e-15
111.30000305175781 3.523809526508395e-15
112.30000305175781 3.0739092471236944e-15
113.30000305175781 3.140335476671508e-15
114.4000015258789 3.3601398912092885e-15
115.4000015258789 3.925476785261121e-15
116.5 3.4128755272306308e-15
117.5999984741211 5.190476022755687e-15
118.69999694824219 4.1718617289584516e-15
119.80000305175781 4.545909784400056e-15
