WAVELENGTH FLUX
1.0 1.3463828761795457e-24
6.0 5.1444160420137296e-18
11.0 1.2269719811087245e-16
16.0 7.806526236067219e-16
21.0 6.32375017172894e-16
26.0 1.3591046496353248e-16
31.0 1.5807204941266717e-16
36.0 2.3253359864574695e-16
41.0 1.6040973900488567e-16
46.0 1.9319616882282617e-16
51.0 1.6668805552442155e-16
56.0 1.5845346818061613e-16
61.0 1.7130563180718112e-16
66.0 2.0279300446764734e-16
71.0 1.9618267238011393e-16
76.0 1.0380383439739064e-16
81.0 7.011162851483218e-17
86.0 4.7441334651078403e-17
91.0 4.734831714404283e-17
96.0 4.726879516119676e-17
101.0 3.328397491831443e-17
106.0 2.5639294393422854e-17
111.0 1.1933734724292312e-17
116.0 2.211122936707516e-17
121.0 1.8228462455852144e-17
126.0 9.490611032552302e-18
131.0 2.3655277267532347e-17
136.0 1.6669486475680956e-17
141.0 2.5162794313857186e-17
146.0 2.8401317791637655e-17
151.0 3.015290949688903e-17
156.0 4.726813250016566e-17
161.0 5.4194537156487957e-17
166.0 1.1977576247873e-16
171.0 1.819593507093738e-16
176.0 1.861540465951887e-16
181.0 1.6142069516329311e-16
186.0 2.328318833567926e-16
191.0 1.440011816525358e-16
196.0 2.1881815498754962e-16
201.0 1.447939713969073e-16
206.0 1.6465585924283008e-16
211.0 2.229091386462244e-16
216.0 1.8166253103879616e-16
221.0 3.3294641296002046e-16
226.0 1.4003905883036092e-16
231.0 5.591889373361021e-17
236.0 1.0555659035443249e-16
241.0 7.376569897965314e-17
246.0 1.4417703316456014e-16
251.0 2.385595884880992e-16
256.0 3.284147401587385e-16
261.0 1.2303723374546615e-16
266.0 1.9998060950886727e-16
271.0 9.229296512125024e-17
276.0 1.1787096200376025e-16
281.0 2.0180291025795986e-17
286.0 1.3967648950551066e-15
291.0 8.860052748145334e-17
296.0 1.736158235246191e-17
301.0 2.367495254454482e-16
306.0 8.932018420695141e-17
311.0 5.1556145759396325e-17
316.0 5.1159173236446925e-17
321.0 6.440697285973952e-17
326.0 2.962814954575205e-17
331.0 1.521942089002978e-17
336.0 1.190982476044863e-15
341.0 1.537575703795249e-17
346.0 3.396867404255525e-17
351.0 4.214155637774958e-17
356.0 9.635121090620944e-17
361.0 5.710336335683723e-16
366.0 8.870687854600133e-17
371.0 7.850900145701284e-18
376.0 3.24231083653839e-18
381.0 4.397930270562677e-18
386.0 8.739896606173327e-18
391.0 1.399015503136253e-17
396.0 1.548301190795286e-18
401.0 3.123560665795822e-17
406.0 1.332259564874841e-18
411.0 1.0353403413000589e-17
416.0 1.2760638912912327e-16
421.0 2.9905970842396847e-18
426.0 1.8147058710231134e-18
431.0 1.271342523266643e-17
436.0 1.846555202924201e-17
441.0 3.825604691965004e-18
446.0 4.3565718976482526e-17
451.0 2.2272163026101354e-18
456.0 3.1081159854688265e-18
461.0 2.9065126361736605e-18
466.0 3.2702223801787425e-17
471.0 4.008974638887457e-18
476.0 4.2601674700059864e-19
481.0 1.9057691986890763e-17
486.0 2.8672802492233423e-18
491.0 6.3657915966613045e-18
496.0 8.99586222536149e-19
501.0 1.9429240662790032e-16
506.0 4.8137911183210325e-18
511.0 1.9968201872630456e-18
516.0 8.970412681612534e-19
521.0 9.584353961984855e-17
526.0 2.314268985505273e-18
531.0 8.55177396140489e-19
536.0 1.2394798200937513e-18
541.0 3.798248557932471e-18
546.0 3.496761906415286e-18
551.0 1.6795909759068484e-17
556.0 5.373733574891762e-17
561.0 2.5499390412603596e-17
566.0 9.118527938525462e-18
571.0 1.0202797675710129e-17
576.0 2.6227897970695695e-18
581.0 4.744838050471588e-18
586.0 3.1018171481273894e-18
591.0 2.294898598898675e-19
596.0 1.0086228478223832e-18
601.0 4.751576907797531e-18
606.0 6.129793381076414e-18
611.0 8.264005438883213e-17
616.0 8.809673677934973e-19
621.0 5.067937631105187e-19
626.0 4.618689998101343e-17
631.0 1.1106735815816882e-16
636.0 5.488292221411828e-19
641.0 8.07699192967182e-19
646.0 2.3194406797372036e-19
651.0 6.294498717090632e-19
656.0 1.8619367470260004e-18
661.0 3.231226445383391e-18
666.0 2.32284199295284e-19
671.0 1.762670435893284e-19
676.0 3.532383206905823e-19
681.0 3.0154614216914044e-18
686.0 2.5825078248355764e-18
691.0 5.305080586425e-19
696.0 2.184191918864383e-18
701.0 5.346292355592077e-18
706.0 6.5370940073590495e-18
711.0 5.213323522333622e-19
716.0 5.684585157255102e-19
721.0 1.0567568424596043e-18
726.0 2.216205665414067e-19
731.0 2.0346649195304185e-19
736.0 6.404284369616278e-20
741.0 8.069849359276028e-20
746.0 7.878322601686169e-19
751.0 1.4365296647591042e-18
756.0 3.223356552383629e-19
761.0 7.947691751350951e-17
766.0 9.653642967154397e-18
771.0 3.258926112337429e-17
776.0 7.567087234053675e-19
781.0 1.7106397948372346e-17
786.0 2.7438509321955722e-17
791.0 3.47679382510869e-17
796.0 2.1474684940947023e-19
801.0 3.719525412230238e-19
806.0 3.5491137607657117e-19
811.0 2.4026712965317395e-19
816.0 3.863610207325588e-19
821.0 1.4982759347342815e-19
826.0 1.2019780995822495e-19
831.0 2.592059116042115e-18
836.0 1.3778073732663816e-17
841.0 9.752151174455561e-20
846.0 1.4980458784708947e-19
851.0 7.439109888931627e-19
856.0 1.5251441777922395e-18
861.0 1.1300732538448162e-18
866.0 1.84460707557643e-19
871.0 9.389386210613486e-20
876.0 1.9549339049631537e-19
881.0 9.177094396715469e-20
886.0 6.332445259766917e-20
891.0 1.254888257252825e-19
896.0 5.270909017647315e-19
901.0 1.5698653173656058e-19
906.0 8.792232356715586e-19
911.0 2.2325153567301706e-19
916.0 2.1691730788732287e-19
921.0 5.132758374433096e-18
926.0 1.8950051932009194e-18
931.0 3.3500927524730563e-18
936.0 5.42769437560092e-20
941.0 4.902718898802453e-20
946.0 1.7038747922496853e-18
951.0 1.2411097983851813e-16
956.0 9.171124613014474e-20
961.0 1.0042814657339448e-19
966.0 8.810231002766053e-20
971.0 3.1325213657520773e-16
976.0 1.7399275514204453e-17
981.0 1.0768990095524407e-19
986.0 7.012871676849971e-20
991.0 2.8362135358506605e-18
996.0 4.392718179388277e-19
1001.0 2.829347277787092e-19
1006.0 8.615227613778027e-20
1011.0 2.160574067693195e-19
1016.0 1.2516208717991278e-19
1021.0 1.3480527967603278e-19
1026.0 2.01918356148403e-15
1031.0 7.321617000372656e-17
1036.0 3.726852084284046e-17
1041.0 4.97921697335083e-20
1046.0 4.7410919468913244e-20
1051.0 5.632733408629295e-20
1056.0 2.3037668664056384e-20
1061.0 6.996824988972827e-19
1066.0 1.9372281550181061e-19
1071.0 9.430043274553416e-19
1076.0 2.2297350045175973e-19
1081.0 6.322146144860446e-20
1086.0 5.293942947714665e-19
1091.0 6.818116021627211e-21
1096.0 4.025444491526545e-20
1101.0 1.7766158342828088e-19
1106.0 2.851826594199982e-19
1111.0 1.8720027684905494e-18
1116.0 4.817900547671637e-20
1121.0 1.6930309811025168e-19
1126.0 2.7356344481431674e-19
1131.0 7.942853818402026e-20
1136.0 8.489400397186349e-19
1141.0 5.213812911925061e-20
1146.0 1.3134912466181693e-19
1151.0 9.83955297970879e-20
1156.0 2.2296471492711772e-20
1161.0 3.329102797321177e-20
1166.0 5.013564482144132e-20
1171.0 4.917166285962417e-20
1176.0 1.0911731418697593e-17
1181.0 2.4186186979840895e-20
1186.0 4.1490333088584216e-20
1191.0 2.2410602038950295e-18
1196.0 4.461432145272937e-18
1201.0 1.1150416855531179e-18
1206.0 8.97598071730714e-18
1211.0 2.452919248526421e-20
1216.0 1.2235906403615943e-14
1221.0 2.3871689996769028e-20
1226.0 2.2108726464185225e-20
1231.0 6.961573290717114e-20
1236.0 4.2574120544867273e-20
1241.0 9.928566121728842e-18
1246.0 5.678538968668819e-19
1251.0 3.8784128911851206e-19
1256.0 4.947919216865887e-19
1261.0 5.1090636767098295e-18
1266.0 7.76122272855497e-18
1271.0 1.1984398438286083e-19
1276.0 7.19066677243332e-19
1281.0 6.310857118236018e-19
1286.0 7.716054762393572e-20
1291.0 5.596005351652289e-20
1296.0 5.890474261016969e-19
1301.0 2.2112973046845557e-18
1306.0 2.0707734211294564e-18
1311.0 2.808348096950289e-18
1316.0 3.251284307839827e-20
1321.0 2.2781705054600634e-20
1326.0 4.689650578053627e-20
1331.0 2.0797832020339933e-18
1336.0 1.0763896376449047e-17
1341.0 1.1773260438024371e-19
1346.0 8.868173492927236e-20
1351.0 1.7158061426660146e-20
1356.0 4.747261252627795e-20
1361.0 3.6757028648473935e-20
1366.0 2.904355675357924e-20
1371.0 2.480941224360258e-18
1376.0 2.0509994124755496e-20
1381.0 5.897870079766808e-21
1386.0 1.1505877162868724e-20
1391.0 9.143865504109485e-21
1396.0 2.9945096043728626e-18
1401.0 1.5899650120807112e-18
1406.0 1.1071396666594077e-19
1411.0 2.616541992384119e-19
1416.0 4.512411397126812e-20
1421.0 8.66816556291857e-21
1426.0 1.822785831191045e-19
1431.0 7.311217295496371e-20
1436.0 1.14315032758255e-19
1441.0 1.0109781037926289e-19
1446.0 2.0222352201459945e-20
1451.0 2.030146401582215e-20
1456.0 6.607631624496897e-21
1461.0 2.4362826820710173e-19
1466.0 2.0408828111892954e-19
1471.0 1.4025831616319647e-20
1476.0 9.758038384667064e-21
1481.0 1.26548304003671e-19
1486.0 1.394979385104412e-20
1491.0 1.5142126860774244e-19
1496.0 7.953732162483404e-20
1501.0 2.2069051023982557e-19
1506.0 9.099340280188796e-21
1511.0 4.105936156546936e-21
1516.0 2.7177966635501833e-21
1521.0 1.844398763978678e-20
1526.0 4.522341994453604e-18
1531.0 8.87928065671432e-18
1536.0 9.297185594002254e-21
1541.0 1.821544225253244e-21
1546.0 1.4754663636353168e-17
1551.0 7.671496230444445e-18
1556.0 8.637839825778864e-20
1561.0 4.3784477662144906e-17
1566.0 2.0841368219029306e-18
1571.0 2.332042586057836e-18
1576.0 1.5729599697423996e-18
1581.0 7.37611127497388e-19
1586.0 8.127734831536444e-19
1591.0 1.5340862194208738e-20
1596.0 3.351725118761694e-21
1601.0 2.225540449368796e-20
1606.0 1.3678232540662385e-20
1611.0 7.116387532050236e-19
1616.0 1.0899902881960985e-20
1621.0 7.042219733932561e-20
1626.0 3.417142288086372e-18
1631.0 5.353581155836817e-20
1636.0 1.1494272110049703e-18
1641.0 2.083415686874792e-18
1646.0 3.79339750636051e-19
1651.0 3.711093726806322e-19
1656.0 2.420809458214205e-17
1661.0 3.588616021395562e-18
1666.0 2.460986769895475e-20
1671.0 5.300136393569272e-17
1676.0 1.7636374777643386e-18
1681.0 1.6560364082212585e-19
1686.0 1.0307303971306794e-18
1691.0 8.1238188004362235e-19
1696.0 6.377157403620117e-19
1701.0 5.4012647958834495e-18
1706.0 3.1882904521842295e-19
1711.0 4.696448931980983e-18
1716.0 5.482209792608166e-19
1721.0 3.804017531354906e-18
1726.0 2.994310410122491e-18
1731.0 6.185025948722179e-20
1736.0 4.7103227917299813e-20
1741.0 6.002106554490134e-20
1746.0 3.482361634823932e-20
1751.0 4.1774716357242586e-20
1756.0 2.1345113885161098e-21
1761.0 2.750649743126899e-19
1766.0 7.596124872254294e-19
1771.0 4.747891372901305e-21
1776.0 1.000005607810321e-21
1781.0 1.2044684501691195e-21
1786.0 7.453312373684572e-22
1791.0 5.601055702469683e-21
1796.0 2.573927531417733e-21
1801.0 9.704169169692052e-21
1806.0 4.1053552339872e-17
1811.0 1.677879328436409e-21
1816.0 7.059877022454578e-17
1821.0 2.6710499723376513e-19
1826.0 8.169254427196505e-20
1831.0 1.0062423262669253e-19
1836.0 3.3108065212894294e-19
1841.0 5.94741588170108e-19
1846.0 4.6863395877366793e-20
1851.0 5.3819105484853194e-20
1856.0 2.90319848141743e-19
1861.0 3.6760946040845125e-19
1866.0 2.377982936482313e-21
1871.0 1.406599661810498e-19
1876.0 3.022187238816612e-20
1881.0 8.084600536249298e-21
1886.0 1.6502695467089768e-20
1891.0 7.948756740141439e-20
1896.0 2.5864347500299083e-19
1901.0 1.1003960380774501e-20
1906.0 7.101157349499655e-20
1911.0 6.028838068003203e-21
1916.0 1.294605153294119e-19
1921.0 3.1757458745944937e-20
1926.0 7.295599097135087e-20
1931.0 6.5689244293059135e-18
1936.0 2.04557100341068e-20
1941.0 1.883738296755677e-20
1946.0 7.853970279380601e-21
1951.0 4.7449936155318173e-20
1956.0 5.923676425674196e-20
1961.0 2.6103007673318032e-20
1966.0 1.861357204606288e-20
1971.0 3.983928091989963e-21
1976.0 1.0868943339673081e-20
1981.0 8.075197877965979e-21
1986.0 5.27685732841302e-20
1991.0 7.182279450611057e-20
1996.0 6.271072969568254e-20
