WAVELENGTH FLUX
4.96036016648772 2.5402720704245793e-16
4.962345501914462 2.544416181400732e-16
4.9643324271995946 2.549256188013534e-16
4.9663209442536225 2.5530029485912795e-16
4.968311054990113 2.5607290009467623e-16
4.970302761325703 2.564420141580142e-16
4.972296065180102 2.5646756052957076e-16
4.974290968476104 2.567933525973142e-16
4.976287473139582 2.5718282515840663e-16
4.978285581099511 2.576418709295884e-16
4.980285294287962 2.5849634389026265e-16
4.982286614640111 2.588819479744126e-16
4.984289544094245 2.589849639265869e-16
4.98629408459177 2.600049342431311e-16
4.988300238077219 2.597023638952131e-16
4.990308006498251 2.601958811006206e-16
4.992317391805666 2.603172662798153e-16
4.994328395953405 2.606862858704782e-16
4.996341020898557 2.6101188750839124e-16
4.9983552686013715 2.6137480402950685e-16
5.0003711410252585 2.6174765967762745e-16
5.002388640136796 2.62119843550364e-16
5.004407767905734 2.624912644062809e-16
5.006428526305012 2.629581120790426e-16
5.008450917310749 2.6427473256720423e-16
5.010474942902265 2.6746247948254645e-16
5.012500605062075 2.706313112505998e-16
5.014527905775908 2.654659187790463e-16
5.016556847032699 2.6484586877021043e-16
5.01858743082461 2.6756598869940903e-16
5.020619659147026 2.7623595987219814e-16
5.022653533998567 2.691972104784482e-16
5.024689057381092 2.7741659005722225e-16
5.026726231299707 3.4006749629377816e-16
5.028765057762772 2.8586282800418044e-16
5.030805538781905 2.6833643217172183e-16
5.032847676371992 2.680348817987629e-16
5.034891472551188 2.702490512940298e-16
5.036936929340932 4.615853214267207e-16
5.038984048765949 7.865336777493215e-15
5.0410328328542535 1.7741374869778028e-15
5.043083283637164 2.783971206639576e-15
5.045135403149299 3.0088863780723997e-16
5.047189193428597 1.0122032728937266e-15
5.049244656516312 2.376007180941727e-15
5.051301794457028 2.744498670938631e-16
5.0533606092986565 2.7565894619129807e-16
5.055421103092456 2.762426526786034e-16
5.057483277893028 5.347546659817708e-16
5.0595471357583275 2.98719977925856e-16
5.061612678749672 8.536332957093797e-16
5.063679908931745 1.2311421107621936e-15
5.065748828372604 2.91656448587199e-15
5.067819439143691 3.815717590237126e-16
5.069891743319833 4.456622659048409e-16
5.071965742979252 3.232503553160434e-16
5.074041440203574 3.018329235747005e-16
5.076118837077833 2.877054069385758e-16
5.078197935690478 3.048789166248e-16
5.080278738133384 2.8745242138605255e-16
5.082361246501851 2.8140203012019413e-16
5.084445462894621 7.368209831233039e-16
5.086531389413878 9.778348354609281e-16
5.088619028165257 3.231130105075759e-16
5.090708381257851 2.7683122633023596e-16
5.092799450804221 7.852165433240291e-16
5.094892238920395 2.7565785675394246e-16
5.096986747725887 2.792271820494834e-16
5.0990829793436925 2.6382996628869382e-15
5.101180935900304 4.8654630136091414e-15
5.103280619525714 3.4882804797348925e-15
5.105382032353424 2.775885293915355e-16
5.107485176520449 2.768272543823804e-16
5.109590054167331 2.772359766554279e-16
5.111696667438137 2.7771453071849826e-16
5.113805018480476 2.7808211376303123e-16
5.115915109445497 2.785561509295823e-16
5.118026942487906 2.789073095132654e-16
5.120140519765964 2.816276619171553e-16
5.1222558434415 2.9496315127523964e-16
5.124372915679918 2.829547448639371e-16
5.126491738650203 3.3153881921820164e-16
5.128612314524927 3.0007944807647286e-16
5.1307346454802625 2.8854260565520156e-16
5.132858733695981 3.7513317546090196e-16
5.134984581355467 4.1219981278593645e-16
5.137112190645725 2.8278741453180497e-16
5.139241563757383 2.8336672313113276e-16
5.141372702884705 2.834218450061895e-16
5.143505610225594 2.8389691680662997e-16
5.145640287981602 4.0273666042625564e-16
5.147776738357942 2.8470627966337143e-16
5.149914963563483 2.849357754536606e-16
5.152054965810772 2.853870510189101e-16
5.154196747316032 2.8582498348092134e-16
5.156340310299173 2.8621246498552353e-16
5.1584856569838005 2.866036967600822e-16
5.160632789597222 2.873127390258146e-16
5.162781710370454 4.729997710416759e-16
5.16493242153823 2.882214688712846e-16
5.1670849253390125 2.8837713745372955e-16
5.1692392240149925 2.886753831968183e-16
5.171395319812104 2.890630803804497e-16
5.173553214980031 2.8950370068131766e-16
5.175712911772211 2.901097787185015e-16
5.177874412445849 2.9188427021415236e-16
5.180037719261919 2.913921979716385e-16
5.182202834485178 2.91550900028412e-16
5.184369760384169 2.921819703997118e-16
5.186538499231232 5.774394032127238e-16
5.188709053302512 2.92879790892206e-16
5.190881424877963 2.9287407081791526e-16
5.1930556162413595 2.9316817987132537e-16
5.195231629680307 2.9355499422843546e-16
5.197409467486241 2.939691836188816e-16
5.199589131954449 2.9437538951306324e-16
5.201770625384061 2.9478186774920894e-16
5.203953950078074 2.9518801022198944e-16
5.206139108343353 2.957638139223482e-16
5.208326102490633 3.3921247488868546e-16
5.210514934834541 2.9689287147693926e-16
5.212705607693593 3.70481922881211e-16
5.2148981233902045 2.985290211721129e-16
5.217092484250701 4.402804994107054e-16
5.2192886926053275 2.991687733932664e-16
5.2214867507882525 2.9903767736401285e-16
5.223686661137577 7.731225501290565e-16
5.225888425995347 3.0000082128284417e-16
5.2280920477075545 2.995748690509762e-16
5.230297528624155 2.9993301956226697e-16
5.23250487109907 3.003262630136202e-16
5.2347140774901915 3.0070867649469223e-16
5.236925150159402 3.0113718802782384e-16
5.239138091472571 3.016118153205573e-16
5.241352903799573 3.0208757153905563e-16
5.243569589514288 3.0256160120453986e-16
5.245788150994614 3.030365528077982e-16
5.248008590622479 3.035248300148442e-16
5.2502309107838405 3.040132310892593e-16
5.252455113868701 3.0449998898949607e-16
5.254681202271115 3.049846192694072e-16
5.256909178389199 3.054674563692096e-16
5.259139044625135 3.059484136935711e-16
5.2613708033851845 3.064277081173539e-16
5.263604457079696 3.069060255630967e-16
5.265840008123109 3.073807249753833e-16
5.2680774589339725 3.078553039508248e-16
5.2703168119349435 3.083301647132007e-16
5.272558069552802 3.088103340926661e-16
5.274801234218455 3.092659446062732e-16
5.277046308366952 3.097297493980749e-16
5.279293294437488 3.1019400633213037e-16
5.281542194873413 3.10655371387355e-16
5.283793012122244 3.1252492737893534e-16
5.286045748635671 1.246782747507391e-15
5.288300406869569 3.1528123077867084e-16
5.290556989284002 3.127705732134631e-16
5.292815498343234 3.129575311580019e-16
5.295075936515744 3.1353824601991337e-16
5.297338306274224 3.1420749220367243e-16
5.2996026100955955 3.144980839266892e-16
5.301868850461019 3.148604505869434e-16
5.304137029855897 3.1627656694896824e-16
5.306407150769891 3.226208834301314e-16
5.308679215696924 3.173663856794492e-16
5.310953227135192 3.1653696194848783e-16
5.313229187587175 3.1697950770974694e-16
5.315507099559642 3.178673485912571e-16
5.317786965563666 3.2082126683000384e-16
5.320068788114627 3.189645665925919e-16
5.322352569732225 3.205226168039058e-16
5.324638312940491 3.2608523601339163e-16
5.326926020267789 3.2569687447371467e-16
5.329215694246833 3.209204722854793e-16
5.331507337414695 3.2110476203509213e-16
5.333800952312808 3.2522275664285336e-16
5.336096541486985 3.2213935295306383e-16
5.338394107487421 3.2203327878946196e-16
5.340693652868706 3.222020091483168e-16
5.342995180189832 3.2256897402649084e-16
5.345298692014206 3.229915267529295e-16
5.3476041909096566 3.237839212643629e-16
5.349911679448446 3.2664949420512855e-16
5.352221160207273 3.2698916456149157e-16
5.354532635767295 3.252256521505841e-16
5.356846108714125 3.253087278608265e-16
5.3591615816378475 3.2579063579065763e-16
5.361479057133028 3.262620177257137e-16
5.363798537798722 3.267330853496804e-16
5.366120026238482 3.2721012586524855e-16
5.368443525060375 3.277079067793243e-16
5.370769036876981 3.2826026210887915e-16
5.373096564305413 3.288208357189791e-16
5.3754261099673215 3.295814393593075e-16
5.377757676488905 3.304866495219816e-16
5.38009126650092 3.319513699239229e-16
5.382426882638694 3.3570274860233787e-16
5.3847645275421305 3.325906931239644e-16
5.387104203855719 3.3419564057149677e-16
5.389445914228552 3.3308038762870646e-16
5.391789661314327 3.3342013096866866e-16
5.394135447771359 3.4023634211385776e-16
5.396483276262595 4.0226242660991257e-16
5.398833149455614 3.4423210379305656e-16
5.401185070022652 3.3579270671276635e-16
5.403539040640594 2.3212726477451688e-15
5.405895063991002 3.39608393493705e-16
5.408253142760111 3.563690823560027e-16
5.410613279638846 3.401994490214536e-16
5.412975477322836 3.3703129441632274e-16
5.4153397385124125 3.375038020028334e-16
5.417706065912632 3.3800584477248384e-16
5.420074462233281 3.3855918340607294e-16
5.422444930188881 3.396013551630948e-16
5.424817472498711 3.40314024850457e-16
5.427192091886809 3.4673949908453494e-16
5.429568791081983 3.5502717924629107e-16
5.431947572817824 5.118013920726264e-16
5.4343284398327185 3.4256336914199733e-16
5.4367113948698504 3.423596564676851e-16
5.439096440677224 3.426333552911861e-16
5.441483580007662 3.431304071497546e-16
5.443872815618824 3.434135180701352e-16
5.446264150273216 3.4529825039446736e-16
5.448657586738201 3.562312760597484e-16
5.451053127786005 4.420688643037395e-16
5.453450776193734 8.067114873797357e-16
5.455850534743383 3.6874036572853453e-16
5.4582524062218445 3.5085141822687805e-16
5.46065639342092 3.4701170753342747e-16
5.463062499137332 3.475021975757164e-16
5.465470726172738 3.491144462818274e-16
5.467881077333733 3.485579403167315e-16
5.470293555431867 3.48821735648662e-16
5.472708163283652 3.4932226597545916e-16
5.475124903710582 3.4982151118200276e-16
5.477543779539128 3.5031898031134765e-16
5.479964793600764 3.508135168229536e-16
5.4823879487319696 3.5130678481341105e-16
5.4848132477742455 3.5184689014561934e-16
5.487240693574122 3.526644534439018e-16
5.489670288983169 3.5361141069961217e-16
5.492102036858011 3.5542301587707307e-16
5.494535940060337 3.545577924970531e-16
5.496972001456909 3.5431603325719596e-16
5.4994102239195755 3.5478705167391115e-16
5.501850610325284 3.551896404895184e-16
5.504293163556091 4.104169395936623e-16
5.506737886499171 3.5611927650528716e-16
5.509184782046833 3.5659003594054395e-16
5.511633853096525 3.5707324330011604e-16
5.5140851025508555 3.5761882571395555e-16
5.516538533317593 3.5801076031845086e-16
5.5189941483096865 3.584593826423921e-16
5.5214519504452735 3.589225447899811e-16
5.523911942647691 3.5938778094767006e-16
5.52637412784549 3.598708014464876e-16
5.528838508972445 3.60443685677274e-16
5.531305088967563 3.619127817091155e-16
5.533773870775101 3.6469287863228735e-16
5.536244857344574 3.642832441031734e-16
5.538718051630767 3.7624880839098385e-16
5.5411934565937475 5.233284259993894e-16
5.543671075198879 5.616884608964984e-16
5.546150910416827 3.6369715135536834e-16
5.548632965223579 3.64161644024619e-16
5.551117242600448 3.646274952061197e-16
5.553603745534093 3.660528030192204e-16
5.5560924770165245 3.953089111097773e-16
5.558583440045118 4.521606586126906e-16
5.5610766376226275 5.987416734744562e-16
5.563572072757197 1.0205705698551328e-15
5.566069748462372 4.112764315739955e-16
5.568569667757112 3.8111507226720445e-16
5.571071833665801 3.7045347482330053e-16
5.573576249218265 3.6921739012161547e-16
5.576082917449776 3.6981292392464227e-16
5.578591841401075 3.7040595630722143e-16
5.581103024118371 3.709964902832925e-16
5.583616468653365 3.7158460279182477e-16
5.586132178063257 3.721706949524752e-16
5.5886501554107575 3.7275411962641435e-16
5.591170403764104 3.733338927903351e-16
5.59369292619707 3.7391202843309394e-16
5.596217725788978 3.7448905003779913e-16
5.598744805624713 3.750631344662388e-16
5.601274168794735 3.765696517488957e-16
5.603805818395092 3.823471500805807e-16
5.60633975752743 3.7788169465047065e-16
5.608875989299009 3.7732904152636616e-16
5.611414516822713 3.778899781319508e-16
5.613955343217068 3.7844846504922783e-16
5.616498471606244 3.7900450604416353e-16
5.61904390512008 3.795580821395619e-16
5.621591646894089 3.8010924253811876e-16
5.624141700069474 3.806579688554512e-16
5.6266940677931405 3.812042628968976e-16
5.62924875321771 3.8174815655336265e-16
5.631805759501528 3.822896267618875e-16
5.634365089808687 3.828287042443414e-16
5.6369267473090305 3.8336539649088035e-16
5.639490735178168 3.8389968060579813e-16
5.6420570565974915 3.844314285159671e-16
5.644625714754185 3.849608458981109e-16
5.647196712841244 3.854923161465338e-16
5.649770054057477 3.8604159127457313e-16
5.6523457416075304 3.8654003813410356e-16
5.654923778701895 3.8705457583036146e-16
5.657504168556923 3.875720304901401e-16
5.660086914394839 3.880870859950605e-16
5.662672019443755 3.885997854509767e-16
5.665259486937682 3.8911256983578973e-16
5.667849320116545 3.896258282886804e-16
5.670441522226198 3.9013670737134794e-16
5.673036096518433 3.906451846106534e-16
5.675633046250996 3.9115131148240983e-16
5.678232374687606 3.918955160300687e-16
5.680834085097956 6.3738650062114234e-15
5.683438180757741 3.930919743026829e-16
5.6860446649486605 3.9318666753331566e-16
5.688653540958439 4.937366086707995e-16
5.691264812080839 3.9414720256367746e-16
5.693878481615672 3.946286013066149e-16
5.696494552868812 3.951184054439444e-16
5.699113029152214 3.956103306408992e-16
5.701733913783924 3.9615152985390706e-16
5.704357210088095 3.967163683972901e-16
5.706982921395002 3.972788857152051e-16
5.709611051041052 3.978391113839291e-16
5.712241602368802 3.983971733203891e-16
5.714874578726969 3.9895491269760513e-16
5.7175099834704515 3.9951100660657353e-16
5.720147819960338 4.000669090601703e-16
5.722788091563919 4.0061672571544753e-16
5.72543080165471 4.0116546275679256e-16
5.728075953612457 4.017120712023136e-16
5.730723550823157 4.0225626244244035e-16
5.733373596679068 4.0279829005206844e-16
5.736026094578728 4.0543245804876095e-16
5.738681047926966 4.1758551599760643e-16
5.741338460134916 4.0692963217743636e-16
5.743998334620035 4.051649466457607e-16
5.746660674806118 4.0552060318809637e-16
5.749325484123307 4.060153050643878e-16
5.751992766008111 4.0659319815006426e-16
5.754662523903419 4.11041753252211e-16
5.757334761258516 4.3521858523654937e-16
5.760009481529093 1.5456097674942687e-15
5.762686688177272 5.432961298471058e-16
5.7653663846716094 6.657641410106023e-16
5.768048574487119 4.732756533659762e-16
5.770733261105281 5.467065611212353e-16
5.773420448014066 5.283853040811179e-16
5.7761101387079385 4.291070655266735e-16
5.778802336687881 4.1241187408796156e-16
5.781497045461406 4.1582873784681375e-16
5.784194268542572 4.38208766619883e-16
5.786894009451995 4.664121458682454e-16
5.789596271716871 5.029221739322908e-16
5.792301058870985 7.308786620672522e-16
5.795008374454729 5.376319941215642e-16
5.797718222015119 6.169543382717678e-16
5.800430605105805 4.21825300686361e-16
5.803145527287094 4.1923332808697696e-16
5.8058629921259595 7.790762942114667e-16
5.80858300319606 5.004320641411507e-16
5.811305564077755 4.2025281340721456e-16
5.814030678358119 4.266227517437819e-16
5.816758349630957 2.683337934590181e-15
5.819488581496825 6.197980285186e-16
5.822221377563037 4.3454295705369417e-16
5.824956741443689 4.496650501835641e-16
5.827694676759673 4.2776920038608533e-16
5.830435187138689 4.248682426106585e-16
5.833178276215268 6.072911300281378e-16
5.83592394763078 1.1017904285060109e-15
5.838672205033456 6.784799243760405e-16
5.841423052078404 4.2530697393805286e-16
5.84417649242762 4.2587727557571757e-16
5.846932529750011 4.264445644235165e-16
5.8496911677214065 4.281171886011644e-16
5.852452410024576 4.926992576184844e-16
5.855216260349247 5.225645727687511e-16
5.85798272239212 4.314204423143652e-16
5.860751799856885 4.3904471793220044e-16
5.863523496454238 4.3184699954486656e-16
5.866297815901899 4.320444500289988e-16
5.869074761924627 4.32828388285911e-16
5.871854338254235 4.329276016282865e-16
5.874636548629612 4.376834530895954e-16
5.877421396796735 4.3797021760548575e-16
5.8802088865086874 4.45587717237807e-16
5.882999021525677 4.644501080531798e-16
5.88579180561505 4.343536640428191e-16
5.888587242551312 4.3485699610860115e-16
5.891385336116141 4.3539914342593006e-16
5.8941860900984056 4.359647697648428e-16
5.896989508294185 4.366894965332815e-16
5.899795594506782 4.3730196501742167e-16
5.902604352546745 4.3760265330614437e-16
5.9054157862318775 4.381743179333385e-16
5.908229899387263 4.3863740335489945e-16
5.911046695845281 4.391693126257779e-16
5.91386617944562 4.3973658106206705e-16
5.9166883540352995 4.403205956233515e-16
5.919513223468686 4.4117829733512054e-16
5.9223407916075095 4.414247928943901e-16
5.925171062320884 4.4194910242437883e-16
5.92800403948532 4.427496680270423e-16
5.930839726984748 4.430631560652536e-16
5.933678128710533 4.435833237587979e-16
5.936519248561493 4.442876974610845e-16
5.939363090443916 4.449980778564484e-16
5.9422096582715795 4.452507508161717e-16
5.945058955965767 4.455561266890871e-16
5.947910987455288 4.462036035656335e-16
5.950765756676493 4.469072676668534e-16
5.953623267573294 4.476077543403856e-16
5.956483524097182 4.48304852783983e-16
5.959346530207247 4.489987521235874e-16
5.96221228987019 4.496894344059432e-16
5.9650808070603505 4.50748435565464e-16
5.967952085759718 4.541490199635344e-16
5.970826129957953 4.564799709446167e-16
5.973702943652403 4.531886648369897e-16
5.976582530848126 4.5309429616591635e-16
5.979464895557906 4.537657065794665e-16
5.98235004180227 4.544342989268724e-16
5.98523797360951 4.550988595038562e-16
5.988128695015699 4.557601300179955e-16
5.9910222100647115 4.564186524890572e-16
5.993918522808243 4.570739440305776e-16
5.996817637305826 4.577260010737821e-16
5.9997195576248545 4.583750346353045e-16
6.002624287840593 4.590210162414759e-16
6.005531832036207 4.609529406992823e-16
6.008442194302776 4.687019539297129e-16
6.011355378739314 4.62455284351866e-16
6.014271389452786 4.615730399157153e-16
6.017190230558132 4.640154062659295e-16
6.0201119061782835 4.746331041337781e-16
6.023036420444184 4.655848016674877e-16
6.025963777494807 4.640759054174573e-16
6.028893981477179 4.646923944868376e-16
6.031827036546392 4.653061277670364e-16
6.034762946865633 4.659175124234148e-16
6.037701716606193 4.67254902485698e-16
6.040643349947499 4.908917937441852e-16
6.04358785107712 4.685892283491095e-16
6.046535224190799 4.683320646377634e-16
6.049485473492465 4.710889893153439e-16
6.052438603194256 5.214603630156782e-16
6.05539461751654 4.726484317592781e-16
6.058353520687934 4.7070694330021e-16
6.061315316945323 4.713423687433666e-16
6.0642800105338805 4.719110632152845e-16
6.067247605707095 5.112661447888439e-16
6.070218106726777 4.731482117924529e-16
6.073191517863093 4.736633711413979e-16
6.07616784339458 4.741698876854047e-16
6.079147087608162 4.74719720162954e-16
6.08212925479918 4.752811414287184e-16
6.085114349271405 4.75840617783688e-16
6.088102375337061 4.763968450149767e-16
6.091093337316848 4.769509470360858e-16
6.094087239539959 4.775180141101305e-16
6.097084086344102 4.781572306072976e-16
6.100083882075527 4.788078137661707e-16
6.103086631089035 4.794612309724629e-16
6.106092337748008 4.801193053621196e-16
6.109101006424431 5.444679937684267e-16
6.112112641498905 4.817032086674516e-16
6.115127247360678 4.820727997993796e-16
6.11814482840766 4.826501937596607e-16
6.1211653890464435 4.832821324473679e-16
6.124188933692331 4.839107608510116e-16
6.127215466769353 4.845361121156391e-16
6.130244992710287 4.851590617851698e-16
6.133277515956684 4.857845307348447e-16
6.136313040958887 4.864110289802357e-16
6.139351572176055 4.870237478182751e-16
6.142393114076182 4.876316966935889e-16
6.14543767113612 4.882422515056303e-16
6.148485247841605 4.888522925709343e-16
6.15153584868727 4.894593943119609e-16
6.1545894781766775 4.90064795071768e-16
6.157646140822334 4.906677443267792e-16
6.160705841145717 4.917610084312636e-16
6.1637685836772915 4.955709370725285e-16
6.166834372956542 4.970902733674604e-16
6.169903213531984 4.996713583008323e-16
6.172975109961191 5.31919802047759e-16
6.1760500668108245 6.736802431509898e-16
6.1791280886566415 1.3362851885028163e-15
6.182209180083531 5.558129196705579e-16
6.185293345685527 8.925115333687002e-16
6.188380590065839 5.653781611295625e-16
6.19147091783687 5.458986035743236e-16
6.194564333620242 5.171032220135393e-16
6.197660842046816 5.273852970993995e-16
6.200760447756717 5.417006802044712e-16
6.20386315539936 5.154895565868573e-16
6.206968969633468 5.025360434875575e-16
6.210077895127097 5.02175357817434e-16
6.213189936557665 5.024990039272529e-16
6.216305098611963 5.045862340408491e-16
6.219423385986195 5.042929925085831e-16
6.2225448033859845 5.04983952566294e-16
6.225669355526412 5.067712570157795e-16
6.22879704713203 5.653884019421319e-16
6.231927882936892 5.076726118671841e-16
6.235061867684575 5.069571643790077e-16
6.238199006128197 5.073125804136995e-16
6.241339303030458 5.07949403057912e-16
6.244482763163641 5.506523053466758e-16
6.247629391309655 5.3465286873101665e-16
6.250779192260049 5.230981609792674e-16
6.2539321708160465 5.253334779793154e-16
6.2570883317885535 5.133939810804061e-16
6.260247679998199 5.116932786795714e-16
6.263410220275348 5.123053760642659e-16
6.266575957460137 6.989643621546489e-16
6.269744896402492 5.135193098204454e-16
6.272917041962151 5.141224734729623e-16
6.276092399008692 5.147471505663795e-16
6.279270972421561 5.153782244391479e-16
6.282452767090094 5.160263097171991e-16
6.285637787913537 5.167638041578126e-16
6.28882603980108 5.172750691845583e-16
6.292017527671882 5.17871482961992e-16
6.295212256455084 5.185065991615492e-16
6.298410231089849 5.190958540230314e-16
6.301611456525381 5.197229257602885e-16
6.3048159377209485 5.204637220221716e-16
6.308023679645917 5.209328053499038e-16
6.311234687279764 5.218441843680885e-16
6.314448965612121 7.790885765188598e-16
6.317666519642777 5.227580471344265e-16
6.320887354381724 5.202653101830916e-16
6.324111474849176 5.203550874802829e-16
6.327338886075596 5.209350972888583e-16
6.330569593101716 5.215150739567254e-16
6.333803600978571 5.220960923486061e-16
6.337040914767527 5.236590990505434e-16
6.340281539540293 5.295215148576878e-16
6.34352548037897 5.250671001037087e-16
6.3467727423760545 5.24580820623912e-16
6.350023330634483 5.252234212935185e-16
6.353277250267647 5.26250583993942e-16
6.3565345063994245 5.296108841178246e-16
6.35979510416421 5.366779545341469e-16
6.363059048706936 5.299878134895958e-16
6.366326345183103 5.292131230339627e-16
6.369596998758805 5.300205900702856e-16
6.372871014610757 5.308263359433141e-16
6.376148397926327 5.337167816915127e-16
6.379429153903557 5.660588579178446e-16
6.382713287751186 5.398439755227806e-16
6.386000804688697 5.563391324301043e-16
6.389291709946323 5.454950777032189e-16
6.392586008765085 5.390383631620587e-16
6.395883706396824 5.850025965643884e-16
6.399184808104218 5.394644833912975e-16
6.402489319160815 5.378633192083557e-16
6.405797244851066 5.386256651651713e-16
6.409108590470344 5.393840783607118e-16
6.412423361324983 5.401456914223412e-16
6.415741562732293 6.262432020778652e-16
6.419063200020602 5.416433271844134e-16
6.422388278529275 5.423770078325926e-16
6.425716803608748 5.43125247569836e-16
6.429048780620551 5.438926518377829e-16
6.432384214937344 5.446525243387484e-16
6.4357231119429406 5.453857227303605e-16
6.43906547703234 5.465186408370849e-16
6.442411315611754 5.496027333967954e-16
6.445760633098635 5.480496164734797e-16
6.44911343492171 6.796110839324517e-16
6.452469726521005 5.489907935511877e-16
6.455829513347879 5.496961368424276e-16
6.459192800865046 5.504101858986124e-16
6.462559594546616 5.511202129382599e-16
6.4659298998781125 5.518262379393778e-16
6.4693037223565115 5.525331627200616e-16
6.472681067490266 5.532579830308937e-16
6.476061940799343 5.539259690547391e-16
6.479446347815239 5.547689049832148e-16
6.4828342940810275 5.568752592325235e-16
6.48622578515138 5.621082847383069e-16
6.489620826592595 5.72836677760696e-16
6.4930194239826315 5.601358139937121e-16
6.496421582911144 7.760506072969687e-16
6.499827308979504 5.586898841469139e-16
6.503236607800836 5.597049352600879e-16
6.5066494850000485 5.62967816887195e-16
6.510065946213864 5.691211484217449e-16
6.513485997090846 6.094148832475551e-16
6.516909643291439 5.686684474175616e-16
6.520336890487995 5.63805125060874e-16
6.523767744364801 5.633650208340328e-16
6.527202210618115 5.638565984573853e-16
6.5306402949562 5.64487737148478e-16
6.534082003099346 5.651150585650411e-16
6.537527340779916 5.657386679161157e-16
6.540976313742363 5.664254055506118e-16
6.544428927743272 5.671622155460585e-16
6.547885188551388 5.678947468824157e-16
6.551345101947648 5.686231093600094e-16
6.554808673725215 5.693473091485413e-16
6.558275909689509 5.700673193006235e-16
6.56174681565824 5.707829502140272e-16
6.565221397461442 5.71494479451151e-16
6.568699660941501 5.722018476845684e-16
6.572181611953193 5.729051857447765e-16
6.5756672563637135 5.736326934504628e-16
6.579156600052711 9.766265776210524e-16
6.582649648912326 5.750253913657493e-16
6.586146408847211 5.756905069582423e-16
6.589646885774575 5.763864081896672e-16
6.593151085624213 5.770786622979677e-16
6.596659014338543 5.77767913665829e-16
6.600170677872633 5.784500245344035e-16
6.60368608219424 5.791292105774752e-16
6.60720523328384 5.798049225752498e-16
6.610728137134665 5.804765934616107e-16
6.614254799752739 5.811555791481816e-16
6.6177852271569035 5.818896534093563e-16
6.621319425378861 5.826259100789886e-16
6.624857400463205 5.833861407840613e-16
6.628399158467456 5.842563813827509e-16
6.631944705462093 5.849560863896944e-16
6.635494047530592 1.3158710521637713e-15
6.6390471907694595 5.873184547266721e-16
6.642604141288268 7.210305786346562e-16
6.646164905209686 9.754749097730234e-16
6.649729488669521 4.2365323816326274e-14
6.653297897816747 6.187904566906747e-15
6.656870138813554 5.439253631046109e-15
6.66044621783536 2.062238702018059e-15
6.6640261410708685 6.0888939913812034e-15
6.6676099147220915 5.964744631503012e-16
6.671197545004392 5.942133454190123e-16
6.6747890381465185 5.978630046187471e-16
6.678384400390636 1.1795655886956557e-15
6.681983637992365 1.6905272111417669e-15
6.685586757220829 3.0546310229186658e-15
6.689193764358668 1.0706712529113779e-14
6.692804665702093 1.0693679925076528e-15
6.696419467560921 6.739173269588478e-16
6.700038176258603 6.378754321584991e-16
6.703660798132271 6.414218227166575e-16
6.707287339532762 6.516250067439049e-16
6.710917806824671 6.03969863174244e-16
6.714552206386376 6.075529445896955e-16
6.718190544610085 2.2151726990097117e-15
6.721832827901857 1.2690778722004022e-15
6.725479062681667 6.8381396325984585e-16
6.729129255383412 1.2328726973191526e-15
6.7327834124549755 6.075170170535328e-16
6.736441540358246 1.652114479023541e-15
6.74010364556917 2.875756229902491e-14
6.743769734577781 5.5962944041301515e-15
6.747439813888239 6.09520019558703e-16
6.751113890018872 6.09057972610432e-16
6.7547919695022145 6.107053515046261e-16
6.758474058885042 6.165295458853665e-16
6.762160164728412 6.122765625873855e-16
6.765850293607708 6.118740340648459e-16
6.7695444521126715 6.125760062374138e-16
6.77324264684744 8.774069366916051e-16
6.776944884430599 6.173392826639776e-16
6.780651171495204 6.469976707337705e-16
6.784361514688834 6.334029408617836e-16
6.7880759206736245 7.486893298227263e-16
6.791794396126309 6.840256924770096e-16
6.7955169477382595 6.430740888088138e-16
6.799243582215524 6.247047165310943e-16
6.802974306278872 6.22152348339019e-16
6.80670912666383 7.701142213950856e-16
6.810448050120726 6.216203322706605e-16
6.8141910834147215 6.210120688581722e-16
6.817938233325865 6.217983252936034e-16
6.821689506649129 6.235904884802445e-16
6.82544491019444 6.282467703629283e-16
6.829204450786733 6.255954817518001e-16
6.8329681352659914 6.274989765845857e-16
6.836735970487282 6.270555140767103e-16
6.840507963320799 6.273182384256098e-16
6.844284120651909 6.282014489804563e-16
6.848064449381189 6.303015454311392e-16
6.851848956424475 6.375313385110797e-16
6.855637648712892 6.325235512557935e-16
6.85943053319291 6.320446016742532e-16
6.863227616826372 6.331817751142042e-16
6.867028906590556 6.354144132305648e-16
6.870834409478196 6.350319759250509e-16
6.87464413249754 6.356672868170665e-16
6.878458082672388 6.365780175095038e-16
6.882276267042136 6.376080720259147e-16
6.886098692661818 6.393318951950471e-16
6.88992536660215 6.407629072116697e-16
6.893756295949573 6.404678511264206e-16
6.8975914878063 6.413056495089436e-16
6.901430949290353 7.035632508063741e-16
6.905274687535619 7.6426339538928e-16
6.909122709691879 6.468127196427468e-16
6.912975022924861 6.446969856804733e-16
6.916831634416292 6.455701986396977e-16
6.920692551363923 6.464384161121582e-16
6.924557780981591 6.473026723355169e-16
6.928427330499255 6.48161468383676e-16
6.9323012071630465 6.490222230740616e-16
6.936179418235312 6.503467670402675e-16
6.940061970994656 6.543850584462326e-16
6.943948872735989 6.556235065507512e-16
6.947840130770579 6.533599735233623e-16
6.951735752426083 6.555677291264395e-16
6.955635745046608 6.545493648697865e-16
6.959540115992748 6.555520444081468e-16
6.963448872641633 6.570458391276397e-16
6.967362022386978 6.647652097354953e-16
6.971279572639124 6.591386478354413e-16
6.975201530825089 6.615657190984049e-16
6.979127904388613 6.638281189939272e-16
6.983058700790207 6.604897356719075e-16
6.9869939275072 6.611930472384186e-16
6.990933592033785 6.612325678798537e-16
6.994877701881064 6.618365931407089e-16
6.998826264577104 6.625886601497482e-16
7.002779287666978 6.633377571175085e-16
7.006736778712812 6.64084646357966e-16
7.010698745293837 6.648225098530747e-16
7.01466519500644 6.656463012226085e-16
7.018636135464207 6.668692509930983e-16
7.022611574297973 6.671138737300819e-16
7.026591519155871 6.677291837534697e-16
7.030575977703381 6.684635640228211e-16
7.034564957623387 6.684621800683695e-16
7.038558466616209 6.629626917017491e-16
7.042556512399667 6.573642708630812e-16
7.0465591027091286 6.571958897281785e-16
7.050566245297555 6.580232937060532e-16
7.054577947935553 6.58845019751385e-16
7.058594218411424 6.596629634177794e-16
7.06261506453122 6.604805850148038e-16
7.066640494118781 6.612906867642291e-16
7.070670515015802 6.620966892251834e-16
7.074705135081874 6.62902638516706e-16
7.078744362194538 6.637263367971514e-16
7.082788204249331 6.644895952919321e-16
7.086836669159851 6.65269417134439e-16
7.090889764857791 6.660485778806092e-16
7.094947499293005 6.668229257625094e-16
7.099009880433552 6.676343595357685e-16
7.103076916265753 6.685677838756765e-16
7.107148614794238 3.2466530141592193e-15
7.1112249840420025 6.704188141539641e-16
7.11530603205046 8.593072252380105e-16
7.119391766879496 6.720175496018287e-16
7.1234821966075135 6.726741310660046e-16
7.127577329331497 6.736209061905153e-16
7.131677173167058 9.389455645125538e-16
7.135781736248494 6.752787097973101e-16
7.139891026728839 6.759527000730866e-16
7.1440050527799155 6.767559370850692e-16
7.148123822592395 6.778968178522026e-16
7.152247344375846 1.125757383180574e-15
7.156375626358791 6.814869191069538e-16
7.160508676788767 6.869281723987031e-16
7.164646503932369 6.877364324711801e-16
7.1687891160753106 7.172507701026832e-16
7.172936521522485 9.50791511832039e-16
7.177088728598012 8.20398925823475e-16
7.1812457456452945 7.018897460396977e-16
7.185407581027082 1.37529008323345e-15
7.189574243125518 6.901723562118968e-16
7.193745740342204 6.962853748057294e-16
7.197922081098245 6.949845320053921e-16
7.202103273834317 6.888007352096868e-16
7.206289327010721 6.885198498265777e-16
7.2104802491074365 6.891767565620592e-16
7.214676048624181 6.901139545705665e-16
7.218876734080469 6.906985912157324e-16
7.223082314015667 6.918220012691607e-16
7.227292796989054 6.933910655922765e-16
7.231508191579877 7.015734383141347e-16
7.235728506387412 1.797998667079804e-15
7.2399537500310185 6.947732394872583e-16
7.244183931150201 6.952413941790559e-16
7.248419058404668 7.500089073059395e-16
7.252659140474392 7.076714391577499e-16
7.256904186059666 7.011576971613877e-16
7.2611542038811665 7.000169724950833e-16
7.265409202680006 6.987024614794062e-16
7.2696691912178 7.203914795387866e-16
7.273934178276732 7.450219839664672e-16
7.278204172659595 7.683590931394184e-16
7.282479183189875 7.042091374400791e-16
7.286759218711793 7.020406222524445e-16
7.2910442880903785 7.282847906772644e-16
7.295334400211525 7.036703781295825e-16
7.29962956398205 7.05392151246876e-16
7.3039297883297625 7.051163278308221e-16
7.308235082203522 2.699540018250814e-15
7.312545454573295 7.146358883465911e-16
7.316860914430226 7.44251401117282e-16
7.321181470786696 7.083272506177394e-16
7.325507132676386 7.086384502552759e-16
7.329837909154337 7.093584642032901e-16
7.334173809297021 7.100929014676754e-16
7.338514842202393 7.108022899678915e-16
7.342861016989963 7.115171282903551e-16
7.34721234280086 7.122292837432297e-16
7.351568828797892 7.129346736344589e-16
7.355930484165612 7.137367471096797e-16
7.360297318110379 7.14706931279221e-16
7.364669339860432 7.158686213359681e-16
7.36904655866595 7.177804332165584e-16
7.373428983799109 7.177771157954358e-16
7.377816624554162 7.18515147624733e-16
7.382209490247496 7.194520496334821e-16
7.386607590217698 7.203823355474337e-16
7.391010933825627 7.213066846702145e-16
7.395419530454469 7.222240818700745e-16
7.399833389509818 7.231351685261352e-16
7.404252520419734 7.240401011044469e-16
7.408676932634809 7.249388701322754e-16
7.413106635628241 7.25831257109216e-16
7.417541638895895 7.267397982207435e-16
7.4219819519563766 7.276613675522574e-16
7.426427584351097 7.285783656820642e-16
7.430878545644338 7.295252292940858e-16
7.435334845423326 7.30476447792422e-16
7.439796493298303 7.314157739943602e-16
7.444263498902588 7.323510104954063e-16
7.448735871892651 7.332785744636944e-16
7.453213621948177 7.342027326626402e-16
7.457696758772149 7.351245188255586e-16
7.462185292090904 7.360337259991599e-16
7.466679231654212 7.369369215591038e-16
7.47117858723534 4.7465538757540815e-15
7.475683368631128 7.603686760979204e-16
7.48019358566206 7.399131867659886e-16
7.484709248172329 7.405977459477339e-16
7.489230366029922 7.792578157952251e-16
7.493756949126674 7.51031539432397e-16
7.498289007378356 7.44815921775036e-16
7.5028265507247385 7.440559417637005e-16
7.507369589129663 7.4489978678712225e-16
7.511918132581127 7.455711790286736e-16
7.516472191091341 7.450369486717074e-16
7.521031774696813 7.444651536003163e-16
7.52559689345842 7.450808505022236e-16
7.530167557461475 7.459118173422915e-16
7.534743776815812 7.468031220939662e-16
7.5393255616558585 7.501785666195895e-16
7.543912922140701 7.625830812839087e-16
7.5485058684541695 8.515338056595922e-16
7.5531044108049095 7.500145784718743e-16
7.55770855942646 7.507789621589563e-16
7.5623183245773244 7.515682774742328e-16
7.566933716541052 7.523531834587527e-16
7.57155474562631 7.545960117163281e-16
7.576181422166965 7.643740524400444e-16
7.580813756522159 1.014781709296219e-15
7.585451759076377 7.850635200179819e-16
7.590095440239542 7.619983369700005e-16
7.594744810447081 7.771623795470966e-16
7.599399880160003 7.612319515998016e-16
7.604060659864983 7.583939548159186e-16
7.608727160074437 7.635111862571643e-16
7.613399391326603 7.879098700992514e-16
7.61807736418562 7.655408661569986e-16
7.622761089241607 7.613575558245424e-16
7.6274505771107375 7.622660458924065e-16
7.632145838435333 7.702700186310799e-16
7.636846883883933 8.399049424372845e-16
7.641553724151375 7.729856485916643e-16
7.6462663699588855 7.659296444150827e-16
7.65098483205415 7.666931000222176e-16
7.655709121211401 7.676009230069524e-16
7.660439248231498 7.685455849929335e-16
7.665175223942015 7.694968492069218e-16
7.66991705919731 7.75822183117072e-16
7.674664764878625 8.534185755438822e-16
7.6794183518941574 7.786361446123507e-16
7.684177831179147 7.731970367341653e-16
7.688943213695959 7.749347818610987e-16
7.693714510434169 8.289036900381344e-16
7.698491732410649 9.54816309885998e-16
7.703274890669651 7.768092302659798e-16
7.708063996282888 7.777241946142042e-16
7.712859060349628 7.784960301322831e-16
7.7176600939967726 7.800424426787529e-16
7.722467108378944 8.547354900976704e-16
7.727280114678575 9.425765087174519e-16
7.732099124105992 1.0618465304500701e-15
7.7369241478995034 9.40816696310473e-16
7.741755197325491 7.932129526406852e-16
7.746592283678487 7.855914792296398e-16
7.7514354182812735 8.201957213244721e-16
7.756284612484966 5.175554448839819e-15
7.761139877669099 1.1910938503128132e-15
7.766001225241722 1.3082869858916909e-15
7.770868666639485 8.324877550349187e-16
7.775742213327723 1.2288294910504844e-15
7.7806218768005575 7.904413637724324e-16
7.785507668580977 7.910048411168277e-16
7.790399600220935 7.918612447514338e-16
7.795297683301431 8.467965597129444e-16
7.800201929432615 8.463614398703577e-16
7.805112350253868 1.824202359269477e-15
7.810028957433903 8.849457669842694e-16
7.814951762670846 8.225297977798884e-16
7.819880777692344 8.000155339400441e-16
7.824816014255645 7.997130955344787e-16
7.829757484147695 8.013389030971984e-16
7.834705199185237 1.0828721370913973e-15
7.839659171214904 7.992213259823454e-16
7.8446194121133015 8.896992466631258e-16
7.84958593378712 1.1930975757930293e-14
7.854558748173219 8.070414246096515e-16
7.859537867238728 8.335778475119918e-16
7.864523302981138 8.728557556612385e-16
7.869515067428401 9.88401700607946e-16
7.874513172639024 3.757833606245188e-15
7.879517630702174 8.059970063233606e-16
7.884528453737762 8.052090500353161e-16
7.889545653896552 8.058787238201861e-16
7.894569243360256 8.065396338520869e-16
7.899599234341631 8.072582253219386e-16
7.90463563908458 8.079887518184886e-16
7.909678469864247 8.086999156133164e-16
7.914727738987126 8.256766295321493e-16
7.919783458791151 8.101908640683524e-16
7.924845641645801 8.115545434784549e-16
7.9299142999522045 8.131027762972196e-16
7.934989446143231 8.203294933532036e-16
7.940071092683601 8.142989582014456e-16
7.94515925206999 8.141823801110179e-16
7.9502539368311185 8.180768829780293e-16
7.95535515952787 8.165413386191115e-16
7.960462932753383 8.162629483170633e-16
7.965577269133159 8.167267620104035e-16
7.970698181325167 8.177281399402234e-16
7.975825682019949 8.201587642085637e-16
7.9809597839407225 8.286054809858771e-16
7.98610049984348 8.2260319939894125e-16
7.99124784251711 8.230243406952252e-16
7.996401824783487 8.240852873210861e-16
8.001562459497592 8.267048864151895e-16
8.006729759547602 8.262364181692179e-16
8.01190373785502 8.261827015370107e-16
8.017084407374762 8.270180856280126e-16
8.022271781095274 1.4385387611480838e-15
8.02746587203864 8.289732150300852e-16
8.032666693260694 8.412014965727538e-16
8.037874257851126 9.604262523211157e-16
8.04308857893359 8.328615655007758e-16
8.048309669665814 8.327810647048657e-16
8.05353754323972 1.0440057309374008e-15
8.058772212881522 9.19818504436203e-16
8.064013691851843 8.381368827031703e-16
8.069261993445837 1.94466623750323e-15
8.074517130993282 9.181322288979234e-16
8.079779117858708 8.429909429152038e-16
8.085047967441502 8.398451926562603e-16
8.090323693176028 8.402403930505543e-16
8.095606308531735 8.423705552503046e-16
8.100895827013279 8.424192628039041e-16
8.106192262160631 8.427070726606073e-16
8.111495627549193 8.43701714425136e-16
8.116805936789925 8.456156761153701e-16
8.12212320352944 8.467425672545858e-16
8.127447441450146 8.752826560755161e-16
8.132778664270344 8.911457323391363e-16
8.138116885744354 8.485157806267465e-16
8.143462119662633 8.487525309436664e-16
8.148814379851895 8.498381477372254e-16
8.154173680175223 8.521061697078265e-16
8.159540034532197 8.52477243723265e-16
8.164913456859013 8.523991449736145e-16
8.170293961128596 8.538531959114331e-16
8.175681561350732 8.720170611787341e-16
8.181076271572183 8.557132733486669e-16
8.186478105876809 8.555721761434465e-16
8.191887078385692 8.563690272027887e-16
8.19730320325726 8.572279380315802e-16
8.20272649468741 8.58035451861008e-16
8.208156966909634 8.588861457560783e-16
8.213594634195132 8.597920004487359e-16
8.219039510852957 8.60578049524975e-16
8.224491611230123 8.613522115001022e-16
8.229950949711741 8.633611437709198e-16
8.235417540721139 8.703695715914984e-16
8.240891398719993 8.650827058983209e-16
8.246372538208458 8.645501574150503e-16
8.251860973725288 8.654731995884063e-16
8.257356719847964 8.660858259593223e-16
8.262859791192836 8.66815791472944e-16
8.268370202415243 8.675754157203092e-16
8.273887968209635 8.684306723660002e-16
8.279413103309722 8.696318344603028e-16
8.284945622488591 8.725948883571023e-16
8.290485540558844 8.717627799665153e-16
8.296032872372733 9.389310637042171e-16
8.301587632822276 8.791481693634605e-16
8.307149836839418 8.755856096241005e-16
8.312719499396136 8.760037589400256e-16
8.318296635504598 8.80228930664735e-16
8.323881260217279 8.786973531177115e-16
8.329473388627108 8.813118118358661e-16
8.335073035867598 8.798649143524713e-16
8.340680217112984 8.803557357466546e-16
8.346294947578365 8.816008989178831e-16
8.35191724251983 8.823130584774795e-16
8.357547117234612 8.834244788281659e-16
8.363184587061209 8.853803665312667e-16
8.368829667379542 8.862744938955586e-16
8.374482373611077 8.862498040224811e-16
8.380142721218977 8.869744330797024e-16
8.385810725708245 8.87859552080519e-16
8.391486402625848 9.03201689240074e-16
8.397169767560886 9.277686525420667e-16
8.402860836144706 9.206174352871014e-16
8.408559624051072 1.1265955578751434e-15
8.414266146996288 1.900675143080701e-15
8.419980420739357 1.1620070169770955e-14
8.425702461082114 6.301572188211142e-15
8.43143228386938 1.4257864996094e-15
8.437169904989108 1.2680927208534913e-15
8.442915340372528 1.0173790705701622e-15
8.448668605994285 1.3204023991112962e-15
8.454429717872609 9.847526655840728e-16
8.460198692069445 2.643443279606209e-15
8.465975544690608 9.001675748321738e-16
8.471760291885928 9.06382330617275e-16
8.47755294984942 8.997530722604031e-16
8.483353534819406 9.16005008575657e-16
8.489162063078686 9.008422197941642e-16
8.49497855095469 1.1407871838600968e-15
8.500803014819619 9.042782994356604e-16
8.506635471090615 9.024286190668306e-16
8.512475936229897 1.0696904293388213e-15
8.518324426744936 1.1241426786901084e-15
8.524180959188593 1.0811695177708992e-15
8.530045550159283 9.71946098325271e-16
8.53591821630113 9.064344516950213e-16
8.54179897430413 9.552511631022571e-16
8.547687840904302 9.070432057685476e-16
8.553584832883846 1.659913998486234e-15
8.559489967071311 9.773539265486715e-16
8.565403260341744 9.098008894635812e-16
8.571324729616864 9.143641274927689e-16
8.57725439186521 9.143826767388638e-16
8.58319226410231 9.323096659193504e-16
8.589138363390845 1.0407496853699638e-15
8.59509270684081 9.127792998317464e-16
8.601055311609672 9.136786510235318e-16
8.607026194902552 9.148483994472075e-16
8.613005373972372 1.2558312239711387e-15
8.618992866120033 9.158860943822952e-16
8.624988688694568 1.107971896657535e-15
8.630992859093334 9.184479929478369e-16
8.637005394762157 9.210912139403073e-16
8.643026313195508 9.328402346428438e-16
8.649055631936678 9.217797949800708e-16
8.655093368577944 9.366445613499768e-16
8.661139540760738 9.220268309771041e-16
8.667194166175827 9.600917503278369e-16
8.673257262563473 9.26435062556677e-16
8.679328847713615 9.352998529793656e-16
8.685408939466047 1.2507043002751762e-15
8.691497555710582 9.335321841070611e-16
8.69759471438723 9.345199761466938e-16
8.703700433486384 9.300747681513166e-16
8.709814731048983 9.302923173409966e-16
8.7159376251667 9.298408439582754e-16
8.722069133982115 9.312248778437022e-16
8.728209275688895 9.902449990701428e-16
8.734358068531977 9.40170716161018e-16
8.740515530807748 9.350086745275696e-16
8.746681680864219 1.208771503133887e-15
8.75285653710122 9.48285616483694e-16
8.759040117970573 9.381688726376673e-16
8.765232441976279 9.420676861352665e-16
8.771433527674702 9.402675723010464e-16
8.777643393674758 9.392984970469871e-16
8.783862058638094 9.409516268690321e-16
8.790089541279286 1.4606982850386457e-15
8.79632586036601 9.42446573592726e-16
8.80257103471925 9.430109125547573e-16
8.808825083213472 9.45432511574448e-16
8.81508802477682 9.557059690629538e-16
8.82135987839131 9.556447658427326e-16
8.827640663093014 9.518877046230452e-16
8.833930397972264 9.486432728800897e-16
8.840229102173831 9.501151017965227e-16
8.846536794897133 1.4562024766985244e-15
8.85285349539642 9.508657878954914e-16
8.859179222980973 9.540628856589931e-16
8.86551399701531 9.522926890480266e-16
8.87185783691936 9.533249496072293e-16
8.878210762168694 9.548198441681255e-16
8.884572792294692 9.561865413104614e-16
8.89094394688477 9.584100911352666e-16
8.89732424558256 9.586662169652229e-16
8.903713708088125 9.584690227070552e-16
8.910112354158159 9.579866497484788e-16
8.916520203606186 9.607824044976685e-16
8.92293727630277 9.598976433706073e-16
8.929363592175722 9.61465783144155e-16
8.935799171210292 9.627841870759692e-16
8.942244033449397 9.63357634825521e-16
8.948698198993815 9.650213079385065e-16
8.955161688002399 9.661871694095784e-16
8.96163452069228 9.64810652843592e-16
8.968116717339093 9.649106924756666e-16
8.974608298277174 9.673620597931844e-16
8.981109283899773 1.9769165600867487e-15
8.987619694659283 9.701029232101866e-16
8.994139551067436 9.682680589926659e-16
9.000668873695528 9.68879054437313e-16
9.007207683174634 9.697721726800904e-16
9.013756000195826 9.724200999205176e-16
9.020313845510389 9.719700273062797e-16
9.02688123993004 9.756855392959626e-16
9.033458204327152 9.744345802922772e-16
9.040044759634972 9.748822765712129e-16
9.046640926847841 9.789290564436053e-16
9.053246727021426 9.770375155015231e-16
9.05986218127293 9.770495199611003e-16
9.066487310781332 1.0377478186311604e-15
9.073122136787598 9.791295260066943e-16
9.079766680594924 9.801739596459776e-16
9.086420963568953 9.80656945918576e-16
9.093085007138 9.808545758092543e-16
9.099758832793304 9.6821102566248e-16
9.106442462089229 9.616987575666793e-16
9.113135916643516 9.328036555463215e-16
9.119839218137516 9.353215712270689e-16
9.126552388316412 9.294508357155913e-16
9.133275448989465 9.27658446041058e-16
9.140008422030245 1.1185007157463807e-15
9.146751329376873 9.501742989888636e-16
9.15350419303225 1.570455881020616e-15
9.160267035064305 1.2668727469018816e-15
9.167039877606237 6.081214069141482e-14
9.173822742856744 5.031497870657642e-15
9.180615653080281 5.626708275644065e-15
9.187418630607292 1.93383470218316e-15
9.194231697834459 4.320988806260851e-15
9.20105487722495 9.436158417259286e-16
9.207888191308662 9.450237671118818e-16
9.21473166268247 1.6495135469619935e-15
9.221585314010477 1.6374131257048332e-15
9.228449168024268 1.3374405459648355e-14
9.23532324752315 1.604092124928125e-15
9.242207575374417 1.1777463129054113e-15
9.249102174513594 1.8375235153561913e-15
9.256007067944699 1.9513746713929027e-15
9.262922278740495 9.535520148412823e-16
9.269847830042748 9.552743513604846e-16
9.276783745062485 9.64511145707391e-16
9.28373004708025 2.2641286884238384e-15
9.290686759446372 2.296686202584638e-15
9.29765390558122 1.1579828460182386e-15
9.304631508975469 9.968286586217037e-16
9.311619593190361 3.696862619205958e-14
9.318618181857975 4.0753309361063535e-15
9.32562729868149 9.62503107060441e-16
9.332646967435453 9.55869061338348e-16
9.339677211966048 1.0203746934875195e-15
9.346718056191365 9.597748901190175e-16
9.353769524101676 9.541837496074117e-16
9.360831639759695 3.2316067253440355e-15
9.367904427300875 1.0104027124891894e-15
9.374987910933658 9.624721528891339e-16
9.38208211493976 1.0310249360820273e-15
9.38918706367446 9.617561780818048e-16
9.396302781566858 1.043067556408172e-15
9.403429293120176 9.683279452725101e-16
9.410566622912022 9.610825745311695e-16
9.41771479559468 9.840194359823725e-16
9.424873835895399 9.833783356229778e-16
9.432043768616664 3.639049075567098e-15
9.4392246186365 9.832084827837757e-16
9.446416410908746 9.7151224438823e-16
9.45361917046335 9.931846589389243e-16
9.460832922406656 9.698333277626674e-16
9.468057691921702 9.666523602519221e-16
9.475293504268503 1.0476874055227049e-15
9.48254038478436 5.003398464864204e-15
9.489798358884139 9.766026236038425e-16
9.49706745206058 9.959481840739728e-16
9.504347689884591 9.767404950412372e-16
9.51163909800555 9.907468729730528e-16
9.5189417021516 9.749711554714376e-16
9.526255528129964 9.743980878302655e-16
9.533580601827234 9.750710459391932e-16
9.540916949209688 9.765364534419736e-16
9.548264596323591 9.795502101979513e-16
9.555623569295504 1.1106684609294776e-15
9.562993894332598 9.84373927421391e-16
9.570375597722958 9.921489932877016e-16
9.5777687058359 1.04793453103366e-15
9.585173245122286 9.832104087597034e-16
9.592589242114835 9.856097430728251e-16
9.600016723428444 1.058534470221022e-15
9.607455715760505 1.0674327519036097e-15
9.614906245891223 9.935057980777247e-16
9.622368340683943 9.894296171887077e-16
9.629842027085466 9.917760219112244e-16
9.637327332126375 9.945272496775134e-16
9.644824282921363 1.1268082466568865e-15
9.652332906669562 9.988643600094587e-16
9.659853230654871 1.3450034663222006e-15
9.667385282246283 1.1064687882687099e-15
9.67492908889821 9.966700882592388e-16
9.682484678150843 1.0426520014585201e-15
9.690052077630456 1.3991520294600435e-15
9.697631315049764 1.2232378416022612e-15
9.705222418208248 9.515789277155596e-15
9.712825414992505 1.008913883312145e-15
9.720440333376587 1.1753767448182947e-15
9.728067201422332 1.0598369336918549e-15
9.73570604727973 1.2353978402495306e-15
9.743356899187258 1.0033845865418443e-15
9.75101978547222 1.0026918113581513e-15
9.758694734551108 1.0058004356532263e-15
9.766381774929954 1.0168297025790786e-15
9.774080935204674 1.0312635543747893e-15
9.781792244061432 1.0194881367564405e-15
9.789515730276989 1.0400931920696629e-15
9.797251422719064 1.015690873029256e-15
9.804999350346696 1.0300830003177496e-15
9.812759542210598 1.0842596751727977e-15
9.820532027453531 1.0425371933060712e-15
9.828316835310659 1.0091765486667478e-15
9.836113995109919 1.0105837676132038e-15
9.843923536272392 1.0129627195191458e-15
9.851745488312668 1.746780054183817e-15
9.85957988083922 1.087162596320862e-15
9.867426743554782 1.0203362215464536e-15
9.875286106256718 1.0212981266276898e-15
9.883157998837403 1.018320944380997e-15
9.891042451284596 1.0218302255034197e-15
9.898939493681832 1.062805466889586e-15
9.906849156208793 1.0336047582760883e-15
9.914771469141698 1.0250503269642287e-15
9.922706462853695 1.0178251696563754e-15
9.930654167815234 1.0305615965101366e-15
9.938614614594469 1.0275601512530338e-15
9.946587833857649 1.0814649627503927e-15
9.954573856369509 1.0216331261580295e-15
9.962572712993662 1.0289654030153582e-15
9.97058443469301 1.0287518397225535e-15
9.978609052530125 3.27956224368134e-15
9.986646597667665 1.0413755797466078e-15
9.994697101368772 1.1074315553802034e-15
10.002760594997474 1.1247004535153715e-15
10.0108371100191 1.0792756690421012e-15
10.018926678000684 1.4672525835572358e-15
10.027029330611377 1.0824653638733824e-14
10.035145099622861 1.1828432029970665e-15
10.043274016909765 1.319773169240809e-15
10.051416114450078 1.0855230917236224e-15
10.059571424325576 1.1985681593170263e-15
10.067739978722233 1.105934967675166e-15
10.075921809930659 1.049123911609001e-15
10.084116950346507 1.090750705273484e-15
10.09232543247092 1.0757518248206371e-15
10.100547288910947 1.0604002242689405e-15
10.108782552379974 3.28668300294399e-15
10.117031255698171 3.274146635096969e-15
10.125293431792917 1.0376472490304055e-15
10.133569113699235 1.0883340272451854e-15
10.141858334560245 1.2273810317680302e-15
10.1501611276276 1.0450623147441395e-15
10.158477526261928 1.2138808851523148e-15
10.166807563933276 1.0673867279419985e-15
10.175151274221575 1.5309683867464726e-15
10.18350869081707 1.180705185595336e-15
10.19187984752079 1.2794801623084382e-15
10.200264778244994 1.0690168686834069e-15
10.208663517013635 1.196034658936067e-15
10.217076097962819 1.0466498171904865e-15
10.225502555341256 1.0458815913776748e-15
10.233942923510751 1.049677558783569e-15
10.242397236946639 2.4196203929004878e-14
10.25086553023828 1.0466294700535172e-15
10.259347838089518 1.0476849128401316e-15
10.267844195319162 1.048695606341116e-15
10.276354636861448 1.0494890759046264e-15
10.284879197766541 1.1478288461591632e-15
10.293417913200996 1.0727744947148777e-15
10.301970818448252 1.0618583274986392e-15
10.310537948909111 1.490681645237592e-15
10.319119340102235 1.2425061797530613e-15
10.327715027664631 1.1261443669018945e-15
10.336325047352142 1.0578098149067461e-15
10.344949435039956 1.0741015194273858e-15
10.353588226723083 1.2844730524353769e-15
10.362241458516875 4.081762791570171e-15
10.370909166657517 1.0479798120213767e-15
10.379591387502545 1.0677376095311799e-15
10.388288157531338 1.05001383656325e-15
10.396999513345646 6.054135007329996e-15
10.405725491670086 1.040426805402312e-15
10.414466129352675 1.0414390824679979e-15
10.423221463365339 1.0456661413975685e-15
10.431991530804433 1.1330789967397352e-15
10.440776368891276 1.0735160332126718e-15
10.449576014972662 3.646274470537356e-15
10.458390506521402 1.0901911043906971e-15
10.467219881136849 1.970187776330377e-15
10.476064176545432 1.5017587262649698e-15
10.4849234306012 1.4871411650103857e-15
10.493797681286356 1.120302986044597e-15
10.502686966711805 1.1713836461163767e-14
10.511591325117694 1.6724972589704558e-15
10.520510794873958 1.0960410352808421e-15
10.529445414480884 1.0879402134784617e-15
10.538395222569655 7.128400920417308e-15
10.547360257902902 1.4597424622795572e-15
10.556340559375279 1.3958697865686268e-15
10.565336166014012 3.951643542981523e-15
10.57434711697947 1.1420071330562608e-15
10.583373451565729 1.500931925178186e-15
10.592415209201153 1.0965258196377922e-15
10.601472429448956 1.5624470096548678e-15
10.610545152007791 2.010874548493792e-15
10.619633416712313 1.8628458739386108e-15
10.628737263533784 1.1097008810527115e-15
10.63785673258064 1.0951493450166453e-15
10.646991864099094 2.938138022255779e-15
10.656142698473712 9.459869187717582e-15
10.665309276228028 1.120562865709428e-15
10.674491638025124 1.2890179673770223e-15
10.683689824668248 1.5613206204255076e-15
10.692903877101402 1.104681603968484e-15
10.702133836409958 1.2101740707617846e-15
10.711379743821276 1.321041881162505e-15
10.720641640705294 1.1228704736834686e-15
10.729919568575177 1.1747877774255792e-15
10.73921356908791 1.0924294559828114e-15
10.748523684044937 1.1048716727574854e-15
10.757849955392786 1.10256261446332e-15
10.767192425223687 1.8950032129140955e-14
10.776551135776222 1.1846888694761176e-15
10.785926129435953 1.3136170088509635e-15
10.795317448736057 1.2816674909062657e-15
10.804725136357984 1.2073531718750163e-15
10.814149235132085 2.617452061564648e-15
10.82358978803828 1.0827522723968654e-15
10.833046838206698 1.1254931815727965e-15
10.842520428918338 1.246972938053613e-15
10.852010603605732 1.1631708196196775e-15
10.861517405853611 1.2383662474643687e-15
10.87104087939956 1.2081848124104232e-15
10.880581068134699 1.0896760501592406e-15
10.890138016104359 1.1176047297482682e-15
10.899711767508753 1.0801685805987632e-15
10.909302366703656 1.2763068040273773e-15
10.918909858201104 1.1192175092064143e-15
10.928534286670066 1.0933752612485786e-15
10.938175696937144 1.0992710502326335e-15
10.947834133987266 1.0934925529755523e-15
10.957509642964395 1.0967556366417624e-15
10.967202269172217 1.1064646499093772e-15
10.976912058074864 1.0951718489283982e-15
10.986639055297609 1.271558267877282e-15
10.996383306627592 6.475980566354807e-15
11.006144858014537 1.429919189751109e-14
11.015923755571473 2.119345215027329e-15
11.025720045575454 6.25222152705888e-15
11.035533774468298 1.640777551573625e-15
11.045364988857322 1.1089355333627754e-15
11.055213735516064 1.8207788963409714e-15
11.06508006138505 1.1690388676455661e-15
11.07496401357251 1.2272228170790314e-15
11.084865639355156 4.152433968182116e-15
11.094784986178919 1.1872928759804004e-15
11.104722101659712 1.1246376371258432e-15
11.114677033584188 1.1209148791482227e-15
11.124649829910513 1.1234614144464972e-15
11.13464053876913 2.5179301115658084e-14
11.144649208463536 1.1211188969665539e-15
11.154675887471058 1.2925225689667538e-15
11.16472062444364 1.1195987311571486e-15
11.17478346820863 1.1218333328189054e-15
11.184864467769561 1.1697742656883215e-15
11.194963672306963 8.763119846882028e-15
11.205081131179146 1.2912588282944246e-15
11.215216893923015 1.3281398247562863e-15
11.22537101025488 1.1582192814568043e-15
11.235543530071258 1.441379713481803e-15
11.2457345034497 1.1751552449063248e-15
11.255943980649606 3.35413229598471e-14
11.26617201211306 1.1383817379495362e-15
11.276418648465652 1.120654449652069e-15
11.286683940517317 1.4299923349991439e-15
11.29696793926317 1.586563855922457e-15
11.307270695884366 2.3345218049615036e-15
11.317592261748928 1.359961381716892e-15
11.327932688412611 1.2640116043382765e-14
11.33829202761977 1.1221454594363618e-15
11.348670331304202 1.1129042863229385e-15
11.35906765159003 1.111838293991461e-15
11.36948404079257 1.1149904294640997e-15
11.379919551419208 1.1347527601645296e-15
11.390374236170285 1.1598787449487493e-15
11.400848147939985 1.3006412484532468e-15
11.411341339817216 1.1194421698868796e-15
11.421853865086529 9.7401805503379e-15
11.432385777228992 2.3308318011739857e-15
11.44293712992312 3.7619963373425026e-15
11.453507977045778 1.2350182598425783e-15
11.464098372673092 1.1244579125881439e-15
11.474708371081391 1.1211535908986927e-15
11.485338026748103 1.1192155696062796e-15
11.49598739435272 1.1200297411449208e-15
11.506656528777713 1.1221835885346039e-15
11.517345485109484 1.178099923916622e-15
11.528054318639315 1.1846721269916859e-14
11.538783084864312 1.566491934249192e-14
11.549531839488383 1.1375903308452025e-15
11.560300638423177 1.3214422018449333e-15
11.571089537789074 2.5898825798437863e-15
11.581898593916147 1.1344202236777052e-15
11.592727863345154 1.2973144970354966e-15
11.603577402828508 1.3729426625892707e-15
11.614447269331286 1.1267079211973951e-15
11.625337520032215 1.1308987696770957e-15
11.636248212324675 1.1429998651252846e-15
11.647179403817713 1.9578809962207386e-15
11.658131152337049 1.1393339198812778e-15
11.669103515926105 1.428296144407299e-15
11.680096552847024 1.2906544044456207e-15
11.691110321581698 1.1726576727420267e-15
11.702144880832819 1.1432485916776749e-15
11.713200289524904 1.160804487617075e-15
11.724276606805356 1.4415046465797518e-15
11.735373892045516 1.32675554181407e-15
11.746492204841722 1.4535483016589343e-15
11.757631605016382 1.4396135474168914e-15
11.768792152619032 1.3616874823640595e-15
11.779973907927435 1.2042998414949487e-15
11.791176931448648 1.171523090310682e-15
11.80240128392013 1.1446332998288448e-15
11.813647026310825 1.15388413112882e-15
11.824914219822276 1.1467282911126436e-15
11.836202925889726 1.696525650426928e-15
11.847513206183246 1.4446892829519488e-15
11.858845122608848 1.9135306884524573e-15
11.870198737309623 1.3733168034785788e-15
11.881574112666867 1.1932522327894005e-15
11.892971311301235 1.2005912379965158e-15
11.904390396073877 1.1441701085606649e-15
11.915831430087605 1.2534195332877984e-15
11.927294476688056 1.2423102985363566e-15
11.938779599464844 1.4604100486491295e-15
11.950286862252758 1.1463340285528022e-15
11.961816329132933 1.365752633398047e-15
11.973368064434036 1.1986261864470218e-15
11.984942132733476 1.2271361125220818e-15
11.996538598858592 1.1966493305964072e-15
12.008157527887874 1.17776746594521e-15
12.019798985152176 1.2624666691679048e-15
12.031463036235941 1.1862302585775705e-15
12.043149746978433 1.2246591728041426e-15
12.054859183474974 1.1540331455219616e-15
12.066591412078198 1.155494317618483e-15
12.078346499399286 1.5997403442093237e-15
12.090124512309254 1.3546157376155735e-15
12.101925517940192 1.2565669032669696e-15
12.113749583686559 2.054737546657143e-15
12.125596777206464 6.953190306702454e-14
12.137467166422947 1.1721044905261107e-13
12.149360819525283 3.1768032979717807e-15
12.161277804970288 2.324056640187679e-15
12.173218191483633 1.9654613520225285e-15
12.185182048061167 2.2969662973494733e-15
12.197169443970235 1.1761131875078294e-15
12.20918044875103 1.3470209503434562e-15
12.221215132217925 1.21162282891261e-15
12.233273564460834 1.1804329950558454e-15
12.24535581584657 1.2482211751982579e-15
12.257461957020215 1.6146531141032388e-15
12.269592058906492 5.871818249751312e-14
12.281746192711148 1.3054188249703053e-15
12.293924429922368 1.1911218783526847e-15
12.30612684231215 2.1316971710418352e-15
12.318353501937729 1.2153490902443628e-15
12.330604481142991 1.914492945940205e-15
12.342879852559907 1.2218901449042698e-15
12.355179689109958 2.5670352235536512e-15
12.367504064005583 1.1806461871039359e-15
12.379853050751636 2.29616352991888e-15
12.392226723146845 8.554355056443552e-15
12.404625155285277 1.1896033362262317e-15
12.417048421557821 1.341536747832126e-15
12.42949659665368 1.3920400545057562e-14
12.441969755561853 1.341675759517027e-15
12.45446797357267 2.5723939093851974e-15
12.466991326279274 1.4836397794867965e-15
12.479539889579156 1.2569779084300906e-15
12.492113739675705 1.1924320218649827e-15
12.504712953079725 1.248036280770158e-15
12.517337606611003 2.2187540110003077e-15
12.529987777399871 1.3729731716783822e-15
12.54266354288877 8.909586682532411e-15
12.555364980833826 3.565509595724927e-15
12.56809216930645 1.20912986494641e-15
12.580845186694939 1.6825475072048143e-15
12.593624111706069 1.2228781789559337e-15
12.606429023366738 1.2316801057346166e-15
12.619260001025571 1.2171605111784919e-15
12.632117124354581 1.2502459897034803e-15
12.6450004733508 1.7584165933778993e-15
12.657910128337944 4.768143320413522e-15
12.670846169968092 1.2498765119635588e-15
12.683808679223354 1.2163714730870462e-15
12.696797737417562 6.0522092268572065e-15
12.709813426197973 1.244597379990022e-15
12.722855827546981 1.245124387398143e-15
12.735925023783837 1.3013081050566625e-15
12.74902109756638 1.8330998550429154e-15
12.762144131892782 1.5906909033788331e-15
12.775294210103295 1.3951295697492704e-15
12.788471415882022 1.3494735484702788e-15
12.801675833258694 1.315404661285782e-15
12.814907546610451 2.022144435401347e-15
12.828166640663628 1.53983066276876e-15
12.841453200495597 2.8377948255164726e-15
12.854767311536548 1.2849451257175903e-15
12.868109059571351 1.702823648116749e-15
12.881478530741372 1.3173856438793165e-15
12.894875811546347 1.245876889037795e-15
12.908300988846243 1.7523121321052547e-15
12.921754149863126 1.7698927797682022e-15
12.935235382183066 1.6810160935459988e-15
12.948744773758014 1.5409830410677539e-15
12.962282412907742 1.5093176976017657e-15
12.975848388321749 1.2684499432990573e-15
12.9894427890612 1.435228083403121e-15
13.003065704560893 1.690925062794694e-15
13.016717224631183 2.2824581428764684e-15
13.030397439460002 1.3274415586658219e-15
13.0441064396148 1.2911398676663567e-15
13.05784431604458 1.3851637340000483e-15
13.071611160081886 1.3390355093068541e-15
13.085407063444844 1.4725656772778185e-15
13.099232118239184 1.490787111670941e-15
13.11308641696029 1.2295255367546417e-15
13.126970052495281 1.2445211996479004e-15
13.140883118125068 1.5370577655736508e-15
13.154825707526449 5.856631143127212e-15
13.168797914774217 1.2342157498274086e-15
13.182799834343262 1.257853861300626e-15
13.196831561110724 1.2429909543953611e-15
13.210893190358101 1.2805908161906323e-15
13.224984817773448 1.7459091709688002e-15
13.239106539453509 1.6306786738785125e-15
13.253258451905927 1.401341515463263e-15
13.267440652051425 1.3843184265600323e-15
13.281653237226042 1.3273032095489257e-15
13.295896305183325 1.7811749779709484e-15
13.310169954096605 1.4944269404609978e-15
13.324474282561232 4.45653024051347e-15
13.33880938959685 1.280831690462096e-15
13.353175374649686 3.068063856367479e-15
13.367572337594845 1.351409114852304e-15
13.38200037873862 4.170112611246904e-15
13.39645959882084 1.4072106819165278e-15
13.410950099017187 2.7435117258969084e-15
13.425471980941582 2.2334032550357687e-15
13.440025346648545 6.200349489959416e-14
13.454610298635584 5.056111373660802e-15
13.469226939845619 4.76350373144812e-15
13.483875373669385 4.3492353521116226e-15
13.49855570394787 5.113579676445754e-15
13.513268034974793 8.443916246881795e-15
13.528012471499038 1.4381954208853199e-15
13.54278911872717 1.5304645668081924e-15
13.557598082325923 1.140540965419002e-14
13.572439468424715 1.4087609977846248e-15
13.587313383618195 1.3788504262120894e-15
13.602219934968792 1.7810394975503103e-15
13.617159230009278 1.300584403878604e-15
13.632131376745354 4.059683081087386e-15
13.647136483658269 2.9252512423194752e-15
13.662174659707407 1.454735388937872e-15
13.677246014332955 1.8626488850833288e-15
13.692350657458553 3.4937869198783355e-14
13.70748869949395 2.926620231245374e-15
13.722660251337711 1.2721067658916811e-15
13.73786542437992 1.2335510906666868e-15
13.753104330504899 1.9860132580678228e-15
13.768377082093957 1.3663391787413659e-15
13.783683792028167 5.8360924922376356e-15
13.79902457369112 4.697131600099385e-15
13.81439954097175 1.4977786094433357e-15
13.829808808267128 3.2275358824109304e-14
13.845252490485324 2.083326552104469e-15
13.860730703048244 1.2695301600150494e-15
13.876243561894515 2.125971524296764e-15
13.89179118348238 8.181070904754342e-15
13.90737368479261 2.6420904594123836e-15
13.922991183331431 1.4511210447336222e-15
13.938643797133494 2.0316815779698862e-15
13.954331644764833 6.320766641245037e-15
13.970054845325867 1.3662412348953648e-15
13.985813518454412 1.3733890234129663e-15
14.00160778432872 2.197092914658004e-15
14.017437763670515 2.5070678186924437e-15
14.033303577748104 2.026179834837547e-15
14.04920534837943 7.815403843988841e-15
14.065143197935235 1.951659127176743e-15
14.081117249342162 6.2375467391825385e-15
14.097127626085934 2.290800935778658e-15
14.113174452214531 1.857296623495564e-15
14.129257852341398 2.2941942185086588e-15
14.145377951648667 2.2447183268999595e-15
14.161534875890402 2.6158455949665792e-15
14.177728751395868 1.2880905168400103e-15
14.193959705072844 2.050390789057782e-15
14.210227864410909 7.113981041504409e-14
14.226533357484794 1.4072516889157513e-15
14.242876312957746 1.156339472464203e-15
14.259256860084903 1.5428047461347266e-14
14.275675128716719 1.3852165756494825e-15
14.292131249302367 1.198923456767328e-15
14.308625352893216 1.1523458934682895e-15
14.325157571146313 1.1508341262295045e-15
14.341728036327861 8.93250941391057e-15
14.358336881316779 1.1444736437536313e-15
14.374984239608217 1.856102408414599e-14
14.391670245317174 4.8241815234637564e-15
14.408395033182066 2.38688843644908e-15
14.425158738568364 4.684636650283972e-15
14.441961497472251 4.609180717311566e-15
14.458803446524293 7.857421142609555e-15
14.475684722993153 1.7390581992608782e-15
14.492605464789296 1.2268839964909442e-15
14.509565810468782 1.3354997832565789e-15
14.526565899237012 1.6754375718403578e-14
14.54360587095255 1.197202822500828e-15
14.560685866130969 4.7541408438135716e-15
14.577806025948698 8.094736150033703e-15
14.594966492246922 1.3111568303496148e-15
14.612167407535493 2.74620791467539e-15
14.629408914996871 4.8149271998444785e-15
14.646691158490112 1.3492314170565424e-15
14.66401428255486 4.811537412016915e-15
14.681378432415366 2.7569526515177316e-15
14.698783753984571 1.5510684943614517e-15
14.716230393868173 1.1686340007411852e-15
14.733718499368743 2.295951483905939e-15
14.75124821848988 3.945980920815979e-15
14.768819699940394 1.4469474433775964e-15
14.786433093138484 1.3097140706277686e-15
14.804088548215999 1.327648567005749e-15
14.821786216022693 7.935478422920322e-15
14.839526248130522 1.3044557337030212e-15
14.857308796837966 1.1927418556931086e-15
14.875134015174401 2.932204341595552e-15
14.893002056904479 3.863248778574825e-15
14.91091307653255 1.855242246624046e-15
14.928867229307109 1.2422742903785597e-15
14.946864671225297 1.5628340601026568e-14
14.964905559037415 4.131855577963802e-15
14.982990050251466 1.4144529529187883e-15
15.001118303137732 1.5283640973213454e-15
15.019290476733424 3.182358054147014e-13
15.037506730847294 1.3608103034092354e-15
15.055767226064352 1.813908851725881e-14
15.074072123750554 5.6076792054436015e-15
15.092421586057583 1.3975038009008184e-15
15.11081577592762 1.2829719095383624e-15
15.129254857098173 1.389443771980855e-15
15.14773899410694 1.3721155209535067e-15
15.16626835229669 4.861888368942458e-15
15.184843097820204 1.507083605228515e-14
15.203463397645244 2.7737376109547702e-15
15.222129419559534 2.9129685871476103e-15
15.24084133217584 2.121917867260922e-15
15.259599304937002 9.847727664325043e-14
15.278403508121082 1.1678588970910594e-15
15.297254112846499 1.2703596134979722e-15
15.316151291077222 1.797913133965988e-15
15.335095215628012 1.9192868837213064e-15
15.354086060169667 4.065056310110538e-15
15.373123999234354 3.5293218460056813e-15
15.392209208220939 6.6545242911563296e-15
15.411341863400375 3.934171389500482e-15
15.43052214192114 2.2606399310218526e-15
15.449750221814691 2.32909013874393e-14
15.469026282000979 1.4365459336048776e-15
15.488350502293995 5.988654367791213e-15
15.507723063407372 3.351782794565215e-15
15.527144146960005 1.8743201118425283e-15
15.546613935481727 1.3513458721543925e-15
15.566132612419047 1.433048102605043e-15
15.58570036214088 1.3896520718461168e-15
15.605317369944384 1.350689340728211e-15
15.624983822060779 2.0578390787663208e-14
15.644699905661266 3.4326274710776195e-15
15.664465808862955 1.4373862351924041e-15
15.684281720734838 1.2880180457830168e-15
15.704147831303832 3.683717715876946e-15
15.724064331560854 1.2707605481219459e-15
15.744031413466923 2.6086935910371173e-15
15.764049269959347 4.303218046759186e-15
15.784118094957932 1.711037381493565e-15
15.804238083371235 1.158226360991244e-15
15.824409431102891 1.2760104670140473e-14
15.84463233505795 1.3011126113501292e-15
15.864906993149305 8.666973727420202e-15
15.885233604304135 1.3178172725445672e-15
15.905612368470413 1.7710206938189904e-15
15.926043486623467 5.473821959380377e-15
15.946527160772584 1.1869258834408358e-15
15.967063593967666 1.4049088861593587e-15
15.98765299030594 6.01728519428171e-15
16.008295554938723 5.3719016881617535e-14
16.028991494078227 1.406311299542445e-15
16.049741015004443 3.923056328373356e-15
16.070544326072042 3.2548352050167373e-14
16.091401636717354 1.7497178494581616e-15
16.11231315746541 3.92404925872867e-15
16.133279099937 1.267598878909209e-15
16.15429967685584 8.168264674699042e-15
16.175375102055742 1.2189036167149699e-15
16.196505590487877 1.279036797840467e-15
16.217691358228098 1.4683896221056278e-15
16.238932622484256 5.703416156363242e-15
16.260229601603687 1.358725817136674e-15
16.281582515080643 2.17056602691463e-15
16.30299158356386 1.3473716338446394e-15
16.324457028864146 3.881487050006849e-15
16.34597907396205 6.529105004075055e-15
16.367557943015573 1.5301639025001472e-15
16.38919386136796 1.6711433751844063e-15
16.41088705555554 1.133673645186924e-15
16.432637753315635 1.2032056433796883e-15
16.45444618359452 2.4242968706910257e-15
16.47631257655547 2.6821282531048457e-15
16.498237163586836 1.215148815361171e-15
16.52022017731024 1.1672651999593234e-15
16.542261851588773 1.1370763024643622e-15
16.564362421535296 9.948515393264491e-15
16.58652212352081 1.2679173264830676e-15
16.608741195182862 1.3476418602311487e-15
16.63101987543407 6.24825396625666e-15
16.65335840447065 1.672573280232499e-15
16.675757023781085 8.020645140367556e-15
16.698215976154792 1.528307191897517e-15
16.72073550569092 1.1896931293010545e-15
16.743315857807186 1.510038824137418e-15
16.765957279248788 1.385965473766582e-15
16.788660018097396 1.5708599417150471e-13
16.811424323780198 1.6693726221893662e-15
16.834250447079068 1.98244367025042e-15
16.857138640139738 1.3956503248833261e-15
16.88008915648111 2.1403493180119292e-15
16.90310225100459 1.5251351703286348e-15
16.926178180003564 1.1478358308673515e-15
16.94931720117287 2.9232512074943444e-15
16.972519573618413 1.421809857496529e-15
16.99578555786683 1.9385475775535277e-15
17.019115415875266 1.638378559959653e-15
17.042509411041145 2.0234868627566863e-13
17.065967808212157 1.6205722848826992e-15
17.089490873696196 1.740288031240758e-13
17.11307887527147 1.225083464245971e-15
17.136732082196634 1.801348981643309e-15
17.160450765221075 1.9327126540567942e-15
17.184235196595203 1.5101976760552671e-15
17.208085650080893 2.2435326644101698e-15
17.23200240096197 1.296910496660873e-15
17.25598572605482 2.03180651926351e-15
17.28003590371906 1.331101884742058e-15
17.304153213868293 1.2471499601651928e-15
17.328337937981 1.3867320687444466e-15
17.352590359111467 1.93092947616351e-15
17.37691076190082 1.2349657216160086e-15
17.401299432588196 3.3250115511579706e-15
17.425756659021935 6.464219243410153e-15
17.450282730670935 1.2688460823653367e-15
17.474877938636034 1.3631859621142229e-15
17.49954257566158 2.7535833839708732e-15
17.52427693614699 1.5436945142834715e-15
17.549081316158514 1.2301079014858696e-15
17.57395601344101 1.716942369033479e-15
17.59890132742987 2.036053290555449e-15
17.62391755926305 1.474666338833293e-14
17.649005011793157 1.8922685491617e-15
17.674163989599702 2.47993780020048e-15
17.699394799001414 1.3325662515439408e-15
17.724697748068657 1.639045764136044e-15
17.75007314663599 1.2217119620669263e-15
17.77552130631481 2.959112205339599e-15
17.8010425405061 2.0580483357605663e-15
17.826637164413285 1.1501905663525304e-15
17.852305495055237 2.835536658746005e-15
17.87804785127935 1.2376083943451775e-15
17.903864553774728 1.3884284794203527e-15
17.92975592508552 1.2052830645572715e-15
17.95572228962435 1.3573979818980791e-15
17.981763973685858 1.5188203338434633e-15
18.00788130546038 1.1849884802919837e-15
18.034074615047714 1.951291161354735e-15
18.060344234471067 1.263706133389032e-15
18.08669049769103 1.2144048203497927e-15
18.113113740619784 1.657738175949663e-15
18.139614301135328 1.325359899014541e-15
18.16619251909592 1.6050255862225831e-15
18.192848736354577 1.1675771691002596e-15
18.219583296773763 1.2606071868390441e-15
18.24639654624013 1.4786357201185233e-15
18.273288832679487 1.1670005562038374e-15
18.300260506071805 1.13322076959037e-15
18.327311918466417 1.1467854550626131e-15
18.354443423997356 1.079937028211107e-15
18.381655378898767 1.2780388370050763e-15
18.408948141520526 1.1939615946041096e-15
18.43632207234397 1.9622422552920956e-15
18.463777533997753 1.2762050629726785e-15
18.49131489127387 1.1200664547242759e-15
18.51893451114382 2.269724646912684e-15
18.546636762774884 1.709706845982212e-15
18.574422017546603 9.736083245844023e-15
18.602290649067346 1.0756123157029018e-15
18.63024303319107 4.2026221705138885e-15
18.658279548034226 1.0648631635335598e-15
18.68640057399279 1.678247034336029e-15
18.71460649375947 1.1861556926863462e-15
18.74289769234108 3.604124446302038e-15
18.77127455707604 1.1583101443124317e-15
18.799737477652076 1.2973378398471948e-15
18.82828684612403 1.1787301864444111e-15
18.85692305693188 2.8990124434344236e-15
18.885646506918906 1.1979832690966921e-15
18.914457595350015 1.0967994378620186e-15
18.943356723930236 1.9932528566314098e-15
18.972344296823398 1.4882140601283377e-13
19.001420720670982 2.3714418119565283e-15
19.030586404611107 4.1725649388779755e-15
19.059841760297754 3.500830061854996e-15
19.0891872019201 1.3586126035816278e-15
19.118623146222095 2.0240597134177383e-15
19.14815001252217 1.1087515922599021e-15
19.177768222733153 1.1442471867760642e-15
19.207478201382376 1.2577653110725104e-15
19.237280375631936 1.0916066714127239e-15
19.267175175299194 1.1074449928313677e-15
19.297163032877414 1.3476003875796183e-15
19.327244383556636 2.1244410365907696e-15
19.35741966524472 1.3334640564778836e-15
19.3876893185886 1.4540611338155816e-15
19.41805378699573 1.1906209372448185e-15
19.448513516655744 1.169102360624808e-15
19.47906895656229 1.0975551863646597e-15
19.509720558535125 1.1116285245971687e-15
19.540468777242342 1.2775718860166865e-15
19.5713140702229 2.0413358169421824e-15
19.602256897909278 1.2464440889692777e-15
19.63329772365041 1.797962120911377e-15
19.664437013734798 1.2085090119003702e-15
19.69567523741387 1.5366356447159303e-15
19.727012866925545 1.1575774345188988e-15
19.75845037751804 1.1237739277435734e-15
19.789988247473882 2.3870832820118504e-15
19.82162695813417 1.5825017643199852e-15
19.85336699392306 1.0943207863620347e-15
19.885208842372503 2.3229339646590134e-15
19.917152994147173 1.6236117858406773e-15
19.949199943069715 1.1415599154598763e-15
19.98135018614616 1.1100512379026886e-15
20.013604223591624 1.7746302624803185e-15
20.045962558856267 1.1510788352861857e-15
20.07842569865146 1.2801347974266226e-15
20.110994152976264 1.155790428430532e-15
20.143668435144107 1.2976812920672755e-15
20.17644906180979 1.1459405295828444e-15
20.209336552996675 1.3219361365537537e-15
20.24233143212422 1.1251965925550795e-15
20.275434226035735 1.2161748659870998e-15
20.308645465026412 1.179517528242376e-15
20.341965682871667 1.2200322901763763e-15
20.375395416855703 1.068044574140699e-15
20.40893520780043 1.2609962395781812e-15
20.44258560009459 1.5472767934775315e-15
20.47634714172325 1.4396503627889956e-15
20.510220384297508 1.1784344245270226e-15
20.54420588308456 1.2250828962745892e-15
20.57830419703805 1.188222721462159e-15
20.61251588882868 1.571545160419853e-15
20.646841524875192 1.1613866828336277e-15
20.68128167537561 1.2876654051801702e-15
20.71583691433882 1.2619468850920075e-15
20.750507819616463 1.175874906394209e-15
20.78529497293513 1.205832543156312e-15
20.820198959928923 1.2080695490409118e-15
20.855220370172294 1.2599149350604412e-15
20.890359797213264 1.3328902624292484e-15
20.92561783860693 2.5372722791882352e-15
20.96099509594936 4.3093688715009186e-15
20.996492174911797 1.1737137420931332e-15
21.032109685275227 1.1467424584134068e-15
21.0678482409653 1.0654011423965578e-15
21.103708460087596 1.2077102142709977e-15
21.139690964963265 2.0693889653611654e-15
21.175796382165032 1.1521068412720805e-15
21.21202534255355 1.0808746722284543e-15
21.24837848131416 4.08977790592304e-15
21.28485643799401 1.0940484564177507e-15
21.321459856539544 3.2423078569200535e-15
21.358189385334423 1.1233249172917551e-15
21.395045677237793 1.1186476622536267e-15
21.432029389622947 2.7890278200117886e-15
21.469141184416458 1.1952972106357004e-15
21.50638172813762 1.1654757721868928e-15
21.54375169193839 1.0756173030808446e-15
21.581251751643677 1.0968201210179198e-15
21.618882587792093 1.2889147395283514e-14
21.656644885677135 1.2276681593802654e-15
21.694539335388765 1.2181215928336606e-15
21.732566631855455 1.2473208867593164e-15
21.770727474886673 1.3639834941719298e-15
21.80902256921581 2.8165634517927755e-15
21.847452624543543 1.1020895804797152e-15
21.886018355581715 1.1309813333454783e-15
21.924720482097612 1.099436374980326e-15
21.96355972895875 1.1778559560654646e-15
22.002536826178133 1.3425557333157865e-15
22.04165250895999 1.9599099172752523e-15
22.080907517746002 6.8018022698291404e-15
22.12030259826202 1.4488938522232284e-15
22.15983850156528 1.908912634305675e-15
22.199515984092162 1.1805300719361635e-15
22.239335807706397 1.1059265726358665e-15
22.279298739747862 1.095555139447069e-15
22.319405553081843 1.1064058708707627e-15
22.359657026148877 1.128740282416299e-15
22.40005394301511 1.1885550931025862e-15
22.440597093423207 1.205314271854584e-15
22.481287272843826 1.122176326288155e-15
22.52212528252762 1.1603337775270928e-15
22.563111929557856 1.0925835577975105e-15
22.604248026903576 1.1413500392881876e-15
22.64553439347334 1.1381279754030775e-15
22.68697185416958 1.1036551175510596e-15
22.728561239943527 3.063880407940675e-15
22.770303387850767 1.1705131932376593e-15
22.812199141107396 1.5559745434622735e-15
22.85424934914679 1.088758157038068e-15
22.896454867677033 1.155199790976444e-15
22.938816558738942 1.0754553733040904e-15
22.981335290764775 1.0925498084516532e-15
23.024011938637553 1.6553887778256216e-15
23.0668473837511 1.0519182227864858e-15
23.109842514070692 1.0749162590453389e-15
23.15299822419443 1.0823471677948607e-15
23.196315415415295 1.0707235037197004e-15
23.239794995783864 1.1156425483909437e-15
23.2834378801718 1.2078423988378711e-15
23.32724499033599 1.0396375405768765e-15
23.37121725498346 1.0459949527398726e-15
23.415355609836983 1.0573151469161667e-15
23.459660997701477 1.3041850932230976e-15
23.504134368531123 1.7047820560341328e-15
23.548776679497244 1.3034075607476345e-15
23.593588895057017 1.5872332724528975e-15
23.638571987022885 1.0489006369233573e-15
23.683726934632826 1.0154084586289918e-15
23.72905472462142 1.0123524263403206e-15
23.774556351291707 1.0217338984386039e-15
23.820232816587907 1.2531278598937904e-15
23.866085130168948 1.2789841279883633e-15
23.912114309482877 1.1062367193685048e-15
23.958321379842108 1.2641060957503843e-15
24.004707374499556 1.0413729591744883e-15
24.051273334725654 1.2687340389724149e-15
24.098020309886273 1.6019847830816776e-15
24.144949357521543 1.688543883300952e-15
24.192061543425606 1.1970363628023592e-15
24.239357941727295 1.3185204132275748e-15
24.28683963497178 1.4145427578417176e-15
24.33450771420315 1.0610601009314837e-15
24.382363279047986 1.0103974221946007e-15
24.43040743779992 1.3559410543535193e-15
24.478641307505185 9.932622521719675e-16
24.527066014049215 1.1444948946509674e-15
24.575682692244207 1.0878109104390418e-15
24.62449248591781 9.881058102070832e-16
24.673496548002802 9.961859665236817e-16
24.72269604062789 1.686405093295875e-15
24.77209213520956 6.818604513823617e-15
24.821686012545076 1.0313497830405509e-15
24.87147886290652 1.446514134842288e-15
24.921471886136075 1.2159268445134688e-15
24.971666291742373 1.7618722305339884e-15
25.022063298998027 1.1355193794532244e-15
25.07266413703838 1.01568040392175e-15
25.123470044961426 9.98257527541637e-16
25.174482271928937 1.1644556767176661e-15
25.22570207726887 9.719824085880743e-16
25.277130730578975 9.796637532550165e-16
25.328769511831712 9.727047155563798e-16
25.380619711480424 1.072481906299342e-15
25.432682630566852 9.649363348285684e-16
25.484959580829955 1.3310868696188809e-15
25.53745188481607 1.394678536706094e-15
25.59016087599044 1.0611760328968627e-15
25.643087898850144 1.0798912094160621e-15
25.696234309038413 1.362081381057363e-15
25.74960147346036 1.0871844929526567e-15
25.803190770400192 1.0709128386697117e-15
25.857003589639856 1.0509959573328154e-15
25.911041332579185 1.0595837918407285e-15
25.96530541235755 1.0493283648368317e-15
26.01979725397705 1.3531912832730604e-15
26.07451829442723 9.36833781560737e-16
26.129469982811443 9.74411632192437e-16
26.184653780474733 9.248717940824426e-16
26.240071161133393 9.454020292680297e-16
26.295723611006135 1.1745937077031788e-15
26.351612628946995 1.2262279824405918e-15
26.40773972657985 9.473412176475404e-16
26.464106428434732 9.98993605278889e-16
26.520714272085854 9.772190606190118e-16
26.577564808291417 1.0498261145912936e-15
26.634659601135244 1.1161564923980433e-15
26.69200022817017 1.0721442789415014e-15
26.7495882805634 9.294826421205717e-16
26.807425363243645 1.0047853573024293e-15
26.86551309505027 9.81828526756267e-16
26.923853108884263 9.314460091545292e-16
26.982447051861307 1.3589925658584534e-15
27.041296585466775 1.7235507659389467e-15
27.100403385712763 9.23243035826712e-16
27.15976914329723 9.855286111686613e-16
27.21939556376516 9.672095374806093e-16
27.279284367671956 8.971434556301784e-16
27.33943729074888 9.491387331104404e-16
27.39985608407078 1.0131527907245851e-15
27.46054251422599 1.3952549119303744e-15
27.521498363488526 1.1017834087599295e-15
27.582725429992557 9.449509900376266e-16
27.644225527909224 9.879769508986543e-16
27.70600048762582 8.945710302298714e-16
27.768052155927386 1.0634616943535115e-15
27.830382396180763 9.192870962116323e-16
27.892993088521088 1.1744949254174279e-15
27.95588613004086 1.038023512168571e-15
28.019063434981547 9.568605137825873e-16
28.082526934927795 8.857094339363552e-16
28.146278579004306 8.832747702589811e-16
28.210320334075362 9.874053516774942e-16
28.274654184947092 9.835192741711385e-16
28.339282134572564 1.3468477936374556e-15
28.404206204259633 1.0938978573794276e-15
28.469428433881664 1.7272813627000876e-15
28.53495088209119 8.968694824623899e-16
28.60077562653652 8.473941021016624e-16
28.666904764081323 8.70516540481711e-16
28.73334041102731 8.611450856634099e-16
28.80008470333997 9.878222467803902e-16
28.867139796877524 8.955448492365478e-16
28.93450786762301 9.571325982557196e-16
29.002191111919704 8.8052732327848e-16
29.070191746709746 9.043170678204166e-16
29.138512009776285 1.0637935083237663e-15
29.207154159988878 1.1123603113243505e-15
29.276120477552503 8.71675327434278e-16
29.345413264260007 8.544855385784477e-16
29.415034843748224 9.230174301839825e-16
29.484987561757706 1.062005024512118e-15
29.555273786396164 1.24413309496296e-15
29.625895908405735 1.0345003296166521e-15
29.69685634143401 8.930400349003621e-16
29.768157522309057 8.727417921939139e-16
29.839801911318332 9.935354457848588e-16
29.911791992491683 8.33504795413738e-16
29.98413027388846 8.581683492124069e-16
30.05681928788874 8.4927001313064e-16
30.12986159148889 8.307166306509797e-16
30.203259766601366 8.262250579255811e-16
30.277016420358976 8.312937750578498e-16
30.351134185423536 8.547949422292978e-16
30.425615720299156 1.828011715389151e-15
30.50046370965007 1.3140345925518048e-15
30.575680864623223 8.191287118790277e-16
30.651269923175633 8.172883027963624e-16
30.727233650406585 8.017897144614401e-16
30.80357483889484 8.372048669836297e-16
30.88029630904081 8.180243458811527e-16
30.95740090941394 9.346050129678343e-16
31.034891517105248 1.1369907841458581e-15
31.112771038085146 8.348570889422283e-16
31.19104240756678 8.162029794845126e-16
31.269708590374762 8.589308983275336e-16
31.3487725813195 8.798603819142078e-16
31.42823740557731 8.501586890374782e-16
31.508106119076196 8.134609569978422e-16
31.588381808887654 7.796373212060299e-16
31.669067593624387 8.341120492781663e-16
31.750166623844166 8.386608723227747e-16
31.831682082459935 8.026007535715881e-16
31.91361718515621 9.351185700434167e-16
31.995975180811932 9.047320397125644e-16
32.07875935192993 8.247014143159151e-16
32.16197301507299 1.0723697804879802e-15
32.2456195213068 1.02309296260419e-15
32.32970225664979 7.876969301853155e-16
32.41422464253002 1.4860849891223991e-15
32.49919013624931 7.796459488215748e-16
32.584602231454596 2.0493449891010593e-15
32.67046445861684 7.927875577129944e-16
32.75678038551742 7.662922080285747e-16
32.84355361774239 7.889034959503844e-16
32.93078779918447 1.0607436193722102e-15
33.018486612553176 8.023672119057572e-16
33.10665377989303 7.698961502774481e-16
33.195293063110185 8.047459896894129e-16
33.28440826450746 8.594114965962656e-16
33.37400322732804 1.0129907217967924e-15
33.46408183630799 7.781997584595561e-16
33.55464801823773 1.3818200596790553e-15
33.64570574253267 7.604343857963645e-16
33.73725902181315 4.4814155935392025e-15
33.829311912493836 9.22285931381255e-16
33.92186851538287 9.81993705029919e-16
34.01493297629081 7.831558406085134e-16
34.108509486649695 7.255120863153522e-16
34.20260228414225 7.222123683115059e-16
34.297215653341674 7.157044044905108e-16
34.39235392636194 7.198181557223005e-16
34.48802148351901 7.24010506037404e-16
34.584222754003186 7.177369538628299e-16
34.680962216562584 7.230414123251824e-16
34.77824440019826 7.060092740903657e-16
34.876073884871 8.187700397509117e-16
34.97445530222008 7.60143860149751e-16
35.07339333629421 9.389807445051302e-16
35.17289272429498 7.373850412946687e-16
35.272958257332924 7.046029506865348e-16
35.37359478119656 7.052085785153933e-16
35.474807197134645 7.100047123427088e-16
35.57660046265189 6.927805880692996e-16
35.67897959231837 7.744936943727816e-16
35.781949658593035 7.383838186678363e-16
35.88551579266145 7.0964438369648055e-16
35.98968318528815 8.658620971516284e-16
36.09445708768389 7.051423925621782e-16
36.19984281238809 7.034528899165426e-16
36.30584573416677 7.370110105811795e-16
36.41247129092632 8.661977707311674e-16
36.51972498464339 8.90130074162418e-16
36.627612382311334 8.468819844904886e-16
36.73613911690339 1.3528572101008842e-15
36.8453108883531 9.363236798080845e-16
36.95513346455221 7.654767729714613e-16
37.065612682366584 6.868921535588571e-16
37.17675444867021 6.793887231735919e-16
37.288564741398005 7.000763792829881e-16
37.401049610617676 6.678097821180903e-16
37.514215179620955 6.905061064302998e-16
37.62806764603479 6.802441997655961e-16
37.74261328295275 9.173930825064418e-16
37.85785844008724 6.519185184480633e-16
37.973809544942846 6.787769136731248e-16
38.0904731040113 6.446689069194733e-16
38.20785570398858 6.610832994190661e-16
38.325964013014534 6.796872988871932e-16
38.44480478193564 6.412958339800067e-16
38.5643848455912 6.454447343296159e-16
38.68471112412381 6.570321420308193e-16
38.805790624314234 6.536526808246353e-16
38.9276304409416 6.788545581691079e-16
39.05023775816913 6.390691009925174e-16
39.17361985095633 6.203673777784077e-16
39.29778408649787 6.286489209387017e-16
39.42273792569 6.108872729520331e-16
39.54848892462503 6.136171376020296e-16
39.67504473611451 6.50696276622821e-16
39.802413111241634 8.865449223303587e-16
39.93060190094386 5.9520720401165705e-16
40.05961905762604 6.117624047685853e-16
40.18947263680492 1.350729556356005e-15
40.32017079878588 6.235691833324255e-16
40.451721810372334 6.081744427277604e-16
40.58413404660878 6.141570790777048e-16
40.717415992558216 5.969677282978794e-16
40.85157624511462 1.2047999795179233e-15
40.98662351485146 9.67227087089567e-16
41.12256662790695 6.34437929652497e-16
41.259414527906955 6.152971689929227e-16
41.3971762779264 6.302010331882156e-16
41.535861062490156 6.401117583850936e-16
41.675478189614246 6.33277863443354e-16
41.81603709288832 5.914818411095432e-16
41.95754733360053 7.069339746868057e-16
42.10001860290554 5.641594313737999e-16
42.243460724037035 8.064085097742045e-16
42.38788365456541 5.93939599320594e-16
42.53329748870214 5.967870280198954e-16
42.6797124596516 5.962551537835904e-16
42.82713894201167 5.757098028547272e-16
42.97558745422432 5.647357108089409e-16
43.125068661077215 5.687199347186844e-16
43.275593376257866 7.230518621323123e-16
43.42717256496133 6.428088109177885e-16
43.57981734655298 5.630568255257374e-16
43.73353899728759 7.100986552858507e-16
43.888348953086215 5.835306025404698e-16
44.044258812372206 1.0020986430525408e-15
44.20128033896795 1.2492923509052246e-15
44.35942546505375 6.350347434813715e-16
44.51870629419043 5.284615841018418e-16
44.67913510440743 5.289089687887282e-16
44.84072435135769 5.535956471505034e-16
45.00348667154148 5.259243513251783e-16
45.16743488560051 5.334062091669032e-16
45.33258200168442 5.189949470191513e-16
45.498941218891375 6.620554960434375e-16
45.66652593078465 8.253310881237835e-16
45.83534972898727 5.578587811062355e-16
46.00542640685665 5.299955513547232e-16
46.17676996324139 8.537897106035277e-16
46.3493946063223 6.711834974985096e-16
46.52331475753989 6.551439681211919e-16
46.6985450556107 1.306828527830212e-15
46.875100360634626 7.560246106206457e-16
47.052995758295864 5.994310566279487e-16
47.23224656415985 5.613666803335538e-16
47.41286832806877 4.906961168012804e-16
47.59487683863835 5.115591011350996e-16
47.7782881278586 4.928365244471833e-16
47.96311847580135 5.101195695258949e-16
48.149384415437495 4.751389778933123e-16
48.33710273756686 5.206383793887176e-16
48.52629049586395 5.078889504508558e-16
48.71696501204259 4.67867382423067e-16
48.9091438811428 5.316968363833265e-16
49.102844976943324 5.275550302781806e-16
49.298086457503295 6.950683009621418e-16
49.49488677083663 5.007355231867341e-16
49.69326466072287 4.922101314290291e-16
49.89323917265835 6.644082786824822e-16
50.09482965995165 5.250191507763161e-16
50.29805578996738 1.4283960454318895e-15
50.50293755052262 1.0572842395067074e-15
50.70949525644024 6.856699872604139e-16
50.91774955626389 6.119587207034481e-16
51.12772143913884 5.491760789753407e-16
51.3394322418641 4.770336277776699e-16
51.5529036561203 4.468090770904266e-16
51.76815773587863 4.414992862131581e-16
51.98521690499628 4.419568242737989e-16
52.204103965003696 4.794089931966705e-16
52.424842103089425 4.811679269724305e-16
52.647454900288466 5.442156557733083e-16
52.87196633987995 5.747991785141234e-16
53.09840081600085 4.52103378326487e-16
53.326783142481844 4.549710938066997e-16
53.55713856191219 4.2953027021619986e-16
53.78949275494069 4.2365341490733874e-16
54.023871849819606 9.028051865044686e-16
54.26030243219947 4.197601593575777e-16
54.49881155518198 4.248516059868418e-16
54.739426749639364 1.3307784856857846e-15
54.98217603480823 4.454384504319795e-16
55.227087929166636 4.055383046061239e-16
55.474191461603105 3.945248946691131e-16
55.72351618288689 4.036631436960835e-16
55.97509217744891 4.1999842995349326e-16
56.22895007548331 4.0707762179775655e-16
56.48512106537979 3.881907800645151e-16
56.74363690649739 4.290554982656632e-16
57.00452994229059 3.827562429555532e-16
57.26783311379925 3.998926056929651e-16
57.53357997351417 4.00940573568224e-16
57.80180469963048 6.866880359387792e-16
58.07254211070156 3.93134753583143e-16
58.34582768070685 4.0093911548539413e-16
58.621697554547055 3.688840155799008e-16
58.900188563981004 4.357691818314911e-16
59.1813382440191 4.582938938166399e-16
59.46518484978834 4.949068780392408e-16
59.751767373885144 3.751915015521746e-16
60.04112556423242 3.6413047978588e-16
60.333299942457934 3.4716744632196566e-16
60.628331822812015 3.8088953528307465e-16
60.92626333164297 3.4844663665443004e-16
61.22713742744961 3.7232924085974076e-16
61.530997921530926 3.515321513965268e-16
61.837889499253706 3.47084554909894e-16
62.147857741959776 3.418696991786792e-16
62.46094914953553 3.291709090823286e-16
62.777211163667104 6.865186129530023e-16
63.09669219180562 3.916979377324275e-16
63.4194416318681 4.649100132821281e-16
63.74550989770021 1.0289451561812026e-15
64.07494844532876 3.6521591846582587e-16
64.40780980003235 3.1051409543195893e-16
64.74414758426045 3.1533211470559263e-16
65.08401654643149 3.071990864875011e-16
65.42747259064325 3.459326224222107e-16
65.77457280732858 4.0910644463204634e-16
66.12537550489245 7.307119251948217e-16
66.47994024236671 9.232936858683568e-16
66.83832786312115 3.0051165534500716e-16
67.20060052967094 3.2034496560111397e-16
67.56682175962221 3.1276785146892635e-16
67.93705646279946 3.185353775495503e-16
68.31137097960047 2.769407018944253e-16
68.68983312062612 2.9154147741373316e-16
69.07251220763497 2.8102697814129767e-16
69.45947911587467 2.6841435631015036e-16
69.85080631784419 4.3308888240758835e-16
70.24656792854388 2.701164703431038e-16
70.6468397522727 2.7728921723829984e-16
71.05169933103444 2.631155641116303e-16
71.46122599461826 2.7344294812137013e-16
71.87550091242099 2.6403247193413585e-16
72.29460714708279 2.5502633430457823e-16
72.71862971001029 2.4958461753358907e-16
73.14765561886526 2.5302661579399763e-16
73.58177395710055 3.198951631409057e-16
74.02107593562872 2.4404289527972474e-16
74.46565495671305 2.736856988537474e-16
74.91560668017522 2.4468462581459835e-16
75.37102909201771 2.5127216035434985e-16
75.83202257556484 2.816407964574801e-16
76.2986899852306 3.0696358408906446e-16
76.77113672302734 2.625484280575081e-16
77.24947081793475 2.2844471316356653e-16
77.73380300825468 2.4261510109872456e-16
78.2242468270838 2.371313023836534e-16
78.72091869104246 2.2098127320890686e-16
79.22393799240565 2.1671090902669455e-16
79.73342719478906 2.114720050438375e-16
80.24951193255129 2.167945238701807e-16
80.77232111408196 2.127538655088618e-16
81.30198702915375 2.0954885605495102e-16
81.83864546052628 2.1226914037894393e-16
82.38243579999997 1.9806267718743753e-16
82.9335011691275 2.198562165111849e-16
83.49198854480316 1.9439454879135833e-16
84.05804888996137 1.8785373963215734e-16
84.63183728962815 1.851169134071901e-16
85.21351309258381 1.8147948500101752e-16
85.80324005890802 1.89029578334023e-16
86.40118651369461 1.8465818140751588e-16
87.00752550723921 1.7501155567644887e-16
87.62243498201974 1.7709830406542817e-16
88.24609794680848 2.2394640638383777e-16
88.87870265827335 1.7987077424422871e-16
89.52044281044726 1.8561317124292058e-16
90.17151773246586 2.1319463374624095e-16
90.83213259499783 2.2230571894160005e-16
91.50249862581697 1.894930063138616e-16
92.18283333499168 2.5967923818682653e-16
92.87336075019637 1.5527880337704286e-16
93.57431166267939 1.1491930017217478e-15
94.28592388445522 1.5325619019233178e-16
95.00844251732235 1.4484774770013841e-16
95.74212023434703 1.4730697621569653e-16
96.48721757449125 1.5023437970690122e-16
97.24400325110726 1.4481127797306568e-16
98.01275447506559 1.6874521458113123e-16
98.79375729333331 1.5151927417502566e-16
99.58730694387096 1.3934673685236926e-16
100.39370822777339 1.6698905364479352e-16
101.21327589964012 2.1957766333510799e-16
102.04633507722528 1.6687743832519146e-16
102.89322167148758 1.6358104355217787e-16
103.75428283823527 3.5797835775951685e-16
104.62987745264205 1.203914325026734e-16
105.5203766079965 1.1537694407722603e-16
106.42616414014145 1.754948387132603e-16
107.34763717916039 1.0951955268440156e-16
108.28520672997709 2.540360211543885e-16
109.23929828365159 1.1343497152950002e-16
110.21035246128316 1.1859109839791784e-16
111.19882569256755 9.738226916243667e-17
112.20519093120393 1.0891780109956709e-16
113.2299384095079 9.38644955087611e-17
114.27357643476043 9.4763770326576e-17
115.33663223001035 1.147142941582537e-16
116.41965282225355 9.40416522301899e-17
117.52320598113208 8.846069893123773e-17
118.64788121153846 8.76240595183055e-17
119.79429080377145 1.0883075522432078e-16
120.96307094517418 7.633961405215129e-17
122.15488289749563 8.627611397101165e-17
123.37041424455447 1.0013413916440705e-16
