WAVELENGTH FLUX
4.96036016648772 8.99370471206374e-17
4.962345501914462 9.006604186480055e-17
4.9643324271995946 9.023570341067476e-17
4.9663209442536225 9.034304919286123e-17
4.968311054990113 9.06795337311246e-17
4.970302761325703 9.078454085645659e-17
4.972296065180102 9.069312897941339e-17
4.974290968476104 9.077473097782434e-17
4.976287473139582 9.089328999953695e-17
4.978285581099511 9.103185344030886e-17
4.980285294287962 9.128489210622175e-17
4.982286614640111 9.140710590350766e-17
4.984289544094245 9.148893565540396e-17
4.98629408459177 9.199445785254824e-17
4.988300238077219 9.171103744038459e-17
4.990308006498251 9.18580212720438e-17
4.992317391805666 9.18580149636564e-17
4.994328395953405 9.197540661545891e-17
4.996341020898557 9.206087738070135e-17
4.9983552686013715 9.216814404094773e-17
5.0003711410252585 9.228169493653914e-17
5.002388640136796 9.23954139567799e-17
5.004407767905734 9.250855702927287e-17
5.006428526305012 9.264927729419872e-17
5.008450917310749 9.303639100029279e-17
5.010474942902265 9.396805699521326e-17
5.012500605062075 9.48846510397344e-17
5.014527905775908 9.339530022501652e-17
5.016556847032699 9.322087999120386e-17
5.01858743082461 9.400808769107499e-17
5.020619659147026 9.649880020657938e-17
5.022653533998567 9.44881918866001e-17
5.024689057381092 9.686851622216945e-17
5.026726231299707 1.149519832646536e-16
5.028765057762772 9.931713339082823e-17
5.030805538781905 9.42645824387485e-17
5.032847676371992 9.419392069122397e-17
5.034891472551188 9.451766441423753e-17
5.036936929340932 1.5532867714131105e-16
5.038984048765949 3.161316750140037e-15
5.0410328328542535 5.961809865910613e-16
5.043083283637164 9.029205653419325e-16
5.045135403149299 1.0351342540782308e-16
5.047189193428597 3.303360692853665e-16
5.049244656516312 7.64282632546352e-16
5.051301794457028 9.653001188503476e-17
5.0533606092986565 9.642779003216222e-17
5.055421103092456 9.640892860083067e-17
5.057483277893028 1.748747329953973e-16
5.0595471357583275 1.0344225984814658e-16
5.061612678749672 2.6711641945083304e-16
5.063679908931745 4.588836392169578e-16
5.065748828372604 1.0326642496210601e-15
5.067819439143691 1.3066965435660398e-16
5.069891743319833 1.5061950239705948e-16
5.071965742979252 1.1165604534738702e-16
5.074041440203574 1.0477438835760634e-16
5.076118837077833 1.0010360813982978e-16
5.078197935690478 1.0553599716880915e-16
5.080278738133384 9.983693798007796e-17
5.082361246501851 9.77344794127188e-17
5.084445462894621 2.408304364099752e-16
5.086531389413878 3.0127368313939177e-16
5.088619028165257 1.0918524294728906e-16
5.090708381257851 9.596466721898782e-17
5.092799450804221 2.421710326830951e-16
5.094892238920395 9.562085848122266e-17
5.096986747725887 9.585474369048343e-17
5.0990829793436925 7.767135880974825e-16
5.101180935900304 1.874963469517247e-15
5.103280619525714 1.0157115669183955e-15
5.105382032353424 9.606303647492558e-17
5.107485176520449 9.576376236514645e-17
5.109590054167331 9.585853660895658e-17
5.111696667438137 9.597918789103491e-17
5.113805018480476 9.607228531462945e-17
5.115915109445497 9.619025858529694e-17
5.118026942487906 9.628108520970152e-17
5.120140519765964 9.706423332286468e-17
5.1222558434415 1.0097034825060267e-16
5.124372915679918 9.741851272281428e-17
5.126491738650203 1.0861717307981456e-16
5.128612314524927 1.0225815521636605e-16
5.1307346454802625 9.895126911867098e-17
5.132858733695981 1.2445345850400544e-16
5.134984581355467 1.4289320444923778e-16
5.137112190645725 9.73441245426764e-17
5.139241563757383 9.755557209432787e-17
5.141372702884705 9.7568302830535e-17
5.143505610225594 9.773283255775165e-17
5.145640287981602 1.4326894591687612e-16
5.147776738357942 9.802200294408567e-17
5.149914963563483 9.810101540556464e-17
5.152054965810772 9.825197097429348e-17
5.154196747316032 9.839176442040162e-17
5.156340310299173 9.852391885670005e-17
5.1584856569838005 9.865689163693058e-17
5.160632789597222 9.890192111851607e-17
5.162781710370454 1.7082056345711636e-16
5.16493242153823 9.920572723859643e-17
5.1670849253390125 9.924694610776654e-17
5.1692392240149925 9.934790192234701e-17
5.171395319812104 9.947627848128928e-17
5.173553214980031 9.961689033638048e-17
5.175712911772211 9.978504842648829e-17
5.177874412445849 1.0014831553125277e-16
5.180037719261919 1.0013019356972279e-16
5.182202834485178 1.002238973624609e-16
5.184369760384169 1.0049375327819396e-16
5.186538499231232 2.1065401468461272e-16
5.188709053302512 1.0073742550915385e-16
5.190881424877963 1.0072430692719571e-16
5.1930556162413595 1.0080755227462905e-16
5.195231629680307 1.0092658060754356e-16
5.197409467486241 1.010558942537235e-16
5.199589131954449 1.0118343162177957e-16
5.201770625384061 1.0131082608941801e-16
5.203953950078074 1.014379239118382e-16
5.206139108343353 1.0161582199704834e-16
5.208326102490633 1.139227659275244e-16
5.210514934834541 1.0196537678152257e-16
5.212705607693593 1.2280293658940566e-16
5.2148981233902045 1.0218868663095209e-16
5.217092484250701 2.0943185359068707e-16
5.2192886926053275 1.0234558188307833e-16
5.2214867507882525 1.0270639962107969e-16
5.223686661137577 2.848994459938024e-16
5.225888425995347 1.0302081061194961e-16
5.2280920477075545 1.0286289216657377e-16
5.230297528624155 1.0298861807538062e-16
5.23250487109907 1.0311836359866963e-16
5.2347140774901915 1.0324627544129533e-16
5.236925150159402 1.0337228499692412e-16
5.239138091472571 1.0349888973512551e-16
5.241352903799573 1.036253153075484e-16
5.243569589514288 1.0375120420227478e-16
5.245788150994614 1.0387654403113004e-16
5.248008590622479 1.0400137096366313e-16
5.2502309107838405 1.0412562615367042e-16
5.252455113868701 1.0424910088016732e-16
5.254681202271115 1.0437164256444017e-16
5.256909178389199 1.0449366216035291e-16
5.259139044625135 1.0461514394254111e-16
5.2613708033851845 1.0473614256754425e-16
5.263604457079696 1.0485682317926449e-16
5.265840008123109 1.0497650496565447e-16
5.2680774589339725 1.0509607353208521e-16
5.2703168119349435 1.0521571043670177e-16
5.272558069552802 1.0533641497547738e-16
5.274801234218455 1.0545132405863885e-16
5.277046308366952 1.0556800405687144e-16
5.279293294437488 1.0568471654487384e-16
5.281542194873413 1.0580109159333909e-16
5.283793012122244 1.0642071471239018e-16
5.286045748635671 4.554534638249069e-16
5.288300406869569 1.0715347513345316e-16
5.290556989284002 1.0639362063100648e-16
5.292815498343234 1.064693849152891e-16
5.295075936515744 1.06634060948628e-16
5.297338306274224 1.0681761455364177e-16
5.2996026100955955 1.0691958634737863e-16
5.301868850461019 1.0703749886718777e-16
5.304137029855897 1.0773648546915235e-16
5.306407150769891 1.111217798999162e-16
5.308679215696924 1.0812195719794536e-16
5.310953227135192 1.0755668910712716e-16
5.313229187587175 1.0769107082381378e-16
5.315507099559642 1.0807286331910052e-16
5.317786965563666 1.0959449664044028e-16
5.320068788114627 1.0846352632096445e-16
5.322352569732225 1.0921536261933043e-16
5.324638312940491 1.1217002926029667e-16
5.326926020267789 1.118277372364845e-16
5.329215694246833 1.0911721947380141e-16
5.331507337414695 1.0912213750892546e-16
5.333800952312808 1.1129244374654914e-16
5.336096541486985 1.0948884609889807e-16
5.338394107487421 1.0932857001584306e-16
5.340693652868706 1.0932085441970262e-16
5.342995180189832 1.0942140261928265e-16
5.345298692014206 1.0955578932985196e-16
5.3476041909096566 1.0989557152553494e-16
5.349911679448446 1.1135821153490542e-16
5.352221160207273 1.1141346504019874e-16
5.354532635767295 1.1031053232463256e-16
5.356846108714125 1.1022544731519436e-16
5.3591615816378475 1.1035950751246708e-16
5.361479057133028 1.1049007098723541e-16
5.363798537798722 1.1062086940892564e-16
5.366120026238482 1.107542476264032e-16
5.368443525060375 1.1089878999211882e-16
5.370769036876981 1.1104721767032698e-16
5.373096564305413 1.1122241363502362e-16
5.3754261099673215 1.1152387011171003e-16
5.377757676488905 1.1193971512221647e-16
5.38009126650092 1.1283626492186575e-16
5.382426882638694 1.1573787771565497e-16
5.3847645275421305 1.128952705376206e-16
5.387104203855719 1.1394216318431247e-16
5.389445914228552 1.1269204450258722e-16
5.391789661314327 1.1250418817060175e-16
5.394135447771359 1.1350209802661962e-16
5.396483276262595 1.3299240801157909e-16
5.398833149455614 1.1447292024796872e-16
5.401185070022652 1.1298786129735412e-16
5.403539040640594 8.437877979676448e-16
5.405895063991002 1.1322366059279295e-16
5.408253142760111 1.2252780306230544e-16
5.410613279638846 1.1310567865553474e-16
5.412975477322836 1.132345810608909e-16
5.4153397385124125 1.133475943018467e-16
5.417706065912632 1.134811615092873e-16
5.420074462233281 1.1364278140435227e-16
5.422444930188881 1.1409530746994423e-16
5.424817472498711 1.141012048968552e-16
5.427192091886809 1.1578744243321392e-16
5.429568791081983 1.1802993753718604e-16
5.431947572817824 1.6059070614799497e-16
5.4343284398327185 1.1492913794364754e-16
5.4367113948698504 1.1466130457335558e-16
5.439096440677224 1.146449198724577e-16
5.441483580007662 1.1476577833735293e-16
5.443872815618824 1.1475620865761885e-16
5.446264150273216 1.1528210794979482e-16
5.448657586738201 1.1830949333688036e-16
5.451053127786005 1.429794972176807e-16
5.453450776193734 2.407136982455707e-16
5.455850534743383 1.2160546140579322e-16
5.4582524062218445 1.1670847664159468e-16
5.46065639342092 1.1564504482733143e-16
5.463062499137332 1.1582915853021187e-16
5.465470726172738 1.1662931431953806e-16
5.467881077333733 1.160963202824729e-16
5.470293555431867 1.1606871858506973e-16
5.472708163283652 1.1618762832568903e-16
5.475124903710582 1.163063925830743e-16
5.477543779539128 1.164247780035614e-16
5.479964793600764 1.1654209045218275e-16
5.4823879487319696 1.1665934081965212e-16
5.4848132477742455 1.167939840556275e-16
5.487240693574122 1.170371815272279e-16
5.489670288983169 1.1743097932483719e-16
5.492102036858011 1.185394789778919e-16
5.494535940060337 1.1777517846024968e-16
5.496972001456909 1.1761817466571584e-16
5.4994102239195755 1.177819242900204e-16
5.501850610325284 1.1792148005831768e-16
5.504293163556091 1.3282530025043574e-16
5.506737886499171 1.1823873051224388e-16
5.509184782046833 1.1839898466593345e-16
5.511633853096525 1.185671127548189e-16
5.5140851025508555 1.1877326098678762e-16
5.516538533317593 1.1888590661965403e-16
5.5189941483096865 1.190333570353491e-16
5.5214519504452735 1.1919163312281303e-16
5.523911942647691 1.193499109011523e-16
5.52637412784549 1.1950750595386738e-16
5.528838508972445 1.19691649762239e-16
5.531305088967563 1.2030280349757665e-16
5.533773870775101 1.2199856771792576e-16
5.536244857344574 1.2100299056344158e-16
5.538718051630767 1.2405749645687514e-16
5.5411934565937475 1.636163828005305e-16
5.543671075198879 1.7382186494159717e-16
5.546150910416827 1.2074456207925786e-16
5.548632965223579 1.208947588263855e-16
5.551117242600448 1.2104532376344204e-16
5.553603745534093 1.2119508555480684e-16
5.5560924770165245 1.2995321671075032e-16
5.558583440045118 1.4439605537742733e-16
5.5610766376226275 1.839270547452742e-16
5.563572072757197 2.9819196070908805e-16
5.566069748462372 1.3398438854156358e-16
5.568569667757112 1.2529110297905059e-16
5.571071833665801 1.227160652130345e-16
5.573576249218265 1.2236933996454738e-16
5.576082917449776 1.2251305914837947e-16
5.578591841401075 1.2265609399511387e-16
5.581103024118371 1.2279844537995252e-16
5.583616468653365 1.2294013665325276e-16
5.586132178063257 1.2308129001205822e-16
5.5886501554107575 1.232217082735222e-16
5.591170403764104 1.2336109522252913e-16
5.59369292619707 1.2350020620912608e-16
5.596217725788978 1.2363911465242868e-16
5.598744805624713 1.2377719016005374e-16
5.601274168794735 1.244802194829671e-16
5.603805818395092 1.2776447002598975e-16
5.60633975752743 1.2486266991136384e-16
5.608875989299009 1.2432541041661485e-16
5.611414516822713 1.2446167928798243e-16
5.613955343217068 1.2459727301257775e-16
5.616498471606244 1.247321937933082e-16
5.61904390512008 1.248664341932549e-16
5.621591646894089 1.250034082203424e-16
5.624141700069474 1.2514457963222357e-16
5.6266940677931405 1.252850965438841e-16
5.62924875321771 1.2542492202221855e-16
5.631805759501528 1.2556404956205857e-16
5.634365089808687 1.2570249693947614e-16
5.6369267473090305 1.2584030793742737e-16
5.639490735178168 1.259774616885108e-16
5.6420570565974915 1.2611388699756698e-16
5.644625714754185 1.2624965153353275e-16
5.647196712841244 1.263858095588541e-16
5.649770054057477 1.2652616481837388e-16
5.6523457416075304 1.2665413412939244e-16
5.654923778701895 1.2678588996243226e-16
5.657504168556923 1.2691824724083858e-16
5.660086914394839 1.2704992006503707e-16
5.662672019443755 1.2719592824933589e-16
5.665259486937682 1.2735637684682837e-16
5.667849320116545 1.2751607494600276e-16
5.670441522226198 1.2767501601466373e-16
5.673036096518433 1.2783319365280355e-16
5.675633046250996 1.279906245677959e-16
5.678232374687606 1.2823375117359044e-16
5.680834085097956 2.2646894601193813e-15
5.683438180757741 1.2861366479626345e-16
5.6860446649486605 1.2862493862400755e-16
5.688653540958439 1.6278462630618865e-16
5.691264812080839 1.2892322961149613e-16
5.693878481615672 1.290728904427991e-16
5.696494552868812 1.2922478836988028e-16
5.699113029152214 1.293762508891147e-16
5.701733913783924 1.29526303927408e-16
5.704357210088095 1.296777564776213e-16
5.706982921395002 1.2983228897997624e-16
5.709611051041052 1.2998617588530104e-16
5.712241602368802 1.3013931062286483e-16
5.714874578726969 1.302917032843343e-16
5.7175099834704515 1.3044364206886995e-16
5.720147819960338 1.3059606860003972e-16
5.722788091563919 1.3074668273246196e-16
5.72543080165471 1.3089711375752898e-16
5.728075953612457 1.310477939522132e-16
5.730723550823157 1.311988318559956e-16
5.733373596679068 1.3134943349339351e-16
5.736026094578728 1.3197903302851667e-16
5.738681047926966 1.4157506487679827e-16
5.741338460134916 1.32380760091679e-16
5.743998334620035 1.3204342956491907e-16
5.746660674806118 1.3211037725666865e-16
5.749325484123307 1.3223852968275207e-16
5.751992766008111 1.3238566434800351e-16
5.754662523903419 1.3360684054625178e-16
5.757334761258516 1.4032228533474007e-16
5.760009481529093 5.447612411876622e-16
5.762686688177272 1.6984997820977027e-16
5.7653663846716094 2.157413170419377e-16
5.768048574487119 1.4804975406693902e-16
5.770733261105281 1.6842078347417692e-16
5.773420448014066 1.76612806394534e-16
5.7761101387079385 1.3379551607206026e-16
5.778802336687881 1.3388403301878556e-16
5.781497045461406 1.3480904430935242e-16
5.784194268542572 1.409839261447121e-16
5.786894009451995 1.459293275961434e-16
5.789596271716871 1.7118845632834598e-16
5.792301058870985 2.356160969575651e-16
5.795008374454729 1.672581411337505e-16
5.797718222015119 1.8813962635952225e-16
5.800430605105805 1.3650487078284982e-16
5.803145527287094 1.3570704633581052e-16
5.8058629921259595 2.294871565929195e-16
5.80858300319606 1.5748185636271098e-16
5.811305564077755 1.3559907033228613e-16
5.814030678358119 1.3767198331546101e-16
5.816758349630957 7.31193221323913e-16
5.819488581496825 1.887785783690234e-16
5.822221377563037 1.3960771003345698e-16
5.824956741443689 1.4351555048450313e-16
5.827694676759673 1.376985403886071e-16
5.830435187138689 1.3692267173027223e-16
5.833178276215268 1.8516453389104553e-16
5.83592394763078 3.7334054634646163e-16
5.838672205033456 2.037708315482615e-16
5.841423052078404 1.3691069475309104e-16
5.84417649242762 1.3703256391974602e-16
5.846932529750011 1.3715361843374005e-16
5.8496911677214065 1.3756426658126158e-16
5.852452410024576 1.5443750150027224e-16
5.855216260349247 1.6222489027889093e-16
5.85798272239212 1.3837227861790145e-16
5.860751799856885 1.4048511232511445e-16
5.863523496454238 1.3842571338548973e-16
5.866297815901899 1.3839258409440784e-16
5.869074761924627 1.3870014432834192e-16
5.871854338254235 1.386374863356446e-16
5.874636548629612 1.399155738097095e-16
5.877421396796735 1.3993419534423703e-16
5.8802088865086874 1.4186367985966823e-16
5.882999021525677 1.4681304929071345e-16
5.88579180561505 1.390134975054701e-16
5.888587242551312 1.3919564011607084e-16
5.891385336116141 1.393866647617666e-16
5.8941860900984056 1.3958874658945412e-16
5.896989508294185 1.3986299987829256e-16
5.899795594506782 1.4008655760523641e-16
5.902604352546745 1.4016969768245717e-16
5.9054157862318775 1.4037381778707415e-16
5.908229899387263 1.4052130645090493e-16
5.911046695845281 1.4069933131571147e-16
5.91386617944562 1.4089330434921722e-16
5.9166883540352995 1.4109165726323298e-16
5.919513223468686 1.414126294954832e-16
5.9223407916075095 1.4145696917729047e-16
5.925171062320884 1.4162640980987205e-16
5.92800403948532 1.4191425360340437e-16
5.930839726984748 1.419889287921017e-16
5.933678128710533 1.4214559275762317e-16
5.936519248561493 1.4233871621343642e-16
5.939363090443916 1.4250672536216816e-16
5.9422096582715795 1.4254406986080377e-16
5.945058955965767 1.4259709023439475e-16
5.947910987455288 1.4275230834878441e-16
5.950765756676493 1.429245107781771e-16
5.953623267573294 1.4309583928584613e-16
5.956483524097182 1.4326625476900392e-16
5.959346530207247 1.434358350388707e-16
5.96221228987019 1.43604554702731e-16
5.9650808070603505 1.438695272839863e-16
5.967952085759718 1.4474717616158588e-16
5.970826129957953 1.4534694840296332e-16
5.973702943652403 1.4447692956997315e-16
5.976582530848126 1.4444267325480324e-16
5.979464895557906 1.4460855893798233e-16
5.98235004180227 1.4477360993132488e-16
5.98523797360951 1.449376705833549e-16
5.988128695015699 1.4510084297173628e-16
5.9910222100647115 1.4526319947316002e-16
5.993918522808243 1.4542467648992896e-16
5.996817637305826 1.4558526214446288e-16
5.9997195576248545 1.457449907888878e-16
6.002624287840593 1.4590386245872935e-16
6.005531832036207 1.4649026073359707e-16
6.008442194302776 1.4900982598312484e-16
6.011355378739314 1.4687892168326001e-16
6.014271389452786 1.465307266165487e-16
6.017190230558132 1.467472025881928e-16
6.0201119061782835 1.5197745694573797e-16
6.023036420444184 1.4706458469783371e-16
6.025963777494807 1.4714400403068443e-16
6.028893981477179 1.4729492206851404e-16
6.031827036546392 1.4744521576397617e-16
6.034762946865633 1.4759507700234313e-16
6.037701716606193 1.4775434451737543e-16
6.040643349947499 1.5652126331050816e-16
6.04358785107712 1.4805516669168122e-16
6.046535224190799 1.481935213302314e-16
6.049485473492465 1.483424498982903e-16
6.052438603194256 1.8144968982443104e-16
6.05539461751654 1.4863524067154615e-16
6.058353520687934 1.4878080224770695e-16
6.061315316945323 1.4893660497247948e-16
6.0642800105338805 1.4908072203772316e-16
6.067247605707095 1.6237777309599328e-16
6.070218106726777 1.4939195385370867e-16
6.073191517863093 1.495138023224316e-16
6.07616784339458 1.4963510271176364e-16
6.079147087608162 1.4977000657909235e-16
6.08212925479918 1.499080336442317e-16
6.085114349271405 1.5004544628756457e-16
6.088102375337061 1.5018720527425907e-16
6.091093337316848 1.5035552532837228e-16
6.094087239539959 1.5052689288026803e-16
6.097084086344102 1.5070260498270695e-16
6.100083882075527 1.5088208703653038e-16
6.103086631089035 1.5106238546804468e-16
6.106092337748008 1.5124367778915326e-16
6.109101006424431 1.7291948715582171e-16
6.112112641498905 1.5169837872764898e-16
6.115127247360678 1.51795965237196e-16
6.11814482840766 1.5195837078092926e-16
6.1211653890464435 1.5213780164024206e-16
6.124188933692331 1.523162477533772e-16
6.127215466769353 1.5249371986954603e-16
6.130244992710287 1.526704167328885e-16
6.133277515956684 1.5284751806522176e-16
6.136313040958887 1.5302395231163838e-16
6.139351572176055 1.5319610286725626e-16
6.142393114076182 1.5336688142890134e-16
6.14543767113612 1.5353836517922271e-16
6.148485247841605 1.5370917909174375e-16
6.15153584868727 1.5387936000941157e-16
6.1545894781766775 1.5404930483022748e-16
6.157646140822334 1.5421837588160234e-16
6.160705841145717 1.5463208915047086e-16
6.1637685836772915 1.5642594827816385e-16
6.166834372956542 1.5724731769290352e-16
6.169903213531984 1.5813250782225898e-16
6.172975109961191 1.7444746342929466e-16
6.1760500668108245 2.202748047278004e-16
6.1791280886566415 7.214206387022382e-16
6.182209180083531 1.9208630522250054e-16
6.185293345685527 4.1618750987078805e-16
6.188380590065839 1.9686609784961975e-16
6.19147091783687 1.8244414875659915e-16
6.194564333620242 1.654567597640503e-16
6.197660842046816 1.7081923918880903e-16
6.200760447756717 1.8407484458737767e-16
6.20386315539936 1.6242538336363425e-16
6.206968969633468 1.577732306905244e-16
6.210077895127097 1.5737598988192346e-16
6.213189936557665 1.573340623730506e-16
6.216305098611963 1.58221045370906e-16
6.219423385986195 1.5784620035108897e-16
6.2225448033859845 1.580680166705718e-16
6.225669355526412 1.5885233018948e-16
6.22879704713203 1.882491632685812e-16
6.231927882936892 1.588665189861784e-16
6.235061867684575 1.583263973652762e-16
6.238199006128197 1.5833132223786747e-16
6.241339303030458 1.5847932120761807e-16
6.244482763163641 1.7948271941183775e-16
6.247629391309655 1.7224640781657604e-16
6.250779192260049 1.6422141341123865e-16
6.2539321708160465 1.6872476454381896e-16
6.2570883317885535 1.5922803136851216e-16
6.260247679998199 1.5934853321599605e-16
6.263410220275348 1.5949079691218883e-16
6.266575957460137 2.5366710632029433e-16
6.269744896402492 1.597725744945445e-16
6.272917041962151 1.5991213561050138e-16
6.276092399008692 1.6005086558489392e-16
6.279270972421561 1.6018871023309692e-16
6.282452767090094 1.6033603204099584e-16
6.285637787913537 1.6052934709157943e-16
6.28882603980108 1.606095009441389e-16
6.292017527671882 1.6073356457406015e-16
6.295212256455084 1.6087793796134047e-16
6.298410231089849 1.610000781305477e-16
6.301611456525381 1.6114207030006249e-16
6.3048159377209485 1.6134181013278328e-16
6.308023679645917 1.6140507128280776e-16
6.311234687279764 1.615568479343051e-16
6.314448965612121 2.438072439419028e-16
6.317666519642777 1.6111200610788425e-16
6.320887354381724 1.6035224644965953e-16
6.324111474849176 1.6034017635908043e-16
6.327338886075596 1.6046512582193046e-16
6.330569593101716 1.6063284075320468e-16
6.333803600978571 1.6082666946427204e-16
6.337040914767527 1.6105879311968282e-16
6.340281539540293 1.6531975137231085e-16
6.34352548037897 1.6144756985789875e-16
6.3467727423760545 1.615911628962629e-16
6.350023330634483 1.6178110049387447e-16
6.353277250267647 1.6203048177774753e-16
6.3565345063994245 1.6283311775171596e-16
6.35979510416421 1.6452508344243026e-16
6.363059048706936 1.6290392257090477e-16
6.366326345183103 1.627080844958161e-16
6.369596998758805 1.6289598339850407e-16
6.372871014610757 1.6308354056743187e-16
6.376148397926327 1.6328050296703072e-16
6.379429153903557 1.8110879299838905e-16
6.382713287751186 1.6470142982981463e-16
6.386000804688697 1.6928147482432138e-16
6.389291709946323 1.666712842335187e-16
6.392586008765085 1.6463179511128897e-16
6.395883706396824 1.8899442911486856e-16
6.399184808104218 1.6467708612469586e-16
6.402489319160815 1.6487149382979733e-16
6.405797244851066 1.6506666225970592e-16
6.409108590470344 1.6526071177327167e-16
6.412423361324983 1.654569916982083e-16
6.415741562732293 2.0522370195621065e-16
6.419063200020602 1.6583998923525627e-16
6.422388278529275 1.660255980812402e-16
6.425716803608748 1.6621471786931278e-16
6.429048780620551 1.664072488601366e-16
6.432384214937344 1.665979824563245e-16
6.4357231119429406 1.6678196755591987e-16
6.43906547703234 1.6706143124834007e-16
6.442411315611754 1.6780783448256654e-16
6.445760633098635 1.6744693606406092e-16
6.44911343492171 2.2827707466231154e-16
6.452469726521005 1.6768860821802398e-16
6.455829513347879 1.678615914575426e-16
6.459192800865046 1.6803921052232764e-16
6.462559594546616 1.6821572792821133e-16
6.4659298998781125 1.683911530004883e-16
6.4693037223565115 1.6856692470726595e-16
6.472681067490266 1.687478308476726e-16
6.476061940799343 1.6891278493427064e-16
6.479446347815239 1.6912043347303175e-16
6.4828342940810275 1.6963129047126597e-16
6.48622578515138 1.708886909167583e-16
6.489620826592595 1.7344925794147703e-16
6.4930194239826315 1.7043282609654387e-16
6.496421582911144 2.704789846290187e-16
6.499827308979504 1.701065063165115e-16
6.503236607800836 1.7035468481999313e-16
6.5066494850000485 1.7114293223758948e-16
6.510065946213864 1.7262251760478106e-16
6.513485997090846 1.8227371480099334e-16
6.516909643291439 1.7252815138455832e-16
6.520336890487995 1.713714130836606e-16
6.523767744364801 1.7127319799215275e-16
6.527202210618115 1.7139773866240047e-16
6.5306402949562 1.715555451418243e-16
6.534082003099346 1.7171372657384937e-16
6.537527340779916 1.7187212307915395e-16
6.540976313742363 1.720296223434759e-16
6.544428927743272 1.7218604822970557e-16
6.547885188551388 1.723413939904534e-16
6.551345101947648 1.7249568780393608e-16
6.554808673725215 1.7264892699745204e-16
6.558275909689509 1.7280110693069973e-16
6.56174681565824 1.7295217573294137e-16
6.565221397461442 1.7310220565141478e-16
6.568699660941501 1.7325498413069404e-16
6.572181611953193 1.7341158354638776e-16
6.5756672563637135 1.736044426945907e-16
6.579156600052711 3.582957923791777e-16
6.582649648912326 1.7400160982635103e-16
6.586146408847211 1.741824003724726e-16
6.589646885774575 1.7437684245839004e-16
6.593151085624213 1.7457022897358453e-16
6.596659014338543 1.747627570592468e-16
6.600170677872633 1.7495318029620397e-16
6.60368608219424 1.7514270632484944e-16
6.60720523328384 1.7533114590972297e-16
6.610728137134665 1.7551840075110854e-16
6.614254799752739 1.7570455766173302e-16
6.6177852271569035 1.7588996202277726e-16
6.621319425378861 1.7607331088774525e-16
6.624857400463205 1.7626395170009458e-16
6.628399158467456 1.764877847078454e-16
6.631944705462093 1.766594262906258e-16
6.635494047530592 4.0560555565163205e-16
6.6390471907694595 1.7726106994895357e-16
6.642604141288268 2.1252578534245765e-16
6.646164905209686 2.7985636624413047e-16
6.649729488669521 1.3821191296171132e-14
6.653297897816747 1.6803957691404373e-15
6.656870138813554 1.4699393426302976e-15
6.66044621783536 5.6473671866143585e-16
6.6640261410708685 1.6248415149259718e-15
6.6676099147220915 1.7964774556672175e-16
6.671197545004392 1.7904388264524087e-16
6.6747890381465185 1.8003031038178906e-16
6.678384400390636 3.2822192177176363e-16
6.681983637992365 4.539999111774203e-16
6.685586757220829 9.40979938822178e-16
6.689193764358668 3.2489787611813386e-15
6.692804665702093 3.0375421491233594e-16
6.696419467560921 2.0093782936609656e-16
6.700038176258603 1.9107634553039083e-16
6.703660798132271 1.9090978859638304e-16
6.707287339532762 1.9426226053796908e-16
6.710917806824671 1.8146114719512884e-16
6.714552206386376 1.8239300292012636e-16
6.718190544610085 6.14501026008668e-16
6.721832827901857 3.4246122513440023e-16
6.725479062681667 2.0090667071248983e-16
6.729129255383412 3.3460499930208287e-16
6.7327834124549755 1.822614555101134e-16
6.736441540358246 6.243099923476942e-16
6.74010364556917 8.868277384418985e-15
6.743769734577781 1.3966924432388499e-15
6.747439813888239 1.8276017286173345e-16
6.751113890018872 1.8262820701225933e-16
6.7547919695022145 1.831295657924206e-16
6.758474058885042 1.8509582277970028e-16
6.762160164728412 1.8352346707885696e-16
6.765850293607708 1.8330829162069888e-16
6.7695444521126715 1.8347784271512648e-16
6.77324264684744 2.5347450727932305e-16
6.776944884430599 1.8460596605169883e-16
6.780651171495204 1.908992838465762e-16
6.784361514688834 1.895057152657623e-16
6.7880759206736245 2.1878549206615046e-16
6.791794396126309 2.01816536032357e-16
6.7955169477382595 1.9162272921133737e-16
6.799243582215524 1.8616565568367862e-16
6.802974306278872 1.8597936208575475e-16
6.80670912666383 2.204202543097899e-16
6.810448050120726 1.8557642944905856e-16
6.8141910834147215 1.8541969217545426e-16
6.817938233325865 1.8559542641570692e-16
6.821689506649129 1.8609401790040647e-16
6.82544491019444 1.8754918876249576e-16
6.829204450786733 1.8644693375525461e-16
6.8329681352659914 1.869395382659859e-16
6.836735970487282 1.86606562346811e-16
6.840507963320799 1.8655721330256051e-16
6.844284120651909 1.8676612833682247e-16
6.848064449381189 1.872664612847413e-16
6.851848956424475 1.8896276432740007e-16
6.855637648712892 1.8779395152724844e-16
6.85943053319291 1.876974700683991e-16
6.863227616826372 1.8798224494323802e-16
6.867028906590556 1.885552046299754e-16
6.870834409478196 1.884353793411355e-16
6.87464413249754 1.8858322863514835e-16
6.878458082672388 1.8880477292698537e-16
6.882276267042136 1.8904768216583414e-16
6.886098692661818 1.8945267698761188e-16
6.88992536660215 1.8978971919022725e-16
6.893756295949573 1.8972473978044e-16
6.8975914878063 1.8992892835035025e-16
6.901430949290353 2.0462300772727e-16
6.905274687535619 2.224094945814543e-16
6.909122709691879 1.9088344028532456e-16
6.912975022924861 1.9072380653167718e-16
6.916831634416292 1.9093022052310297e-16
6.920692551363923 1.911352833499911e-16
6.924557780981591 1.9133926635703038e-16
6.928427330499255 1.9154217547164658e-16
6.9323012071630465 1.917460676550974e-16
6.936179418235312 1.9211289169774683e-16
6.940061970994656 1.934240126398049e-16
6.943948872735989 1.937613646224424e-16
6.947840130770579 1.928806189936287e-16
6.951735752426083 1.9355570454199152e-16
6.955635745046608 1.931107285775036e-16
6.959540115992748 1.9337546993994621e-16
6.963448872641633 1.9341933087229433e-16
6.967362022386978 1.9736290025761018e-16
6.971279572639124 1.9395624615359847e-16
6.975201530825089 1.9520507715592554e-16
6.979127904388613 1.959278436391143e-16
6.983058700790207 1.947022949204908e-16
6.9869939275072 1.9488340323321528e-16
6.990933592033785 1.9483421185218719e-16
6.994877701881064 1.9498148290775852e-16
6.998826264577104 1.9518088052495665e-16
7.002779287666978 1.9537907259682834e-16
7.006736778712812 1.9557663675211843e-16
7.010698745293837 1.957715988736758e-16
7.01466519500644 1.9598499552942624e-16
7.018636135464207 1.9628576265761513e-16
7.022611574297973 1.9637157047616927e-16
7.026591519155871 1.965384350788533e-16
7.030575977703381 1.9673094912141134e-16
7.034564957623387 1.9673981580182677e-16
7.038558466616209 1.9541425169424446e-16
7.042556512399667 1.9405983343253673e-16
7.0465591027091286 1.940050462283308e-16
7.050566245297555 1.9418296669269515e-16
7.054577947935553 1.943595809760579e-16
7.058594218411424 1.9453559296669105e-16
7.06261506453122 1.9470959977682687e-16
7.066640494118781 1.9488209146505082e-16
7.070670515015802 1.9505297762397232e-16
7.074705135081874 1.9522400226766522e-16
7.078744362194538 1.9539884034617915e-16
7.082788204249331 1.955610323561739e-16
7.086836669159851 1.9572886760480558e-16
7.090889764857791 1.9589623107764444e-16
7.094947499293005 1.960687881981736e-16
7.099009880433552 1.9624113651058753e-16
7.103076916265753 1.964490406990187e-16
7.107148614794238 1.3416207956610924e-15
7.1112249840420025 1.9683809834502626e-16
7.11530603205046 2.4888301376932996e-16
7.119391766879496 1.9714692057774368e-16
7.1234821966075135 1.9727246371053967e-16
7.127577329331497 1.9747252365401249e-16
7.131677173167058 2.7054371821978117e-16
7.135781736248494 1.9788202968713747e-16
7.139891026728839 1.9806367917544677e-16
7.1440050527799155 1.982787226743343e-16
7.148123822592395 1.9859664635438794e-16
7.152247344375846 3.289811819627734e-16
7.156375626358791 1.9953798268526302e-16
7.160508676788767 2.030222125813295e-16
7.164646503932369 2.0177618796400088e-16
7.1687891160753106 2.1642020868759924e-16
7.172936521522485 3.422370396146051e-16
7.177088728598012 2.7282241037843395e-16
7.1812457456452945 2.0818914243040728e-16
7.185407581027082 4.0229377701824993e-16
7.189574243125518 2.0260445052130018e-16
7.193745740342204 2.051822322224961e-16
7.197922081098245 2.0451367211906649e-16
7.202103273834317 2.0165668680174296e-16
7.206289327010721 2.0139767050102403e-16
7.2104802491074365 2.015539906820193e-16
7.214676048624181 2.0183455885892642e-16
7.218876734080469 2.0196040588147843e-16
7.223082314015667 2.0232441406224364e-16
7.227292796989054 2.0232353627947296e-16
7.231508191579877 2.071820456818218e-16
7.235728506387412 5.192930006518532e-16
7.2399537500310185 2.030046246359199e-16
7.244183931150201 2.030038546430458e-16
7.248419058404668 2.217713095380415e-16
7.252659140474392 2.0869995624645471e-16
7.256904186059666 2.0484489658111514e-16
7.2611542038811665 2.0470771690159688e-16
7.265409202680006 2.0403500620803422e-16
7.2696691912178 2.1091570749865314e-16
7.273934178276732 2.220480150589017e-16
7.278204172659595 2.2892398233026623e-16
7.282479183189875 2.0455920314212978e-16
7.286759218711793 2.0472363926003076e-16
7.2910442880903785 2.135938621218671e-16
7.295334400211525 2.051153443054917e-16
7.29962956398205 2.0562051123671695e-16
7.3039297883297625 2.0544385692050533e-16
7.308235082203522 7.589000525079544e-16
7.312545454573295 2.0780207287136134e-16
7.316860914430226 2.1869314269175671e-16
7.321181470786696 2.0603424103694262e-16
7.325507132676386 2.0620757711979302e-16
7.329837909154337 2.0637285519880995e-16
7.334173809297021 2.0653461351925933e-16
7.338514842202393 2.0668754736978225e-16
7.342861016989963 2.0684582649523239e-16
7.34721234280086 2.0700551563801596e-16
7.351568828797892 2.0716419485203263e-16
7.355930484165612 2.073217146358256e-16
7.360297318110379 2.0748054185122802e-16
7.364669339860432 2.0772523903681397e-16
7.36904655866595 2.082638960539701e-16
7.373428983799109 2.0802728348147944e-16
7.377816624554162 2.0810129326975485e-16
7.382209490247496 2.082581104183318e-16
7.386607590217698 2.0841330410737974e-16
7.391010933825627 2.085674414156388e-16
7.395419530454469 2.0871963367889137e-16
7.399833389509818 2.0887061728210069e-16
7.404252520419734 2.0902021554653965e-16
7.408676932634809 2.091685021615467e-16
7.413106635628241 2.0931511927513374e-16
7.417541638895895 2.09460682959054e-16
7.4219819519563766 2.0960687376458874e-16
7.426427584351097 2.098152424722162e-16
7.430878545644338 2.1005509503594036e-16
7.435334845423326 2.1029634595291785e-16
7.439796493298303 2.1053121669845566e-16
7.444263498902588 2.1076581806856648e-16
7.448735871892651 2.109994636525408e-16
7.453213621948177 2.1123301107101624e-16
7.457696758772149 2.114684093017229e-16
7.462185292090904 2.1169562418947497e-16
7.466679231654212 2.1192217678325785e-16
7.47117858723534 1.3005580525342868e-15
7.475683368631128 2.1808526686767353e-16
7.48019358566206 2.1270263243179314e-16
7.484709248172329 2.128424663633199e-16
7.489230366029922 2.2079714525588025e-16
7.493756949126674 2.1505628058887938e-16
7.498289007378356 2.1381735304092552e-16
7.5028265507247385 2.1368904373346607e-16
7.507369589129663 2.1389156655162213e-16
7.511918132581127 2.1403547523966033e-16
7.516472191091341 2.1377560195861642e-16
7.521031774696813 2.135022930311166e-16
7.52559689345842 2.1362730791554476e-16
7.530167557461475 2.1382623085779596e-16
7.534743776815812 2.1403838184549048e-16
7.5393255616558585 2.1476023793595843e-16
7.543912922140701 2.1733858310974262e-16
7.5485058684541695 2.3551783518394202e-16
7.5531044108049095 2.1481037170319659e-16
7.55770855942646 2.1499425823592951e-16
7.5623183245773244 2.15183469759384e-16
7.566933716541052 2.1537346498321408e-16
7.57155474562631 2.1585822589010183e-16
7.576181422166965 2.1788908711374184e-16
7.580813756522159 2.692225991002678e-16
7.585451759076377 2.2218073858069577e-16
7.590095440239542 2.1787213616232372e-16
7.594744810447081 2.2311033242472594e-16
7.599399880160003 2.178199698573078e-16
7.604060659864983 2.1682175133857406e-16
7.608727160074437 2.184387678626057e-16
7.613399391326603 2.263874643266126e-16
7.61807736418562 2.1897727515081345e-16
7.622761089241607 2.1751370540950465e-16
7.6274505771107375 2.176909566277173e-16
7.632145838435333 2.1879549471291786e-16
7.636846883883933 2.4239224649543595e-16
7.641553724151375 2.1925779093075673e-16
7.6462663699588855 2.183977732492101e-16
7.65098483205415 2.1854206223975503e-16
7.655709121211401 2.187167630619444e-16
7.660439248231498 2.1890129888670854e-16
7.665175223942015 2.1909601238592798e-16
7.66991705919731 2.204698002804445e-16
7.674664764878625 2.4787718694500634e-16
7.6794183518941574 2.2115499295862403e-16
7.684177831179147 2.1981956621407453e-16
7.688943213695959 2.201503431883473e-16
7.693714510434169 2.3115182032055717e-16
7.698491732410649 2.5664292351286894e-16
7.703274890669651 2.2058223162644481e-16
7.708063996282888 2.207967269295612e-16
7.712859060349628 2.2089131408890898e-16
7.7176600939967726 2.2118860250348258e-16
7.722467108378944 2.3636717691399813e-16
7.727280114678575 2.542188561097836e-16
7.732099124105992 2.772570226371642e-16
7.7369241478995034 2.762620749525694e-16
7.741755197325491 2.2250782415663974e-16
7.746592283678487 2.2236288473681756e-16
7.7514354182812735 2.3043490358378e-16
7.756284612484966 1.5012759688438137e-15
7.761139877669099 3.199810907855704e-16
7.766001225241722 3.4598220264069916e-16
7.770868666639485 2.3324993974036744e-16
7.775742213327723 3.262790868114737e-16
7.7806218768005575 2.234354649581825e-16
7.785507668580977 2.2360084343527346e-16
7.790399600220935 2.2383500022479786e-16
7.795297683301431 2.3652653255410304e-16
7.800201929432615 2.3611169765986305e-16
7.805112350253868 5.097944982858913e-16
7.810028957433903 2.450466946052797e-16
7.814951762670846 2.3122650211553883e-16
7.819880777692344 2.2600009044081173e-16
7.824816014255645 2.2593958638651416e-16
7.829757484147695 2.2636910492675967e-16
7.834705199185237 3.1888931802343205e-16
7.839659171214904 2.2580965630449883e-16
7.8446194121133015 2.474894926233491e-16
7.84958593378712 3.1635519736390587e-15
7.854558748173219 2.2782679663454675e-16
7.859537867238728 2.3355732890317784e-16
7.864523302981138 2.4456865979582746e-16
7.869515067428401 2.6771009882668714e-16
7.874513172639024 1.040352847546686e-15
7.879517630702174 2.2760854205244985e-16
7.884528453737762 2.274622787884548e-16
7.889545653896552 2.2765388271264934e-16
7.894569243360256 2.2782340181246527e-16
7.899599234341631 2.2802037166411563e-16
7.90463563908458 2.2822299081129403e-16
7.909678469864247 2.283913659825748e-16
7.914727738987126 2.324980499283404e-16
7.919783458791151 2.2872761023248693e-16
7.924845641645801 2.2904739479006643e-16
7.9299142999522045 2.294483585542973e-16
7.934989446143231 2.3121457244936443e-16
7.940071092683601 2.297520331709927e-16
7.94515925206999 2.297553058132923e-16
7.9502539368311185 2.3091810170228754e-16
7.95535515952787 2.3045674872226636e-16
7.960462932753383 2.3022657549723236e-16
7.965577269133159 2.301993985960525e-16
7.970698181325167 2.303278783933214e-16
7.975825682019949 2.3076085196648634e-16
7.9809597839407225 2.324312307696913e-16
7.98610049984348 2.3118728994494743e-16
7.99124784251711 2.314172608133771e-16
7.996401824783487 2.3147307015148746e-16
8.001562459497592 2.325737491965165e-16
8.006729759547602 2.3201016672188936e-16
8.01190373785502 2.3168283560285705e-16
8.017084407374762 2.317014822475378e-16
8.022271781095274 4.3037607383981095e-16
8.02746587203864 2.3217479601889926e-16
8.032666693260694 2.3381223281549953e-16
8.037874257851126 2.584435850644708e-16
8.04308857893359 2.3257783088181206e-16
8.048309669665814 2.325115777440918e-16
8.05353754323972 2.744394235911393e-16
8.058772212881522 2.4987399351080887e-16
8.064013691851843 2.3358345424720706e-16
8.069261993445837 4.54289880034005e-16
8.074517130993282 2.4931138517064023e-16
8.079779117858708 2.342947137779841e-16
8.085047967441502 2.335807295391692e-16
8.090323693176028 2.3388491810489836e-16
8.095606308531735 2.345792524789092e-16
8.100895827013279 2.343109321823543e-16
8.106192262160631 2.341302132449575e-16
8.111495627549193 2.343451994234358e-16
8.116805936789925 2.348562109854085e-16
8.12212320352944 2.35161517873577e-16
8.127447441450146 2.4090620302372766e-16
8.132778664270344 2.4428340764983705e-16
8.138116885744354 2.3568855831001905e-16
8.143462119662633 2.357638611325205e-16
8.148814379851895 2.3605835254788606e-16
8.154173680175223 2.366568869186176e-16
8.159540034532197 2.3677363712826526e-16
8.164913456859013 2.3680719230922563e-16
8.170293961128596 2.372292725962995e-16
8.175681561350732 2.4085250511719254e-16
8.181076271572183 2.3765746103499583e-16
8.186478105876809 2.3763648801536637e-16
8.191887078385692 2.37819077888363e-16
8.19730320325726 2.3804463124901257e-16
8.20272649468741 2.382312617341586e-16
8.208156966909634 2.384565736027401e-16
8.213594634195132 2.3873483055669905e-16
8.219039510852957 2.389100253845452e-16
8.224491611230123 2.3907959938947807e-16
8.229950949711741 2.3977025984893984e-16
8.235417540721139 2.423332259313266e-16
8.240891398719993 2.4023996268075475e-16
8.246372538208458 2.39927735892199e-16
8.251860973725288 2.4026655394304096e-16
8.257356719847964 2.4033212352531956e-16
8.262859791192836 2.4050402127750874e-16
8.268370202415243 2.406855383924577e-16
8.273887968209635 2.408924921790714e-16
8.279413103309722 2.411332677771164e-16
8.284945622488591 2.4183109180251313e-16
8.290485540558844 2.415359424665441e-16
8.296032872372733 2.6219472868440953e-16
8.301587632822276 2.4413160379491384e-16
8.307149836839418 2.4199547616032107e-16
8.312719499396136 2.422585941218747e-16
8.318296635504598 2.449254801547651e-16
8.323881260217279 2.4291217966105397e-16
8.329473388627108 2.43535548288088e-16
8.335073035867598 2.4300109928163674e-16
8.340680217112984 2.429704698143791e-16
8.346294947578365 2.4321649538223143e-16
8.35191724251983 2.4331057475723027e-16
8.357547117234612 2.436646401872712e-16
8.363184587061209 2.4479478744935997e-16
8.368829667379542 2.4489687749678117e-16
8.374482373611077 2.4418185915076384e-16
8.380142721218977 2.4416553400925406e-16
8.385810725708245 2.4430310020672847e-16
8.391486402625848 2.4934202064007415e-16
8.397169767560886 2.575800870696059e-16
8.402860836144706 2.5493466262430193e-16
8.408559624051072 3.2461718112823745e-16
8.414266146996288 5.975169382460499e-16
8.419980420739357 4.688516379894792e-15
8.425702461082114 2.486028286627918e-15
8.43143228386938 4.278897629065294e-16
8.437169904989108 3.7613089862232237e-16
8.442915340372528 2.8494127796053603e-16
8.448668605994285 3.9070937049873005e-16
8.454429717872609 2.7545463757528403e-16
8.460198692069445 8.037669958686571e-16
8.465975544690608 2.4716551234344764e-16
8.471760291885928 2.495400337628744e-16
8.47755294984942 2.466747673395703e-16
8.483353534819406 2.526342261635025e-16
8.489162063078686 2.4670212725087473e-16
8.49497855095469 3.2361036026103563e-16
8.500803014819619 2.4779818527185496e-16
8.506635471090615 2.4712449610999162e-16
8.512475936229897 2.977934372978466e-16
8.518324426744936 3.176675310407672e-16
8.524180959188593 3.0397762253912276e-16
8.530045550159283 2.69135592415665e-16
8.53591821630113 2.4823201271147086e-16
8.54179897430413 2.588858692225543e-16
8.547687840904302 2.484426024286909e-16
8.553584832883846 4.892215473982821e-16
8.559489967071311 2.6382909070081343e-16
8.565403260341744 2.4901274088716064e-16
8.571324729616864 2.58288514225235e-16
8.57725439186521 2.5024140172300804e-16
8.58319226410231 2.6087113750741867e-16
8.589138363390845 2.779187708354225e-16
8.59509270684081 2.5001609031501527e-16
8.601055311609672 2.5039511224909956e-16
8.607026194902552 2.513509238491234e-16
8.613005373972372 3.5379708960957773e-16
8.618992866120033 2.508937322991194e-16
8.624988688694568 2.930728368971354e-16
8.630992859093334 2.5173887088314027e-16
8.637005394762157 2.53370615854274e-16
8.643026313195508 2.555869530100263e-16
8.649055631936678 2.525858609772488e-16
8.655093368577944 2.600456439907278e-16
8.661139540760738 2.530671551737747e-16
8.667194166175827 2.6438580006824954e-16
8.673257262563473 2.53931696012675e-16
8.679328847713615 2.5565750299800567e-16
8.685408939466047 3.2664392164084267e-16
8.691497555710582 2.5579610626816717e-16
8.69759471438723 2.559082946184089e-16
8.703700433486384 2.547342849137976e-16
8.709814731048983 2.5467725178370466e-16
8.7159376251667 2.543449595565745e-16
8.722069133982115 2.5432762774769085e-16
8.728209275688895 2.806359781554821e-16
8.734358068531977 2.579511605773968e-16
8.740515530807748 2.5506273727056335e-16
8.746681680864219 3.367383526693756e-16
8.75285653710122 2.619253007449182e-16
8.759040117970573 2.550412122296706e-16
8.765232441976279 2.5786393273277475e-16
8.771433527674702 2.558637640283238e-16
8.777643393674758 2.5525350273438947e-16
8.783862058638094 2.5566690992120885e-16
8.790089541279286 3.6651495918715255e-16
8.79632586036601 2.55824582715892e-16
8.80257103471925 2.5587084598551767e-16
8.808825083213472 2.5671539158046103e-16
8.81508802477682 2.624675885126272e-16
8.82135987839131 2.6525720437804097e-16
8.827640663093014 2.6122678161634e-16
8.833930397972264 2.5702822245286505e-16
8.840229102173831 2.574610105975447e-16
8.846536794897133 4.0876780975874374e-16
8.85285349539642 2.569426197697221e-16
8.859179222980973 2.59345888073494e-16
8.86551399701531 2.570758057260473e-16
8.87185783691936 2.5759111796376137e-16
8.878210762168694 2.5829854741305164e-16
8.884572792294692 2.5847316401101145e-16
8.89094394688477 2.605537291064138e-16
8.89732424558256 2.6032154204820997e-16
8.903713708088125 2.5890473312403223e-16
8.910112354158159 2.584683051862849e-16
8.916520203606186 2.59388069689353e-16
8.92293727630277 2.592290214982565e-16
8.929363592175722 2.60514122701436e-16
8.935799171210292 2.608812546381186e-16
8.942244033449397 2.6074006709080376e-16
8.948698198993815 2.6174492004091944e-16
8.955161688002399 2.616182931733456e-16
8.96163452069228 2.609199122554512e-16
8.968116717339093 2.6072386820454116e-16
8.974608298277174 2.6247547853429087e-16
8.981109283899773 4.757603718440701e-16
8.987619694659283 2.621305894213548e-16
8.994139551067436 2.614439718120814e-16
9.000668873695528 2.61686077718247e-16
9.007207683174634 2.6173265567789794e-16
9.013756000195826 2.6250153159661877e-16
9.020313845510389 2.6227340277080515e-16
9.02688123993004 2.6317210828344376e-16
9.033458204327152 2.628178475896847e-16
9.040044759634972 2.630569697643342e-16
9.046640926847841 2.671618284364069e-16
9.053246727021426 2.635579513253304e-16
9.05986218127293 2.634021850098424e-16
9.066487310781332 3.1834352808170536e-16
9.073122136787598 2.6389263225961816e-16
9.079766680594924 2.641273532289409e-16
9.086420963568953 2.6376870676127173e-16
9.093085007138 2.637994341963677e-16
9.099758832793304 2.6099876230590475e-16
9.106442462089229 2.794093657659063e-16
9.113135916643516 2.540654744909369e-16
9.119839218137516 2.5611115709332344e-16
9.126552388316412 2.5153999019575795e-16
9.133275448989465 2.504410784412666e-16
9.140008422030245 3.0749877089177436e-16
9.146751329376873 2.540712104206272e-16
9.15350419303225 4.40159866729151e-16
9.160267035064305 3.277745463754296e-16
9.167039877606237 1.5077707005361796e-14
9.173822742856744 1.0942730924074603e-15
9.180615653080281 1.1996857405753553e-15
9.187418630607292 4.600859484332304e-16
9.194231697834459 9.481167676702436e-16
9.20105487722495 2.580315820992294e-16
9.207888191308662 2.5486914106176067e-16
9.21473166268247 4.174190300093049e-16
9.221585314010477 4.206013822347348e-16
9.228449168024268 3.2145701431369473e-15
9.23532324752315 3.8357653209767206e-16
9.242207575374417 3.028430887950826e-16
9.249102174513594 4.674245912876259e-16
9.256007067944699 5.457216354781487e-16
9.262922278740495 2.584473717672497e-16
9.269847830042748 2.556483340714992e-16
9.276783745062485 2.570193427561322e-16
9.28373004708025 5.34360795347893e-16
9.290686759446372 5.759582550609908e-16
9.29765390558122 2.940956455201654e-16
9.304631508975469 2.677652090114629e-16
9.311619593190361 8.87287184695868e-15
9.318618181857975 8.480777388061485e-16
9.32562729868149 2.5737818816000845e-16
9.332646967435453 2.5679126162143915e-16
9.339677211966048 2.818567112175599e-16
9.346718056191365 2.578830116267192e-16
9.353769524101676 2.553390616043241e-16
9.360831639759695 7.916296091525244e-16
9.367904427300875 2.813101015922469e-16
9.374987910933658 2.5704898148095835e-16
9.38208211493976 2.8992423094290425e-16
9.38918706367446 2.5799124766782676e-16
9.396302781566858 2.743508541931689e-16
9.403429293120176 2.654875421907476e-16
9.410566622912022 2.573031429676919e-16
9.41771479559468 2.640353889394031e-16
9.424873835895399 2.6544113096092806e-16
9.432043768616664 8.161335597971636e-16
9.4392246186365 2.8454739258279217e-16
9.446416410908746 2.593958863229297e-16
9.45361917046335 2.653367274310324e-16
9.460832922406656 2.633638144918105e-16
9.468057691921702 2.582621437751888e-16
9.475293504268503 2.957966767060767e-16
9.48254038478436 1.208866764093839e-15
9.489798358884139 2.620202260014541e-16
9.49706745206058 2.7347784432673e-16
9.504347689884591 2.6388576496668666e-16
9.51163909800555 2.703136004886389e-16
9.5189417021516 2.6001520197976266e-16
9.526255528129964 2.598268081461282e-16
9.533580601827234 2.5974282379979807e-16
9.540916949209688 2.6032155413697037e-16
9.548264596323591 2.629335617608961e-16
9.555623569295504 3.254642755763286e-16
9.562993894332598 2.638391433129818e-16
9.570375597722958 2.6641213433986545e-16
9.5777687058359 2.7631244351586027e-16
9.585173245122286 2.6148813738931717e-16
9.592589242114835 2.630912799252509e-16
9.600016723428444 2.898829100611169e-16
9.607455715760505 2.947093635281253e-16
9.614906245891223 2.6614752431934483e-16
9.622368340683943 2.6276427249993154e-16
9.629842027085466 2.641593472520841e-16
9.637327332126375 2.6541430473268617e-16
9.644824282921363 3.2213378996773034e-16
9.652332906669562 2.6576896622375313e-16
9.659853230654871 3.9845263246810726e-16
9.667385282246283 3.06158875816284e-16
9.67492908889821 2.637231733662568e-16
9.682484678150843 2.7544175695520933e-16
9.690052077630456 4.899519579947721e-16
9.697631315049764 3.8603236902968003e-16
9.705222418208248 2.253571395596565e-15
9.712825414992505 2.680762951022739e-16
9.720440333376587 3.142540180754426e-16
9.728067201422332 3.1034898805942223e-16
9.73570604727973 3.9792187286647295e-16
9.743356899187258 2.6584598340169765e-16
9.75101978547222 2.6478315618348587e-16
9.758694734551108 2.6688634614232404e-16
9.766381774929954 2.7271076964167133e-16
9.774080935204674 2.8071079196863684e-16
9.781792244061432 2.736491977523593e-16
9.789515730276989 2.7471824481067883e-16
9.797251422719064 2.697059162565616e-16
9.804999350346696 2.784069419910267e-16
9.812759542210598 3.090277071157111e-16
9.820532027453531 2.9164514690344593e-16
9.828316835310659 2.666491957013694e-16
9.836113995109919 2.6990461601298173e-16
9.843923536272392 2.703208924143814e-16
9.851745488312668 6.837169445844286e-16
9.85957988083922 3.095563459744366e-16
9.867426743554782 2.7079352572042886e-16
9.875286106256718 2.7339574113411144e-16
9.883157998837403 2.7125008930634125e-16
9.891042451284596 2.7229570584316204e-16
9.898939493681832 2.9643290088551854e-16
9.906849156208793 2.7432343365857034e-16
9.914771469141698 2.6998031191575674e-16
9.922706462853695 2.715151508959748e-16
9.930654167815234 2.7573830259523166e-16
9.938614614594469 2.7514395801794837e-16
9.946587833857649 3.03664229795188e-16
9.954573856369509 2.7059751786253503e-16
9.962572712993662 2.745761075207045e-16
9.97058443469301 2.745105361835404e-16
9.978609052530125 9.217618935277943e-16
9.986646597667665 2.802701721068694e-16
9.994697101368772 2.9164781719258703e-16
10.002760594997474 2.9857032207461364e-16
10.0108371100191 2.888878190376374e-16
10.018926678000684 3.8849035305797647e-16
10.027029330611377 3.2627912677538042e-15
10.035145099622861 3.1034451454673936e-16
10.043274016909765 3.4715973214568924e-16
10.051416114450078 2.8491922172633743e-16
10.059571424325576 3.1302291565692803e-16
10.067739978722233 2.9093873512096904e-16
10.075921809930659 2.7480675736666763e-16
10.084116950346507 3.051132646707383e-16
10.09232543247092 2.9429312060669135e-16
10.100547288910947 2.7754052572950013e-16
10.108782552379974 9.069478482729001e-16
10.117031255698171 8.561001887186547e-16
10.125293431792917 2.719646631560449e-16
10.133569113699235 2.998032370232428e-16
10.141858334560245 3.810824534982608e-16
10.1501611276276 2.755018974273481e-16
10.158477526261928 3.2212234033757727e-16
10.166807563933276 2.854590833794201e-16
10.175151274221575 3.8845815260058025e-16
10.18350869081707 3.2442906844155913e-16
10.19187984752079 3.286473866044855e-16
10.200264778244994 2.8096159565791097e-16
10.208663517013635 3.336853013927806e-16
10.217076097962819 2.7403157370555937e-16
10.225502555341256 2.7394923476619266e-16
10.233942923510751 2.755622419084591e-16
10.242397236946639 5.594787269094345e-15
10.25086553023828 2.7329420844933733e-16
10.259347838089518 2.736853327300662e-16
10.267844195319162 2.7453943002882214e-16
10.276354636861448 2.7436565046957163e-16
10.284879197766541 3.072589038869839e-16
10.293417913200996 2.829048407941762e-16
10.301970818448252 2.788688022725074e-16
10.310537948909111 3.8519157321266756e-16
10.319119340102235 3.185858721448593e-16
10.327715027664631 3.011293349960824e-16
10.336325047352142 2.755252350338978e-16
10.344949435039956 2.792720846171466e-16
10.353588226723083 3.471021190181952e-16
10.362241458516875 1.3716908969987953e-15
10.370909166657517 2.7417018026630385e-16
10.379591387502545 2.975662732382178e-16
10.388288157531338 2.763715866881444e-16
10.396999513345646 1.4856565850162896e-15
10.405725491670086 2.723794706818406e-16
10.414466129352675 2.73010014129936e-16
10.423221463365339 2.7473636309484117e-16
10.431991530804433 2.9997148049450116e-16
10.440776368891276 2.83111083590593e-16
10.449576014972662 1.2256168381671083e-15
10.458390506521402 2.933327617589341e-16
10.467219881136849 6.066738036290186e-16
10.476064176545432 4.4342520155524634e-16
10.4849234306012 3.646976175469119e-16
10.493797681286356 3.00235515108693e-16
10.502686966711805 2.8927026895044752e-15
10.511591325117694 4.185926187652989e-16
10.520510794873958 2.8225783604823957e-16
10.529445414480884 2.831938620482912e-16
10.538395222569655 2.2995989330730924e-15
10.547360257902902 4.2653749970563136e-16
10.556340559375279 3.85074218773835e-16
10.565336166014012 1.1192404726591698e-15
10.57434711697947 3.055876373843686e-16
10.583373451565729 4.357982596988856e-16
10.592415209201153 2.909703948037582e-16
10.601472429448956 5.229604035783075e-16
10.610545152007791 7.910080924729354e-16
10.619633416712313 7.181838795006112e-16
10.628737263533784 2.948323450554763e-16
10.63785673258064 2.874174980474339e-16
10.646991864099094 6.462690116853862e-16
10.656142698473712 2.324143739942662e-15
10.665309276228028 3.019658008875076e-16
10.674491638025124 3.7957410517651534e-16
10.683689824668248 5.486504699268225e-16
10.692903877101402 2.9191195693913147e-16
10.702133836409958 3.3926623890502308e-16
10.711379743821276 3.89403593364867e-16
10.720641640705294 3.07604828715382e-16
10.729919568575177 3.3414380455075086e-16
10.73921356908791 2.8399086976633126e-16
10.748523684044937 2.959961449831272e-16
10.757849955392786 2.9398951625008575e-16
10.767192425223687 4.403762430037888e-15
10.776551135776222 3.335628237447614e-16
10.785926129435953 3.743999277821467e-16
10.795317448736057 3.8935775814839193e-16
10.804725136357984 3.5171132934454105e-16
10.814149235132085 1.0830714122496923e-15
10.82358978803828 2.827856812082633e-16
10.833046838206698 3.0530273637057177e-16
10.842520428918338 3.440915152307568e-16
10.852010603605732 3.0560039790750696e-16
10.861517405853611 3.3321515593140743e-16
10.87104087939956 3.480534946768558e-16
10.880581068134699 2.8529621978035367e-16
10.890138016104359 2.991571886908463e-16
10.899711767508753 2.7861964329823385e-16
10.909302366703656 3.8640257302671864e-16
10.918909858201104 2.996619375901901e-16
10.928534286670066 2.867282358410569e-16
10.938175696937144 2.8915301243129586e-16
10.947834133987266 2.8605963417096963e-16
10.957509642964395 2.871492966419696e-16
10.967202269172217 2.9836323533633163e-16
10.976912058074864 2.841312519304057e-16
10.986639055297609 3.9558907057998785e-16
10.996383306627592 1.1616354280462098e-15
11.006144858014537 2.926229537783918e-15
11.015923755571473 4.553342410626979e-16
11.025720045575454 1.5428006836455525e-15
11.035533774468298 4.548674750047112e-16
11.045364988857322 2.9185598154037655e-16
11.055213735516064 4.553451060236559e-16
11.06508006138505 3.082547393902074e-16
11.07496401357251 3.3425015536866924e-16
11.084865639355156 9.610028254580711e-16
11.094784986178919 3.057965324837485e-16
11.104722101659712 2.9341086792688164e-16
11.114677033584188 2.9278133994567263e-16
11.124649829910513 2.965268239871719e-16
11.13464053876913 6.0188862888320206e-15
11.144649208463536 2.996966071782432e-16
11.154675887471058 3.229052022754526e-16
11.16472062444364 2.903681915405091e-16
11.17478346820863 2.8876298197297025e-16
11.184864467769561 3.0161120183363476e-16
11.194963672306963 1.6993157236195101e-15
11.205081131179146 3.121492674363433e-16
11.215216893923015 3.6526104477455475e-16
11.22537101025488 3.11455902540989e-16
11.235543530071258 3.623093501882009e-16
11.2457345034497 2.944944110322758e-16
11.255943980649606 7.998032447168311e-15
11.26617201211306 2.9516596714373046e-16
11.276418648465652 2.928648942425857e-16
11.286683940517317 3.8722242833276783e-16
11.29696793926317 4.807698630924323e-16
11.307270695884366 5.745178409285764e-16
11.317592261748928 3.8443823270012584e-16
11.327932688412611 4.355856692195607e-15
11.33829202761977 2.940761956423317e-16
11.348670331304202 2.862563044860603e-16
11.35906765159003 2.8470757716015225e-16
11.36948404079257 2.868040138148482e-16
11.379919551419208 2.9220049740877396e-16
11.390374236170285 3.022026383268971e-16
11.400848147939985 3.656896526203745e-16
11.411341339817216 2.884581434674806e-16
11.421853865086529 3.3256324778254417e-15
11.432385777228992 7.127956964599926e-16
11.44293712992312 1.0594860878329116e-15
11.453507977045778 3.038207757006026e-16
11.464098372673092 2.932336332224526e-16
11.474708371081391 2.88520392065947e-16
11.485338026748103 2.8802891474300664e-16
11.49598739435272 2.8771616246883686e-16
11.506656528777713 2.8919824906617354e-16
11.517345485109484 3.119308643541658e-16
11.528054318639315 4.065642907690721e-15
11.538783084864312 2.7542334650808156e-15
11.549531839488383 2.942896943397967e-16
11.560300638423177 3.6153338369240764e-16
11.571089537789074 7.962359799059906e-16
11.581898593916147 2.9123132960959176e-16
11.592727863345154 3.480179576341176e-16
11.603577402828508 3.619826731908533e-16
11.614447269331286 2.8623622580771047e-16
11.625337520032215 2.8725412937410916e-16
11.636248212324675 2.909488797635969e-16
11.647179403817713 5.79743942874415e-16
11.658131152337049 2.891785538695929e-16
11.669103515926105 3.9418242507210685e-16
11.680096552847024 3.439257319911775e-16
11.691110321581698 3.0154165657243483e-16
11.702144880832819 2.902828056420039e-16
11.713200289524904 3.0055415759096253e-16
11.724276606805356 4.0166129628059865e-16
11.735373892045516 3.6428465756622973e-16
11.746492204841722 4.0090848008106603e-16
11.757631605016382 4.1175921061174147e-16
11.768792152619032 3.725858973517823e-16
11.779973907927435 3.206143792847539e-16
11.791176931448648 3.060222022837486e-16
11.80240128392013 2.9131377905004054e-16
11.813647026310825 2.9568732383808605e-16
11.824914219822276 2.91429694233895e-16
11.836202925889726 5.308009992765644e-16
11.847513206183246 4.207209294479955e-16
11.858845122608848 5.59296950709412e-16
11.870198737309623 3.7736435433321915e-16
11.881574112666867 2.999212673237435e-16
11.892971311301235 3.1357099178366243e-16
11.904390396073877 2.912261274809548e-16
11.915831430087605 3.052595467233074e-16
11.927294476688056 3.3642561020832666e-16
11.938779599464844 3.3508675034839207e-16
11.950286862252758 2.8960637560081066e-16
11.961816329132933 3.8668250554771707e-16
11.973368064434036 3.1835738836631333e-16
11.984942132733476 3.228098503303461e-16
11.996538598858592 3.0802456695785726e-16
12.008157527887874 3.0035610680426903e-16
12.019798985152176 3.328587773292727e-16
12.031463036235941 3.043961805511045e-16
12.043149746978433 3.224684878762689e-16
12.054859183474974 2.909539130256666e-16
12.066591412078198 2.9181088077896597e-16
12.078346499399286 4.533705680416433e-16
12.090124512309254 3.3261851115499057e-16
12.101925517940192 3.4506175389812467e-16
12.113749583686559 5.103901859039988e-16
12.125596777206464 1.6034113930941857e-14
12.137467166422947 2.5795930464465153e-14
12.149360819525283 6.655923570978872e-16
12.161277804970288 5.312761807245949e-16
12.173218191483633 4.474397057213708e-16
12.185182048061167 5.015739146292177e-16
12.197169443970235 3.0210158309356935e-16
12.20918044875103 3.9572869458853647e-16
12.221215132217925 3.1626056223641897e-16
12.233273564460834 3.0137040261131397e-16
12.24535581584657 3.2157722962913583e-16
12.257461957020215 3.7510798502526777e-16
12.269592058906492 1.3645052748155847e-14
12.281746192711148 4.512656858650765e-16
12.293924429922368 3.008174933755941e-16
12.30612684231215 4.753470497011351e-16
12.318353501937729 3.1140056271339194e-16
12.330604481142991 4.66461545378076e-16
12.342879852559907 3.2513174296549104e-16
12.355179689109958 5.566096425617776e-16
12.367504064005583 3.0312976692016396e-16
12.379853050751636 5.428787235290648e-16
12.392226723146845 1.7046969135510765e-15
12.404625155285277 3.034330653201992e-16
12.417048421557821 3.563723018634613e-16
12.42949659665368 3.806897861172437e-15
12.441969755561853 3.3363722058168034e-16
12.45446797357267 6.098716973185122e-16
12.466991326279274 4.609513199932079e-16
12.479539889579156 3.4066754716663894e-16
12.492113739675705 3.025015750410606e-16
12.504712953079725 3.4445379573232464e-16
12.517337606611003 5.364652537711701e-16
12.529987777399871 3.682818743018107e-16
12.54266354288877 1.9007902944750784e-15
12.555364980833826 7.511751979443067e-16
12.56809216930645 3.0798776758269837e-16
12.580845186694939 4.946650909516893e-16
12.593624111706069 3.146767877913224e-16
12.606429023366738 3.1343213543966508e-16
12.619260001025571 3.2284464981851134e-16
12.632117124354581 3.267435829407738e-16
12.6450004733508 4.304486274258749e-16
12.657910128337944 1.258182141830152e-15
12.670846169968092 3.1469153056035577e-16
12.683808679223354 3.126637659761174e-16
12.696797737417562 1.3903948765956552e-15
12.709813426197973 3.3068131317274166e-16
12.722855827546981 3.266941356539166e-16
12.735925023783837 3.4483536654401974e-16
12.74902109756638 5.282453801204968e-16
12.762144131892782 4.2873268230163134e-16
12.775294210103295 3.7062293434770794e-16
12.788471415882022 3.688074816203139e-16
12.801675833258694 3.436711950478372e-16
12.814907546610451 5.497577528186582e-16
12.828166640663628 5.670000672833558e-16
12.841453200495597 1.1367893339833123e-15
12.854767311536548 3.438139195862192e-16
12.868109059571351 7.097796298250583e-16
12.881478530741372 3.29861187505678e-16
12.894875811546347 3.1703947247061243e-16
12.908300988846243 6.146739611614378e-16
12.921754149863126 5.765521165387551e-16
12.935235382183066 5.631889636433226e-16
12.948744773758014 4.3478438844138256e-16
12.962282412907742 4.886165146232225e-16
12.975848388321749 3.340340973216678e-16
12.9894427890612 4.2656269177936036e-16
13.003065704560893 4.707659985154414e-16
13.016717224631183 8.137707523141964e-16
13.030397439460002 3.8761554130273874e-16
13.0441064396148 3.3206343944814347e-16
13.05784431604458 4.329074764619999e-16
13.071611160081886 3.588632249366994e-16
13.085407063444844 4.3131655093789217e-16
13.099232118239184 4.405837822569891e-16
13.11308641696029 3.064471358070526e-16
13.126970052495281 3.148909268252257e-16
13.140883118125068 4.66847356713658e-16
13.154825707526449 1.4531946849678097e-15
13.168797914774217 3.14960426472417e-16
13.182799834343262 3.3670775993336547e-16
13.196831561110724 3.1250342526655997e-16
13.210893190358101 3.3006830785459945e-16
13.224984817773448 5.383767703890102e-16
13.239106539453509 4.711105922687699e-16
13.253258451905927 3.843069327895713e-16
13.267440652051425 4.146542145399567e-16
13.281653237226042 3.5055118669482543e-16
13.295896305183325 5.422997257753393e-16
13.310169954096605 4.209883964144218e-16
13.324474282561232 1.4398754715764447e-15
13.33880938959685 3.3475955440419207e-16
13.353175374649686 9.71184308945744e-16
13.367572337594845 3.525087506446535e-16
13.38200037873862 1.4081952665951962e-15
13.39645959882084 3.970283059568195e-16
13.410950099017187 8.369867127245655e-16
13.425471980941582 8.004593124357e-16
13.440025346648545 9.68113950983718e-15
13.454610298635584 1.2416097567828027e-15
13.469226939845619 1.4865354231286708e-15
13.483875373669385 9.26557909719696e-16
13.49855570394787 2.2840027753998755e-15
13.513268034974793 4.0137412465242924e-15
13.528012471499038 4.1734743071857087e-16
13.54278911872717 3.7778403473540965e-16
13.557598082325923 1.941616490150367e-15
13.572439468424715 3.450976895584633e-16
13.587313383618195 3.835105426354126e-16
13.602219934968792 5.777696563363453e-16
13.617159230009278 3.3946897103747235e-16
13.632131376745354 1.1905422341725956e-15
13.647136483658269 1.0566442452256438e-15
13.662174659707407 3.43754410560967e-16
13.677246014332955 5.244053211890466e-16
13.692350657458553 5.556307650422943e-15
13.70748869949395 9.298485128506418e-16
13.722660251337711 3.2403821535041996e-16
13.73786542437992 3.046756197377187e-16
13.753104330504899 6.826621464302827e-16
13.768377082093957 3.9579963030340227e-16
13.783683792028167 1.539020777651903e-15
13.79902457369112 2.041297204842515e-15
13.81439954097175 4.2438861020942436e-16
13.829808808267128 7.493406908195948e-15
13.845252490485324 7.235581973445316e-16
13.860730703048244 3.129304835608386e-16
13.876243561894515 4.56538299522476e-16
13.89179118348238 1.8360556386587764e-15
13.90737368479261 9.972892958647239e-16
13.922991183331431 4.1377135298248416e-16
13.938643797133494 5.557121858818561e-16
13.954331644764833 1.9621601677783333e-15
13.970054845325867 3.2522710257117783e-16
13.985813518454412 3.278907919397607e-16
14.00160778432872 4.765490553710968e-16
14.017437763670515 6.868851576654846e-16
14.033303577748104 7.042209453394574e-16
14.04920534837943 2.149024542158704e-15
14.065143197935235 5.319452854269359e-16
14.081117249342162 1.6790869375985441e-15
14.097127626085934 6.212225009802046e-16
14.113174452214531 4.3722407640538375e-16
14.129257852341398 6.809933394041397e-16
14.145377951648667 7.279498755268662e-16
14.161534875890402 7.411681394116078e-16
14.177728751395868 3.300043513551391e-16
14.193959705072844 4.9749443451753515e-16
14.210227864410909 2.369327454769912e-14
14.226533357484794 4.0058300999760915e-16
14.242876312957746 2.9708182240886044e-16
14.259256860084903 5.1048090530078994e-15
14.275675128716719 4.0510667111704163e-16
14.292131249302367 3.3054663393063513e-16
14.308625352893216 3.0109515129671347e-16
14.325157571146313 3.0778101941863304e-16
14.341728036327861 2.8874440503065627e-15
14.358336881316779 2.903358490697215e-16
14.374984239608217 5.98147087764355e-15
14.391670245317174 1.53083786278494e-15
14.408395033182066 6.354888198770758e-16
14.425158738568364 1.4800920368615214e-15
14.441961497472251 1.453602580577401e-15
14.458803446524293 2.315041121045421e-15
14.475684722993153 4.992199732001753e-16
14.492605464789296 3.114629931442878e-16
14.509565810468782 3.864128588457905e-16
14.526565899237012 5.132448809804108e-15
14.54360587095255 3.2119407093788803e-16
14.560685866130969 1.4814812917472905e-15
14.577806025948698 2.5873660755106573e-15
14.594966492246922 3.757737466194478e-16
14.612167407535493 8.105379043109319e-16
14.629408914996871 9.7802199217715e-16
14.646691158490112 3.578560093155889e-16
14.66401428255486 1.8761729514524564e-15
14.681378432415366 8.456974894981527e-16
14.698783753984571 4.3439900299506075e-16
14.716230393868173 3.0664747394593054e-16
14.733718499368743 9.083819532130072e-16
14.75124821848988 1.2697833296290674e-15
14.768819699940394 4.007584893647547e-16
14.786433093138484 3.5558151229108353e-16
14.804088548215999 3.6295100475634185e-16
14.821786216022693 1.5728611512047275e-15
14.839526248130522 3.6897062332185506e-16
14.857308796837966 3.168141652986011e-16
14.875134015174401 9.547882386487653e-16
14.893002056904479 1.2512764055710199e-15
14.91091307653255 5.795401202426149e-16
14.928867229307109 3.2292853016034236e-16
14.946864671225297 2.879680809986567e-15
14.964905559037415 1.5257551426911959e-15
14.982990050251466 3.407167918306063e-16
15.001118303137732 4.638144331314294e-16
15.019290476733424 7.069767154919538e-14
15.037506730847294 3.6591612524711235e-16
15.055767226064352 3.365536291847608e-15
15.074072123750554 1.8634175632577895e-15
15.092421586057583 3.754515434467931e-16
15.11081577592762 3.173011966995928e-16
15.129254857098173 4.0400456325258343e-16
15.14773899410694 3.7004214957182997e-16
15.16626835229669 1.0991455797135375e-15
15.184843097820204 2.9389114483418873e-15
15.203463397645244 1.109878489571583e-15
15.222129419559534 5.745094652727123e-16
15.24084133217584 5.312988900893102e-16
15.259599304937002 2.1803387099755852e-14
15.278403508121082 2.8140728659119937e-16
15.297254112846499 2.9921934634965904e-16
15.316151291077222 5.107545983451051e-16
15.335095215628012 5.866934922847799e-16
15.354086060169667 1.170432207236641e-15
15.373123999234354 7.658243232837766e-16
15.392209208220939 1.215379262729207e-15
15.411341863400375 9.529762674191779e-16
15.43052214192114 5.69785937700816e-16
15.449750221814691 4.7617555394453396e-15
15.469026282000979 4.187724236459979e-16
15.488350502293995 1.4679628451629832e-15
15.507723063407372 8.108367433982066e-16
15.527144146960005 4.010879730864967e-16
15.546613935481727 3.1313817313352974e-16
15.566132612419047 3.62181020412199e-16
15.58570036214088 3.3515683440450945e-16
15.605317369944384 3.389090357914419e-16
15.624983822060779 6.464169565321327e-15
15.644699905661266 6.715953449079778e-16
15.664465808862955 3.5030385274591786e-16
15.684281720734838 3.257471066332201e-16
15.704147831303832 1.0119856771756903e-15
15.724064331560854 3.3930225281465847e-16
15.744031413466923 5.334399937145247e-16
15.764049269959347 1.2217506704594644e-15
15.784118094957932 4.4337747187441923e-16
15.804238083371235 2.8344643494421225e-16
15.824409431102891 3.94268476901806e-15
15.84463233505795 3.267963743949669e-16
15.864906993149305 2.6532039021205767e-15
15.885233604304135 3.460860865171754e-16
15.905612368470413 4.691618513828869e-16
15.926043486623467 1.6127950898052279e-15
15.946527160772584 2.9368501697721567e-16
15.967063593967666 3.5826342631249233e-16
15.98765299030594 1.328406078234811e-15
16.008295554938723 1.2220469162374118e-14
16.028991494078227 3.852057407537305e-16
16.049741015004443 1.1638290514828025e-15
16.070544326072042 1.0268816448606813e-14
16.091401636717354 4.593371710883684e-16
16.11231315746541 1.566095510975788e-15
16.133279099937 3.1910458111623844e-16
16.15429967685584 2.6154115546965214e-15
16.175375102055742 3.0758553267472234e-16
16.196505590487877 3.230769278721269e-16
16.217691358228098 3.791309265819681e-16
16.238932622484256 1.3532201922382032e-15
16.260229601603687 3.6480705229045625e-16
16.281582515080643 7.999664342958525e-16
16.30299158356386 3.339994097829712e-16
16.324457028864146 1.220270239411556e-15
16.34597907396205 1.492555220836246e-15
16.367557943015573 3.579642324863453e-16
16.38919386136796 4.687767142640489e-16
16.41088705555554 2.848680614787762e-16
16.432637753315635 3.052987435344989e-16
16.45444618359452 7.012391588241673e-16
16.47631257655547 7.884344124042367e-16
16.498237163586836 3.0471921468358414e-16
16.52022017731024 2.9135584773389965e-16
16.542261851588773 2.765366805265655e-16
16.564362421535296 1.8017854573048114e-15
16.58652212352081 3.1233884317311245e-16
16.608741195182862 3.5290630804996234e-16
16.63101987543407 1.1608210458056418e-15
16.65335840447065 4.3038059885647073e-16
16.675757023781085 1.5954445467001918e-15
16.698215976154792 4.2431708128818387e-16
16.72073550569092 2.9662584588396904e-16
16.743315857807186 4.2880665096144496e-16
16.765957279248788 3.769629895668545e-16
16.788660018097396 3.3289401647982505e-14
16.811424323780198 4.0956990660006643e-16
16.834250447079068 5.208526790793091e-16
16.857138640139738 3.3809439680379745e-16
16.88008915648111 4.403333320204939e-16
16.90310225100459 3.4210416509465544e-16
16.926178180003564 2.8689845918982666e-16
16.94931720117287 6.081318369088672e-16
16.972519573618413 3.9004650271049016e-16
16.99578555786683 4.1842547401785087e-16
17.019115415875266 3.7401053858601647e-16
17.042509411041145 4.3030241928194695e-14
17.065967808212157 3.594634938305694e-16
17.089490873696196 3.689899535832194e-14
17.11307887527147 2.862228951679641e-16
17.136732082196634 4.2393210625718794e-16
17.160450765221075 4.3499305792181126e-16
17.184235196595203 3.387726538043275e-16
17.208085650080893 4.4196689540480203e-16
17.23200240096197 3.2868887463909764e-16
17.25598572605482 4.883985729321985e-16
17.28003590371906 3.2775602636673894e-16
17.304153213868293 2.9254897183136424e-16
17.328337937981 3.149569076118317e-16
17.352590359111467 4.570693092056472e-16
17.37691076190082 2.879918350257582e-16
17.401299432588196 6.643922371231655e-16
17.425756659021935 1.477523227907933e-15
17.450282730670935 3.0539532505699027e-16
17.474877938636034 3.0647422010104303e-16
17.49954257566158 5.957781292943741e-16
17.52427693614699 3.9226986149379814e-16
17.549081316158514 3.048487795154603e-16
17.57395601344101 4.0225022113968953e-16
17.59890132742987 4.705023887619109e-16
17.62391755926305 4.664224154950903e-15
17.649005011793157 4.0365433083345977e-16
17.674163989599702 5.728185004530865e-16
17.699394799001414 2.9721291423831626e-16
17.724697748068657 3.897509929413459e-16
17.75007314663599 2.8780449981872483e-16
17.77552130631481 5.835343618375853e-16
17.8010425405061 5.361827549584187e-16
17.826637164413285 2.726451535689278e-16
17.852305495055237 6.802245381334102e-16
17.87804785127935 3.1573536040874505e-16
17.903864553774728 3.195059793875146e-16
17.92975592508552 2.8658073456595283e-16
17.95572228962435 3.370681515651712e-16
17.981763973685858 3.911255071429717e-16
18.00788130546038 2.9723672258730015e-16
18.034074615047714 5.279922497906848e-16
18.060344234471067 3.1221087565144576e-16
18.08669049769103 2.892077488593558e-16
18.113113740619784 4.383408830738999e-16
18.139614301135328 3.2572527886989126e-16
18.16619251909592 4.3280830180707536e-16
18.192848736354577 2.792205800061384e-16
18.219583296773763 3.176216069973214e-16
18.24639654624013 3.7197236299254037e-16
18.273288832679487 2.75950299364225e-16
18.300260506071805 2.734188827356097e-16
18.327311918466417 2.7491739115930404e-16
18.354443423997356 2.6009504994952457e-16
18.381655378898767 3.2532577672588007e-16
18.408948141520526 2.747845447388697e-16
18.43632207234397 4.81452874760937e-16
18.463777533997753 2.849127112557725e-16
18.49131489127387 2.6855468813697273e-16
18.51893451114382 6.33146027456323e-16
18.546636762774884 4.1331407887528335e-16
18.574422017546603 1.6219709532524096e-15
18.602290649067346 2.5626706785083105e-16
18.63024303319107 6.878130886687002e-16
18.658279548034226 2.5429318034046887e-16
18.68640057399279 4.684275750611852e-16
18.71460649375947 2.824427786078012e-16
18.74289769234108 7.643454552928378e-16
18.77127455707604 2.705301848097465e-16
18.799737477652076 2.9001309531966245e-16
18.82828684612403 2.874756791720869e-16
18.85692305693188 5.42949283286883e-16
18.885646506918906 2.752935762962213e-16
18.914457595350015 2.622179733359446e-16
18.943356723930236 3.9993975672669897e-16
18.972344296823398 2.584817117827403e-14
19.001420720670982 4.518049246523904e-16
19.030586404611107 7.932865684936401e-16
19.059841760297754 6.787535754644183e-16
19.0891872019201 3.1853807007119445e-16
19.118623146222095 4.2771469123510127e-16
19.14815001252217 2.6035375829089365e-16
19.177768222733153 2.65156473407628e-16
19.207478201382376 2.768048439068706e-16
19.237280375631936 2.551965212019847e-16
19.267175175299194 2.599513156803016e-16
19.297163032877414 2.9091696481043313e-16
19.327244383556636 4.813599181440757e-16
19.35741966524472 3.0032076894613244e-16
19.3876893185886 3.0519476555293146e-16
19.41805378699573 2.727086351958388e-16
19.448513516655744 2.7047520842775805e-16
19.47906895656229 2.5268189807406754e-16
19.509720558535125 2.580310352792335e-16
19.540468777242342 2.9375742389307026e-16
19.5713140702229 5.005997873363963e-16
19.602256897909278 2.8202581239889503e-16
19.63329772365041 4.376409491864238e-16
19.664437013734798 2.744364733421896e-16
19.69567523741387 3.7524476790760605e-16
19.727012866925545 2.654827083490157e-16
19.75845037751804 2.578524505974582e-16
19.789988247473882 5.982864995393388e-16
19.82162695813417 3.3943055721005775e-16
19.85336699392306 2.5202900002030667e-16
19.885208842372503 5.140880407579961e-16
19.917152994147173 4.069115557162524e-16
19.949199943069715 2.637226114741742e-16
19.98135018614616 2.562470723292336e-16
20.013604223591624 3.93654676061498e-16
20.045962558856267 2.753232234086482e-16
20.07842569865146 3.018653615995106e-16
20.110994152976264 2.637125076042435e-16
20.143668435144107 3.053934499902965e-16
20.17644906180979 2.601664475707537e-16
20.209336552996675 3.251502504996656e-16
20.24233143212422 2.6197343186214425e-16
20.275434226035735 2.7578965678515447e-16
20.308645465026412 2.7237809284923005e-16
20.341965682871667 2.7015660878465945e-16
20.375395416855703 2.452902166729741e-16
20.40893520780043 2.7504202787471944e-16
20.44258560009459 3.360886077670147e-16
20.47634714172325 3.0622513889096134e-16
20.510220384297508 2.6494272196026504e-16
20.54420588308456 2.777787587169449e-16
20.57830419703805 2.615559172234141e-16
20.61251588882868 3.4042668478708397e-16
20.646841524875192 2.6283347202845207e-16
20.68128167537561 2.903042264867865e-16
20.71583691433882 2.80418085766828e-16
20.750507819616463 2.648983161108557e-16
20.78529497293513 2.71750891847761e-16
20.820198959928923 2.698130074192913e-16
20.855220370172294 2.7465272316479304e-16
20.890359797213264 2.9988694673638524e-16
20.92561783860693 5.189401765136153e-16
20.96099509594936 7.426587405689873e-16
20.996492174911797 2.580482409068453e-16
21.032109685275227 2.6055566584546446e-16
21.0678482409653 2.4641796247753057e-16
21.103708460087596 2.737743184222166e-16
21.139690964963265 5.111787581889216e-16
21.175796382165032 2.6070112385396873e-16
21.21202534255355 2.493422459367681e-16
21.24837848131416 7.004795320197202e-16
21.28485643799401 2.503622946030247e-16
21.321459856539544 5.634391101892415e-16
21.358189385334423 2.554469214245599e-16
21.395045677237793 2.495761470491541e-16
21.432029389622947 5.526480657103959e-16
21.469141184416458 2.645095377261974e-16
21.50638172813762 2.6103977291074295e-16
21.54375169193839 2.4535135479869294e-16
21.581251751643677 2.5304318755875503e-16
21.618882587792093 1.8135767265502706e-15
21.656644885677135 2.6686989907876153e-16
21.694539335388765 2.7074666390305723e-16
21.732566631855455 2.762046993670564e-16
21.770727474886673 3.0028766956294194e-16
21.80902256921581 4.588568072398147e-16
21.847452624543543 2.5092461225354703e-16
21.886018355581715 2.52759297700458e-16
21.924720482097612 2.4421053196377296e-16
21.96355972895875 2.5892426328743213e-16
22.002536826178133 2.878638598246016e-16
22.04165250895999 4.3184165390272187e-16
22.080907517746002 9.574857469496927e-16
22.12030259826202 3.089691686303432e-16
22.15983850156528 4.411225152313e-16
22.199515984092162 2.555224684417321e-16
22.239335807706397 2.476981775927426e-16
22.279298739747862 2.426385083299388e-16
22.319405553081843 2.448142878501702e-16
22.359657026148877 2.458859239064597e-16
22.40005394301511 2.6137374141993963e-16
22.440597093423207 2.6268184628601404e-16
22.481287272843826 2.525299363006216e-16
22.52212528252762 2.5288124050512914e-16
22.563111929557856 2.4548907340139536e-16
22.604248026903576 2.5204316750959967e-16
22.64553439347334 2.473213014561719e-16
22.68697185416958 2.430898295924872e-16
22.728561239943527 4.938944054329153e-16
22.770303387850767 2.557292162277764e-16
22.812199141107396 2.9767706782730965e-16
22.85424934914679 2.362180390298159e-16
22.896454867677033 2.4832195127451583e-16
22.938816558738942 2.355287663070976e-16
22.981335290764775 2.417467436431199e-16
23.024011938637553 3.42778417262662e-16
23.0668473837511 2.339128916923549e-16
23.109842514070692 2.357071076499365e-16
23.15299822419443 2.360469566784833e-16
23.196315415415295 2.3675012883112984e-16
23.239794995783864 2.4304095255476285e-16
23.2834378801718 2.5610898480853327e-16
23.32724499033599 2.3110551633577703e-16
23.37121725498346 2.305767312802359e-16
23.415355609836983 2.3231667736343334e-16
23.459660997701477 2.570385277156672e-16
23.504134368531123 3.589288912574412e-16
23.548776679497244 2.863461579057394e-16
23.593588895057017 3.143225263304361e-16
23.638571987022885 2.3070379139029274e-16
23.683726934632826 2.2634407111621136e-16
23.72905472462142 2.2642774493866673e-16
23.774556351291707 2.2759797757788863e-16
23.820232816587907 2.545853715491355e-16
23.866085130168948 2.7356820885233903e-16
23.912114309482877 2.37551423487382e-16
23.958321379842108 2.5545328078652587e-16
24.004707374499556 2.2875180532280453e-16
24.051273334725654 2.469965063288032e-16
24.098020309886273 2.7850777425816203e-16
24.144949357521543 2.8538992894416386e-16
24.192061543425606 2.581752759755254e-16
24.239357941727295 2.656273433908887e-16
24.28683963497178 2.96035993646681e-16
24.33450771420315 2.2975378082765245e-16
24.382363279047986 2.241919703192288e-16
24.43040743779992 2.6928879261952047e-16
24.478641307505185 2.2359685903641774e-16
24.527066014049215 2.505980909069781e-16
24.575682692244207 2.3407031167550735e-16
24.62449248591781 2.2049671847226646e-16
24.673496548002802 2.2057818215542988e-16
24.72269604062789 3.2259481246003754e-16
24.77209213520956 1.2409750246002994e-15
24.821686012545076 2.24349698363528e-16
24.87147886290652 3.069705250437834e-16
24.921471886136075 2.5447851463728685e-16
24.971666291742373 3.6927134997621406e-16
25.022063298998027 2.4171560171700113e-16
25.07266413703838 2.2125640882851e-16
25.123470044961426 2.198712499468623e-16
25.174482271928937 2.4163302421583133e-16
25.22570207726887 2.1638782508184962e-16
25.277130730578975 2.1732213273617367e-16
25.328769511831712 2.1446583162968395e-16
25.380619711480424 2.281655153464579e-16
25.432682630566852 2.1382785744667348e-16
25.484959580829955 2.589481043206579e-16
25.53745188481607 2.692596095823014e-16
25.59016087599044 2.213862271576375e-16
25.643087898850144 2.299583846475494e-16
25.696234309038413 2.886522310795279e-16
25.74960147346036 2.273513003139671e-16
25.803190770400192 2.250135911455507e-16
25.857003589639856 2.233446375424527e-16
25.911041332579185 2.240780868784927e-16
25.96530541235755 2.1521918086812587e-16
26.01979725397705 2.564453947509723e-16
26.07451829442723 2.0715804692570367e-16
26.129469982811443 2.1017348164286324e-16
26.184653780474733 2.0541606632838197e-16
26.240071161133393 2.0751219113656527e-16
26.295723611006135 2.3260395360720104e-16
26.351612628946995 2.4626948787682406e-16
26.40773972657985 2.066273176906907e-16
26.464106428434732 2.1837602808636047e-16
26.520714272085854 2.0914961400486735e-16
26.577564808291417 2.1771037230626422e-16
26.634659601135244 2.368108263366626e-16
26.69200022817017 2.221656072754823e-16
26.7495882805634 2.0244887840504108e-16
26.807425363243645 2.0849798650263268e-16
26.86551309505027 2.0959878661076474e-16
26.923853108884263 2.0271872820543615e-16
26.982447051861307 2.7588368376379105e-16
27.041296585466775 3.145188598395724e-16
27.100403385712763 2.0205968755109364e-16
27.15976914329723 2.0626901027777849e-16
27.21939556376516 2.0347783863683174e-16
27.279284367671956 1.9746763213613854e-16
27.33943729074888 2.0328022421139257e-16
27.39985608407078 2.085036366876785e-16
27.46054251422599 2.5423272973349773e-16
27.521498363488526 2.420545792993372e-16
27.582725429992557 2.0607657594396677e-16
27.644225527909224 2.0443116556886903e-16
27.70600048762582 1.9582854378610383e-16
27.768052155927386 2.103351364524406e-16
27.830382396180763 2.0286242781903725e-16
27.892993088521088 2.4629787277079664e-16
27.95588613004086 2.070266932601344e-16
28.019063434981547 2.0361581095314872e-16
28.082526934927795 1.9377094546600116e-16
28.146278579004306 1.9558402338130032e-16
28.210320334075362 2.0604489616869462e-16
28.274654184947092 2.1375760335296447e-16
28.339282134572564 2.559468241256969e-16
28.404206204259633 2.3427381951830867e-16
28.469428433881664 3.441479164752706e-16
28.53495088209119 1.9444988404001572e-16
28.60077562653652 1.893607099452823e-16
28.666904764081323 1.914549459917147e-16
28.73334041102731 1.9066988157349743e-16
28.80008470333997 2.0721887519199836e-16
28.867139796877524 1.9485634553223712e-16
28.93450786762301 1.970828093174423e-16
29.002191111919704 1.9285810734023073e-16
29.070191746709746 1.995832966833713e-16
29.138512009776285 2.0455817811397722e-16
29.207154159988878 2.246519911513316e-16
29.276120477552503 1.9192167368986813e-16
29.345413264260007 1.8747207951341042e-16
29.415034843748224 2.0162411932459912e-16
29.484987561757706 2.326471658172231e-16
29.555273786396164 2.6950161631413705e-16
29.625895908405735 2.266115738542605e-16
29.69685634143401 1.9927810996700557e-16
29.768157522309057 1.9307474478243276e-16
29.839801911318332 2.0289290689034943e-16
29.911791992491683 1.8288334078595966e-16
29.98413027388846 1.8399602344548762e-16
30.05681928788874 1.8436390523656554e-16
30.12986159148889 1.836670892136016e-16
30.203259766601366 1.8091553251541368e-16
30.277016420358976 1.8124708003030443e-16
30.351134185423536 1.8231075456770428e-16
30.425615720299156 3.6884281260623085e-16
30.50046370965007 2.7365420145835424e-16
30.575680864623223 1.8016095440954385e-16
30.651269923175633 1.7940425417539286e-16
30.727233650406585 1.7689644329279118e-16
30.80357483889484 1.8153808183527677e-16
30.88029630904081 1.7883676977890569e-16
30.95740090941394 1.9481166677595565e-16
31.034891517105248 2.414006948195648e-16
31.112771038085146 1.8032459196315057e-16
31.19104240756678 1.8234771878370513e-16
31.269708590374762 1.9407674863672506e-16
31.3487725813195 1.9739515003842445e-16
31.42823740557731 1.8975718892430416e-16
31.508106119076196 1.7966819043643527e-16
31.588381808887654 1.7105670603307014e-16
31.669067593624387 1.8028309900472159e-16
31.750166623844166 1.8498574077905034e-16
31.831682082459935 1.7496540535128018e-16
31.91361718515621 2.0767784076443336e-16
31.995975180811932 1.919246161511115e-16
32.07875935192993 1.8209009136581062e-16
32.16197301507299 2.150605526986945e-16
32.2456195213068 2.021314597055046e-16
32.32970225664979 1.7138142204740116e-16
32.41422464253002 2.961744124139866e-16
32.49919013624931 1.6962624308147654e-16
32.584602231454596 4.013884503288704e-16
32.67046445861684 1.701052114807331e-16
32.75678038551742 1.6792219734689773e-16
32.84355361774239 1.6708070601499138e-16
32.93078779918447 2.238655830809995e-16
33.018486612553176 1.7449591943241413e-16
33.10665377989303 1.7207695888368437e-16
33.195293063110185 1.8006856527532633e-16
33.28440826450746 1.8468696882521604e-16
33.37400322732804 2.1435081558030997e-16
33.46408183630799 1.7261770240729033e-16
33.55464801823773 2.8853621109166264e-16
33.64570574253267 1.711552426057493e-16
33.73725902181315 8.457106689358327e-16
33.829311912493836 2.0255273985049607e-16
33.92186851538287 2.1487583254034936e-16
34.01493297629081 1.759795026422294e-16
34.108509486649695 1.5870406720881766e-16
34.20260228414225 1.6100301531771127e-16
34.297215653341674 1.5786623665194413e-16
34.39235392636194 1.5940434140184125e-16
34.48802148351901 1.5852304326149505e-16
34.584222754003186 1.5856384754898718e-16
34.680962216562584 1.5819424657086901e-16
34.77824440019826 1.5520332818787873e-16
34.876073884871 1.7236798328997413e-16
34.97445530222008 1.6275532938965012e-16
35.07339333629421 1.934545112721042e-16
35.17289272429498 1.6052985158500856e-16
35.272958257332924 1.544395927248141e-16
35.37359478119656 1.5484999486234561e-16
35.474807197134645 1.541810567930116e-16
35.57660046265189 1.512261549907852e-16
35.67897959231837 1.6778007955903392e-16
35.781949658593035 1.621152850641142e-16
35.88551579266145 1.5615425727715782e-16
35.98968318528815 1.8484687218323804e-16
36.09445708768389 1.54578087310877e-16
36.19984281238809 1.5378808950514884e-16
36.30584573416677 1.6072198741489684e-16
36.41247129092632 1.869469566516868e-16
36.51972498464339 1.9554060243614477e-16
36.627612382311334 1.87210852292539e-16
36.73613911690339 2.4917424067848915e-16
36.8453108883531 1.9768935746164911e-16
36.95513346455221 1.7013897270949254e-16
37.065612682366584 1.4946425399613998e-16
37.17675444867021 1.5034408913771875e-16
37.288564741398005 1.524471155517154e-16
37.401049610617676 1.4705836117935072e-16
37.514215179620955 1.4987485897614295e-16
37.62806764603479 1.4679622712431708e-16
37.74261328295275 1.8054742175781426e-16
37.85785844008724 1.4297267256290948e-16
37.973809544942846 1.4954316986667901e-16
38.0904731040113 1.3995613534880926e-16
38.20785570398858 1.439246246355149e-16
38.325964013014534 1.4752149476059103e-16
38.44480478193564 1.3915475038298222e-16
38.5643848455912 1.406039649607763e-16
38.68471112412381 1.4307997425502333e-16
38.805790624314234 1.4028111910407692e-16
38.9276304409416 1.4430441573221122e-16
39.05023775816913 1.3770110464184312e-16
39.17361985095633 1.3462184366781178e-16
39.29778408649787 1.3558867832887431e-16
39.42273792569 1.3309630695005374e-16
39.54848892462503 1.3343267428322162e-16
39.67504473611451 1.4002419264366502e-16
39.802413111241634 1.7818968147073645e-16
39.93060190094386 1.298199805180636e-16
40.05961905762604 1.335314066725341e-16
40.18947263680492 2.528162232499953e-16
40.32017079878588 1.3491413432145136e-16
40.451721810372334 1.3795649967286704e-16
40.58413404660878 1.3518355386548358e-16
40.717415992558216 1.3206070383040242e-16
40.85157624511462 2.5097008166649435e-16
40.98662351485146 2.015873940608247e-16
41.12256662790695 1.370627462944845e-16
41.259414527906955 1.3302157770930208e-16
41.3971762779264 1.3950835693563695e-16
41.535861062490156 1.3986607567648452e-16
41.675478189614246 1.378732359780459e-16
41.81603709288832 1.2948439423282131e-16
41.95754733360053 1.472653720246697e-16
42.10001860290554 1.222669211927762e-16
42.243460724037035 1.597245818493221e-16
42.38788365456541 1.2854865686920797e-16
42.53329748870214 1.2755986567202037e-16
42.6797124596516 1.324666578140781e-16
42.82713894201167 1.255205587413632e-16
42.97558745422432 1.2497132209463105e-16
43.125068661077215 1.2603916732868478e-16
43.275593376257866 1.7744133703302426e-16
43.42717256496133 1.5018936287209538e-16
43.57981734655298 1.2316554011187944e-16
43.73353899728759 1.526774631307853e-16
43.888348953086215 1.2505128830991074e-16
44.044258812372206 2.0335117972368922e-16
44.20128033896795 2.502487694148099e-16
44.35942546505375 1.347583447870703e-16
44.51870629419043 1.1392330226938397e-16
44.67913510440743 1.1385011501140855e-16
44.84072435135769 1.1707391746201887e-16
45.00348667154148 1.1280817857212314e-16
45.16743488560051 1.1372533772510597e-16
45.33258200168442 1.1183185168109044e-16
45.498941218891375 1.3824109790019143e-16
45.66652593078465 1.7011354777482715e-16
45.83534972898727 1.2608333880091792e-16
46.00542640685665 1.1719760471880858e-16
46.17676996324139 1.8805798512659308e-16
46.3493946063223 1.4261684592113798e-16
46.52331475753989 1.5150438333032227e-16
46.6985450556107 2.585032809388225e-16
46.875100360634626 1.6948534758493919e-16
47.052995758295864 1.323231373948376e-16
47.23224656415985 1.1818447558514383e-16
47.41286832806877 1.0697216101657708e-16
47.59487683863835 1.1003834267390525e-16
47.7782881278586 1.0666726948643513e-16
47.96311847580135 1.122546390500101e-16
48.149384415437495 1.0336899709602816e-16
48.33710273756686 1.1232560326705055e-16
48.52629049586395 1.1114866490341245e-16
48.71696501204259 1.0175511007739547e-16
48.9091438811428 1.1304031214149393e-16
49.102844976943324 1.1092836781691891e-16
49.298086457503295 1.526904394958528e-16
49.49488677083663 1.071303187451791e-16
49.69326466072287 1.0718649936845311e-16
49.89323917265835 1.4603182983630514e-16
50.09482965995165 1.1275438740232355e-16
50.29805578996738 2.6817115653147e-16
50.50293755052262 2.1033168334502526e-16
50.70949525644024 1.5063023151475641e-16
50.91774955626389 1.3304603264012762e-16
51.12772143913884 1.148614163867784e-16
51.3394322418641 1.0273959481068645e-16
51.5529036561203 9.543078695124816e-17
51.76815773587863 9.53099113942531e-17
51.98521690499628 9.648741544108653e-17
52.204103965003696 1.0096021904454813e-16
52.424842103089425 1.0463519765646335e-16
52.647454900288466 1.1472463381813204e-16
52.87196633987995 1.1491683407127874e-16
53.09840081600085 9.70566790966354e-17
53.326783142481844 1.0013378836566638e-16
53.55713856191219 9.346419453241855e-17
53.78949275494069 9.070977994633582e-17
54.023871849819606 1.6733262938797742e-16
54.26030243219947 9.053619869127449e-17
54.49881155518198 9.06354023908392e-17
54.739426749639364 2.329156063040503e-16
54.98217603480823 9.09821809399325e-17
55.227087929166636 8.638373070171605e-17
55.474191461603105 8.376564997632228e-17
55.72351618288689 8.432343951747264e-17
55.97509217744891 8.780181556959683e-17
56.22895007548331 8.477215114601396e-17
56.48512106537979 8.168002746064967e-17
56.74363690649739 9.085675125390324e-17
57.00452994229059 8.13936461119289e-17
57.26783311379925 8.521860210069869e-17
57.53357997351417 8.562353582492908e-17
57.80180469963048 1.3821448602468987e-16
58.07254211070156 8.416008637088697e-17
58.34582768070685 8.556410949039901e-17
58.621697554547055 7.900023570538326e-17
58.900188563981004 9.492712669738132e-17
59.1813382440191 1.0070407799394802e-16
59.46518484978834 9.796116382755211e-17
59.751767373885144 8.10122786476745e-17
60.04112556423242 7.831485220301555e-17
60.333299942457934 7.387829998374152e-17
60.628331822812015 8.048551470394639e-17
60.92626333164297 7.356615213620551e-17
61.22713742744961 7.886978131666393e-17
61.530997921530926 7.510813492773549e-17
61.837889499253706 7.341476469867522e-17
62.147857741959776 7.2119127554032e-17
62.46094914953553 6.935710686463368e-17
62.777211163667104 1.2285028951911196e-16
63.09669219180562 7.978372500401403e-17
63.4194416318681 9.138290286798079e-17
63.74550989770021 1.7326633001388777e-16
64.07494844532876 7.373055708121187e-17
64.40780980003235 6.562593274516455e-17
64.74414758426045 6.608165955578814e-17
65.08401654643149 6.494563157086762e-17
65.42747259064325 7.373453643163643e-17
65.77457280732858 8.240293395297608e-17
66.12537550489245 1.3048376525612777e-16
66.47994024236671 1.6073006206557698e-16
66.83832786312115 6.353488526026103e-17
67.20060052967094 6.67807909426663e-17
67.56682175962221 6.51839396232677e-17
67.93705646279946 6.701254048948241e-17
68.31137097960047 5.837560667873385e-17
68.68983312062612 6.126364328365211e-17
69.07251220763497 5.858362650528092e-17
69.45947911587467 5.643423863566082e-17
69.85080631784419 7.508016562088359e-17
70.24656792854388 5.607003269508692e-17
70.6468397522727 5.73473433922562e-17
71.05169933103444 5.5211159226543936e-17
71.46122599461826 5.653770837744061e-17
71.87550091242099 5.519033286308012e-17
72.29460714708279 5.355719974427877e-17
72.71862971001029 5.276994749381902e-17
73.14765561886526 5.358758649068478e-17
73.58177395710055 6.105811085656406e-17
74.02107593562872 5.1592849802456936e-17
74.46565495671305 5.58640671014969e-17
74.91560668017522 5.074619334144768e-17
75.37102909201771 5.162360757250023e-17
75.83202257556484 5.769962559612929e-17
76.2986899852306 6.056193804053303e-17
76.77113672302734 5.3295355253525914e-17
77.24947081793475 4.823607633997075e-17
77.73380300825468 4.9819612082902415e-17
78.2242468270838 4.929009033652042e-17
78.72091869104246 4.7186757007835475e-17
79.22393799240565 4.511724323508301e-17
79.73342719478906 4.440628025431968e-17
80.24951193255129 4.492858282079987e-17
80.77232111408196 4.411095891487571e-17
81.30198702915375 4.3341277061308833e-17
81.83864546052628 4.355455850396423e-17
82.38243579999997 4.1349725530994814e-17
82.9335011691275 4.76233183503741e-17
83.49198854480316 4.0570943162115833e-17
84.05804888996137 3.935704781812755e-17
84.63183728962815 3.8621159487092913e-17
85.21351309258381 3.796124695260601e-17
85.80324005890802 3.924948522466354e-17
86.40118651369461 3.832337811141219e-17
87.00752550723921 3.6771570421651305e-17
87.62243498201974 3.736440883154484e-17
88.24609794680848 4.510452676260155e-17
88.87870265827335 3.8547757932385024e-17
89.52044281044726 3.960386502990689e-17
90.17151773246586 4.5593548311414717e-17
90.83213259499783 5.2758683853649934e-17
91.50249862581697 4.0249688068160355e-17
92.18283333499168 5.533347013351587e-17
92.87336075019637 3.267414496154193e-17
93.57431166267939 3.102396196966105e-16
94.28592388445522 3.2831855135073375e-17
95.00844251732235 3.033611464566599e-17
95.74212023434703 3.1119727800269976e-17
96.48721757449125 3.132312624621678e-17
97.24400325110726 3.0466745811741754e-17
98.01275447506559 3.334614655151905e-17
98.79375729333331 3.2132858092342226e-17
99.58730694387096 2.949800939665622e-17
100.39370822777339 3.615106939955373e-17
101.21327589964012 5.729557365813808e-17
102.04633507722528 3.469381829997963e-17
102.89322167148758 3.230569973868602e-17
103.75428283823527 9.172496877169461e-17
104.62987745264205 2.589718348820823e-17
105.5203766079965 2.459681481894349e-17
106.42616414014145 3.636540306185366e-17
107.34763717916039 2.3448696733172616e-17
108.28520672997709 8.547919162184625e-17
109.23929828365159 2.4646046467839465e-17
110.21035246128316 2.938487638932623e-17
111.19882569256755 2.052655969243694e-17
112.20519093120393 2.5658833145406335e-17
113.2299384095079 1.991958838899649e-17
114.27357643476043 2.0483686986536662e-17
115.33663223001035 2.50303054823023e-17
116.41965282225355 2.0290442373018295e-17
117.52320598113208 1.937721098071578e-17
118.64788121153846 2.1012526499329584e-17
119.79429080377145 2.7915510822477745e-17
120.96307094517418 1.595120367473109e-17
122.15488289749563 2.192072335167462e-17
123.37041424455447 2.2842727602372064e-17
