WAVELENGTH FLUX
4.96036005 9.319998510076875e-18
4.9623456 9.355370877875338e-18
4.96433258 9.390680273866099e-18
4.96632099 9.425831707080442e-18
4.96831083 9.461112969623812e-18
4.97030258 9.496052594659233e-18
4.97229624 9.530719307386315e-18
4.97429085 9.565455721443983e-18
4.97628736 9.60012693275719e-18
4.97828579 9.63776131930222e-18
4.98028517 9.692269856398266e-18
4.98228645 9.7254918119572e-18
4.98428965 9.741211951781905e-18
4.98629427 9.772471196956788e-18
4.98830032 9.807074085511882e-18
4.99030781 9.84620976266294e-18
4.9923172 9.87506935690965e-18
4.9943285 9.908476670853875e-18
4.99634123 9.94334445254253e-18
4.99835539 9.978132773546188e-18
5.00037098 1.0012826683622968e-17
5.00238848 1.0047435905605122e-17
5.00440788 1.0081913762993834e-17
5.00642872 1.0120327297956045e-17
5.00845098 1.0194383807372849e-17
5.01047516 1.0346428869737136e-17
5.01250076 1.0500185476839675e-17
5.0145278 1.0301234564333844e-17
5.01655674 1.0295192812332132e-17
5.01858759 1.0434843306832418e-17
5.02061987 1.0844135822416e-17
5.02265358 1.0545374501793465e-17
5.0246892 1.0913805584523256e-17
5.02672625 1.3618201206402793e-17
5.0287652 1.1314953775193288e-17
5.03080559 1.0583283803118574e-17
5.03284788 1.0582641155890297e-17
5.03489161 1.1105423761231339e-17
5.03693676 1.9077266967418022e-17
5.03898382 4.889119356064418e-17
5.04103279 4.263692027327871e-17
5.04308319 5.432581718370581e-17
5.0451355 2.0461675333450744e-17
5.04718924 2.9359715278802666e-17
5.04924488 4.95500131434802e-17
5.05130196 1.755891453764168e-17
5.05336046 1.100732783306479e-17
5.05542088 1.2138599818982916e-17
5.0574832 1.7888782252091136e-17
5.05954695 1.5702285784666997e-17
5.06161261 3.003660489280742e-17
5.0636797 2.62411097747176e-17
5.06574869 5.0208063650844736e-17
5.0678196 2.019804389596923e-17
5.06989193 1.4468920278312168e-17
5.07196569 1.2374301016135292e-17
5.07404137 1.1781893362579715e-17
5.07611895 1.1518328806660807e-17
5.07819796 1.1873548099094413e-17
5.08027887 1.1591732228215426e-17
5.08236122 1.4652189988428833e-17
5.08444548 3.5376820299439256e-17
5.08653116 3.546549159400024e-17
5.08861923 1.9745211958256993e-17
5.09070826 3.080612938929284e-17
5.09279966 1.495444025767215e-17
5.09489202 1.1531702680288665e-17
5.09698677 1.3243699460257198e-17
5.09908295 1.287778642484235e-16
5.10118103 3.7867758817960684e-17
5.10328054 1.7809586020571264e-16
5.10538197 1.16854847733028e-17
5.10748529 1.1694326861244764e-17
5.10959005 1.1732494660308703e-17
5.11169672 1.1784465540898775e-17
5.11380482 1.1807348153113073e-17
5.1159153 1.1864555323371517e-17
5.11802673 1.1879066993343007e-17
5.12014055 1.2045556276960844e-17
5.1222558 1.2818394157158593e-17
5.12437296 1.3867403092465424e-17
5.12649155 2.347078297903077e-17
5.12861252 1.513336872465644e-17
5.13073444 1.3041154651516087e-17
5.13285875 1.653650722035635e-17
5.13498449 1.5982667968749106e-17
5.13711214 1.2791757722483855e-17
5.1392417 1.227924379693645e-17
5.14137268 1.2318756683064895e-17
5.14350557 1.2618493324547735e-17
5.14564037 1.4042425121185333e-17
5.1477766 1.2753991848282347e-17
5.14991474 1.2500850331480543e-17
5.15205479 1.2549862357225936e-17
5.15419674 1.261316832544194e-17
5.15634012 1.2646186171182456e-17
5.15848589 1.2684380570854101e-17
5.16063261 1.3109592888322028e-17
5.16278172 1.5293404614485467e-17
5.16493225 1.3305562681629705e-17
5.16708469 1.2968427855158679e-17
5.16923904 1.2927598430206188e-17
5.1713953 1.296782749759303e-17
5.17355299 1.309612707337082e-17
5.17571306 1.358510275092137e-17
5.17787457 1.6628319469863198e-17
5.1800375 1.4697564580982378e-17
5.18220282 1.416642219002911e-17
5.18436956 1.4056931766800555e-17
5.1865387 1.7543306381092178e-17
5.18870926 1.411057548916791e-17
5.19088125 1.337162802007398e-17
5.19305563 1.3411096438733738e-17
5.19523144 1.3458571660249313e-17
5.19740963 1.3511791303888753e-17
5.19958925 1.3553786306150956e-17
5.20177078 1.3598707213845133e-17
5.20395374 1.3645806556398716e-17
5.20613909 1.3966866058591516e-17
5.20832634 1.5541796705663333e-17
5.21051502 1.458105778196654e-17
5.21270561 1.6905148295911274e-17
5.21489811 1.445210148866597e-17
5.21709251 1.3978628637646083e-17
5.21928883 1.398074090782645e-17
5.22148657 1.5087216068842793e-17
5.2236867 2.1204441877400815e-17
5.22588825 1.5964069956283894e-17
5.22809219 1.459098103938666e-17
5.23029757 1.4295360321489205e-17
5.23250484 1.4453695527903727e-17
5.23471403 1.450811830740799e-17
5.23692513 1.4383887578613134e-17
5.23913813 1.4386784751935207e-17
5.24135303 1.4430231336230573e-17
5.24356937 1.447563419297085e-17
5.2457881 1.4520489264637097e-17
5.24800873 1.4567109828058396e-17
5.25023079 1.4611526194287032e-17
5.25245523 1.4658242951048768e-17
5.25468111 1.4701956387036925e-17
5.25690937 1.4746787371365782e-17
5.25913906 1.4791648487806447e-17
5.26137066 1.483658689898038e-17
5.26360464 1.4883773212406395e-17
5.26584005 1.4945846899311646e-17
5.26807737 1.5009059745165205e-17
5.2703166 1.5026795895984092e-17
5.27255821 1.507530219178838e-17
5.27480125 1.513340624039249e-17
5.2770462 1.5207498562784204e-17
5.27929306 1.5275515211017056e-17
5.2815423 1.5263406105321157e-17
5.28379297 1.7583722263844826e-17
5.28604555 3.048472839367314e-17
5.28830051 1.8632633499984292e-17
5.29055691 1.552764353531485e-17
5.29281569 1.5490229450362473e-17
5.29507589 1.558649954505024e-17
5.29733849 1.5718507397593282e-17
5.29960251 1.5700990946771924e-17
5.30186892 1.5712892852340958e-17
5.30413723 1.5726480309808657e-17
5.30640697 1.577327586880611e-17
5.3086791 1.5817049754949557e-17
5.31095314 1.586432013492965e-17
5.31322908 1.5913319187651497e-17
5.31550694 1.5963173392625626e-17
5.31778717 1.6012276004929045e-17
5.32006884 1.6061502965520144e-17
5.32235241 1.6106261541578222e-17
5.32463837 1.6159462008149347e-17
5.32692623 1.6230376972693022e-17
5.32921553 1.626256654396981e-17
5.33150721 1.6319247501808395e-17
5.33380079 1.638342735152853e-17
5.33609676 1.6441102120377857e-17
5.33839417 1.6501189999656964e-17
5.34069347 1.656191076409582e-17
5.34299517 1.6622746837245793e-17
5.34529877 1.668357572340054e-17
5.34760427 1.674435286554754e-17
5.34991169 1.6806601776431313e-17
5.35222101 1.686679341667985e-17
5.35453272 1.6925460937517348e-17
5.35684633 1.6984704164936095e-17
5.35916138 1.704431469906314e-17
5.36147928 1.7103917347993234e-17
5.36379862 1.71670738324714e-17
5.36611986 1.724126133774557e-17
5.36844349 1.7299582264809512e-17
5.37076902 1.7410871992805384e-17
5.37309647 1.7424365009427287e-17
5.37542629 1.7496488149056105e-17
5.37775755 1.7541531901672995e-17
5.38009119 1.7592902230885483e-17
5.38242674 1.7664164613208996e-17
5.38476467 1.773140917448696e-17
5.38710403 1.777654937564684e-17
5.38944578 1.7837126894381894e-17
5.39178944 1.795584042135081e-17
5.39413548 1.9565223338952763e-17
5.39648342 2.6564262110587464e-17
5.39883327 2.0229777945346205e-17
5.40118504 2.3663180119534626e-17
5.40353918 5.3434211314622265e-17
5.40589523 2.4802845966039037e-17
5.40825319 1.8939178385228566e-17
5.41061306 1.8503531704332295e-17
5.41297531 1.8455184882592022e-17
5.41533995 1.8516551048309906e-17
5.41770601 1.857775783532294e-17
5.42007446 1.8638771136145146e-17
5.42244482 1.8699664361324572e-17
5.42481756 1.8861215262926107e-17
5.42719221 1.9786274106899263e-17
5.42956877 2.3803145895788567e-17
5.43194771 3.7987035956694606e-17
5.43432856 2.2405718746740603e-17
5.43671131 1.9063832673830544e-17
5.43909645 1.9124589490815757e-17
5.4414835 1.9185276564109794e-17
5.44387293 1.9245727035198906e-17
5.44626427 1.9497491266880537e-17
5.44865751 2.218613373157846e-17
5.45105314 3.7536948604184445e-17
5.45345068 7.169431543138862e-17
5.4558506 3.1404559050170506e-17
5.45825243 2.028910400585486e-17
5.46065617 1.9701705955784307e-17
5.46306229 1.9724411699235856e-17
5.46547079 1.978321150221988e-17
5.4678812 1.9842807657677948e-17
5.47029352 1.9903207112038807e-17
5.47270823 1.9958782938405854e-17
5.47512484 2.0016342640679123e-17
5.47754383 2.0074272792861952e-17
5.47996473 2.0134060448422542e-17
5.48238802 2.0195360180189498e-17
5.48481321 2.0263591907612852e-17
5.48724079 2.037396989238197e-17
5.48967028 2.045796478073782e-17
5.49210215 2.0463392722976212e-17
5.49453592 2.0568853596639e-17
5.49697208 2.057593037252407e-17
5.49941015 2.0633453818892594e-17
5.50185061 2.1671865841660376e-17
5.50429296 2.7198244275791194e-17
5.50673771 2.1989187446034968e-17
5.50918484 2.0880525827299238e-17
5.51163387 2.0944174822095187e-17
5.51408529 2.1007606183913336e-17
5.51653862 2.1070794767105012e-17
5.51899433 2.1133796618703115e-17
5.52145195 2.119659126112814e-17
5.52391195 2.1259185152210057e-17
5.52637434 2.1321570424886087e-17
5.52883863 2.1392649205151996e-17
5.53130531 2.1504408525226577e-17
5.5337739 2.151928870614311e-17
5.53624487 2.1863144042965068e-17
5.53871822 2.6517344767877923e-17
5.54119349 4.501397748579997e-17
5.54367113 4.9375993466326605e-17
5.54615068 2.6211572346791677e-17
5.5486331 2.1958420679433647e-17
5.55111742 2.2037565584277238e-17
5.55360365 2.2687347544683777e-17
5.55609226 2.7474184760523573e-17
5.55858326 3.705560553474512e-17
5.56107664 6.34720022165869e-17
5.56357193 1.052467373830598e-16
5.5660696 4.2129417365093396e-17
5.56856966 2.518314232454792e-17
5.57107162 2.2969335437766606e-17
5.57357645 2.275451638195486e-17
5.57608271 2.2835131390007434e-17
5.57859182 2.2915472463363124e-17
5.58110285 2.29955405837013e-17
5.58361626 2.307534672966257e-17
5.58613205 2.3154935389882996e-17
5.58865023 2.323450402115253e-17
5.59117031 2.331652853143995e-17
5.59369278 2.339936017438198e-17
5.59621763 2.3482575318341592e-17
5.59874487 2.3565469049782098e-17
5.60127401 2.364814288876268e-17
5.60380602 2.373245687613156e-17
5.60633993 2.3812361079057163e-17
5.60887575 2.3893627200031972e-17
5.61141443 2.3975486803401252e-17
5.6139555 2.405733597624908e-17
5.61649847 2.4139077774420186e-17
5.61904383 2.422051550038953e-17
5.62159157 2.430168088492545e-17
5.62414169 2.4382594610048708e-17
5.6266942 2.4463366561179476e-17
5.62924862 2.454387827166946e-17
5.6318059 2.4624447010796227e-17
5.63436508 2.4705093957164116e-17
5.63692665 2.478546158546142e-17
5.6394906 2.486554701284633e-17
5.64205694 2.4945352098044248e-17
5.64462566 2.502495529220736e-17
5.64719677 2.5107587164404812e-17
5.64977026 2.52014362717425e-17
5.65234566 2.5268019636566325e-17
5.65492392 2.5344697540368805e-17
5.65750408 2.5424200370174755e-17
5.66008711 2.550347126064995e-17
5.66267204 2.5582511703865235e-17
5.66525936 2.566139292910796e-17
5.66784954 2.5740000767810565e-17
5.67044163 2.5818330552815146e-17
5.6730361 2.5896378864979883e-17
5.67563295 2.597415061206381e-17
5.67823219 2.6059235321075627e-17
5.68083429 2.0295824462718007e-16
5.6834383 2.6220076104332787e-17
5.68604469 2.670358600389581e-17
5.68865347 2.9110389748265214e-17
5.69126463 2.6934035499536765e-17
5.69387865 2.651090442444373e-17
5.69649458 2.658675568038443e-17
5.69911289 2.6662436381955004e-17
5.70173407 2.673770920605369e-17
5.70435715 2.6812770932644073e-17
5.70698309 2.6889255773057996e-17
5.70961094 2.6968649322190428e-17
5.71224165 2.704985271383164e-17
5.71487474 2.7134347495442636e-17
5.71750975 2.7218888030786054e-17
5.72014761 2.730330002069558e-17
5.72278786 2.7386969178673614e-17
5.72543097 2.7470504321197025e-17
5.72807598 2.7553786877005668e-17
5.73072338 2.763686716054097e-17
5.73337364 2.771998917386895e-17
5.73602629 2.780369643471529e-17
5.73868084 2.7891455233778047e-17
5.74133825 2.796876906648234e-17
5.74399853 2.805026682515497e-17
5.74666071 2.8131421958296634e-17
5.74932528 2.82126712884168e-17
5.7519927 2.829396625101273e-17
5.75466251 2.878146324315049e-17
5.75733471 3.284063600688177e-17
5.76000929 4.0773386344988524e-17
5.76268673 3.5078046232185316e-17
5.76536655 3.839393984531432e-17
5.76804876 3.135446457449596e-17
5.77073336 3.4973212050880797e-17
5.77342033 3.402180768907544e-17
5.77611017 2.984856916389162e-17
5.77880239 2.9225252007740054e-17
5.781497 2.9506372741838176e-17
5.78419447 3.097620354445153e-17
5.78689384 3.25084377260851e-17
5.78959608 3.243820438352395e-17
5.79230118 3.969654833275578e-17
5.79500818 4.903157681032437e-17
5.79771805 5.839750473465749e-17
5.80043077 3.4839986123553725e-17
5.80314541 3.8324606928193324e-17
5.8058629 8.493871563170819e-17
5.80858278 5.202222537563838e-17
5.81130552 3.267766272447476e-17
5.81403065 3.115619553947286e-17
5.81675816 4.607589185331616e-16
5.81948853 5.635820838852831e-17
5.82222128 3.60115507061232e-17
5.82495689 3.333182452682597e-17
5.82769489 3.1633098806919974e-17
5.83043528 3.3148301074592603e-17
5.83317804 4.3871393003761385e-17
5.83592415 4.316088462114568e-17
5.83867216 4.848182402812947e-17
5.84142303 3.450467708861495e-17
5.84417629 3.1787517006014665e-17
5.84693241 3.18930524507669e-17
5.84969139 3.34832385573817e-17
5.85245228 4.396090998139077e-17
5.85521603 4.797918800239717e-17
5.85798264 3.4952852082814063e-17
5.86075163 3.3238821109067764e-17
5.86352348 3.275894102844388e-17
5.86629772 3.3180942221162754e-17
5.86907482 3.292906244901669e-17
5.87185431 3.295570934116176e-17
5.87463665 3.34160758219291e-17
5.87742138 3.3708468021006163e-17
5.88020897 3.625259713083624e-17
5.88299894 3.8088520866250177e-17
5.88579178 3.415292275982421e-17
5.88858747 3.346960304429191e-17
5.89138556 3.3573247938180903e-17
5.89418602 3.3676227098491525e-17
5.89698935 3.377958863913774e-17
5.89979553 3.3882545588603103e-17
5.90260458 3.398362769316129e-17
5.90541601 3.408499379415849e-17
5.90822983 3.4186172266140945e-17
5.9110465 3.428746202880957e-17
5.91386604 3.438825636754488e-17
5.91668844 3.449044676790166e-17
5.91951323 3.4589694499867534e-17
5.92234087 3.469045125481014e-17
5.9251709 3.4799483218343076e-17
5.92800426 3.49656632618482e-17
5.93083954 3.502004265990129e-17
5.93367815 3.5103644874035994e-17
5.93651915 3.519196405987481e-17
5.939363 3.5285327070218896e-17
5.94220972 3.5358708505489026e-17
5.94505882 3.5438160227464216e-17
5.94791079 3.553724151297317e-17
5.95076561 3.563934460065982e-17
5.95362329 3.574386936582515e-17
5.95648336 3.5852989042520764e-17
5.95934629 3.596203405395529e-17
5.96221209 3.607072609112233e-17
5.96508074 3.621253870163743e-17
5.96795225 3.656645838581526e-17
5.97082615 3.6823695910169125e-17
5.97370291 3.657090166093426e-17
5.97658253 3.6607985537846035e-17
5.97946501 3.671601138554396e-17
5.98234987 3.682833044590287e-17
5.98523808 3.693167433637494e-17
5.98812866 3.703282691317196e-17
5.99102211 3.71386493163099e-17
5.99391842 3.724366576156862e-17
5.99681759 3.734632138519233e-17
5.99971962 3.74500068423012e-17
6.00262451 3.755411488995395e-17
6.00553179 3.7708966662574175e-17
6.0084424 3.8098024996663103e-17
6.0113554 3.793717885693307e-17
6.01427126 3.801136330265596e-17
6.01719046 3.822030294499532e-17
6.02011204 3.8760669584122585e-17
6.02303648 3.850236315247652e-17
6.02596378 3.8559213061151717e-17
6.02889395 3.8693092117198735e-17
6.03182697 3.882808605480423e-17
6.03476286 3.896509418774261e-17
6.03770161 3.9216560459190456e-17
6.04064322 3.9977997374152547e-17
6.04358768 3.950664695346618e-17
6.04653502 3.951267047944379e-17
6.04948568 3.965816423654942e-17
6.05243874 3.981962936964289e-17
6.05539465 3.994165736956775e-17
6.05835342 4.0082857864813994e-17
6.06131554 4.024522860009104e-17
6.06428003 4.0545686503513413e-17
6.06724739 4.166100817691152e-17
6.07021809 4.0863338951188345e-17
6.07319164 4.08016086062068e-17
6.07616806 4.0938045584848934e-17
6.07914686 4.107599284123123e-17
6.08212948 4.121660715080676e-17
6.08511448 4.135725906286746e-17
6.08810234 4.149735647036171e-17
6.09109354 4.1636937476189953e-17
6.09408712 4.177602060091895e-17
6.09708405 4.191453295720162e-17
6.10008383 4.2052638169726626e-17
6.10308647 4.219201573878443e-17
6.10609245 4.263484400842879e-17
6.10910082 4.4411991350660546e-17
6.11211252 4.29714711493908e-17
6.11512709 4.274154840902198e-17
6.11814499 4.287405954310855e-17
6.12116528 4.3009602228600916e-17
6.1241889 4.3144616044593505e-17
6.12721539 4.327917709977455e-17
6.13024521 4.341379751796712e-17
6.13327742 4.354955085084373e-17
6.13631296 4.368491355959853e-17
6.13935137 4.3819118891334854e-17
6.14239311 4.3952728122159373e-17
6.14543772 4.408611565195927e-17
6.14848518 4.421907499663107e-17
6.15153599 4.4351385355632547e-17
6.15458965 4.4483285737219665e-17
6.15764618 4.461517773549592e-17
6.16070604 4.47477968654345e-17
6.16376877 4.4882699202219046e-17
6.16683435 4.50108897110946e-17
6.16990328 4.5143274428373793e-17
6.17297506 4.5950114780369714e-17
6.17605019 4.975356727438896e-17
6.17912817 4.648544339102925e-17
6.18220901 4.5720196072694774e-17
6.1852932 4.5864991006751426e-17
6.18838072 4.5969628129006776e-17
6.1914711 4.6079206248590203e-17
6.19456434 4.619074451425341e-17
6.19766092 4.6337773380841124e-17
6.20076036 4.647895181814405e-17
6.20386314 4.658802688307051e-17
6.20696878 4.670891571882586e-17
6.21007776 4.683939767617485e-17
6.21319008 4.697074017381339e-17
6.21630526 4.710531867293488e-17
6.21942329 4.7236571683335827e-17
6.22254467 4.7370457756864405e-17
6.22566938 4.752047924904499e-17
6.22879696 4.7713498587585596e-17
6.23192787 4.780012705619579e-17
6.23506165 4.792426401059157e-17
6.23819923 4.8060934602679244e-17
6.24133921 4.820480484288852e-17
6.24448299 4.838543442938077e-17
6.24762917 4.8509474161713434e-17
6.25077915 4.8628504877383466e-17
6.253932 4.8761182969818647e-17
6.25708818 4.887692964144842e-17
6.26024771 4.903912543846957e-17
6.26341009 4.9346271370256535e-17
6.26657581 4.931102131528962e-17
6.26974487 4.940655964730294e-17
6.27291727 4.9538639797731193e-17
6.27609253 4.967190768856901e-17
6.27927113 4.9838399645804145e-17
6.28245258 5.0019140822519164e-17
6.28563786 5.019945544457914e-17
6.28882599 5.037885166060083e-17
6.29201746 5.055761871636174e-17
6.29521227 5.0736788497265376e-17
6.29841042 5.091587850728606e-17
6.30161142 5.110073278968701e-17
6.30481577 5.128743738924023e-17
6.30802345 5.147309157024373e-17
6.31123447 5.332061164342086e-17
6.31444883 6.269004547503489e-17
6.31766653 5.43905500735341e-17
6.32088757 5.2294008280829593e-17
6.32411146 5.2397908424640056e-17
6.3273387 5.258159060374777e-17
6.33056974 5.2765728159113474e-17
6.33380365 5.2949118808729925e-17
6.3370409 5.3133269157770574e-17
6.34028149 5.3323608904552513e-17
6.34352541 5.3497361110290195e-17
6.34677267 5.3676561534859455e-17
6.35002327 5.3858523442606706e-17
6.35327721 5.410822998970757e-17
6.35653448 5.500256801896565e-17
6.35979509 5.698746530274266e-17
6.36305904 5.502431129481799e-17
6.36632633 5.474891947190641e-17
6.36959696 5.492725913568711e-17
6.37287092 5.510537074480362e-17
6.37614822 5.529219152563396e-17
6.37942934 5.55610922014178e-17
6.38271332 5.681605694795431e-17
6.38600063 6.203472523972832e-17
6.38929176 5.897425228787751e-17
6.39258623 5.657789683329654e-17
6.39588356 5.64182563352924e-17
6.3991847 5.652247400369795e-17
6.40248919 5.668300199808405e-17
6.40579748 5.685753173957339e-17
6.40910864 5.703158580394037e-17
6.41242313 5.722214246685143e-17
6.41574144 5.748914869880302e-17
6.41906309 5.756949083941145e-17
6.42238808 5.772062881770176e-17
6.42571688 5.78919385001264e-17
6.42904902 5.806811221136951e-17
6.43238401 5.824250847920475e-17
6.4357233 5.841026454972393e-17
6.43906546 5.869894589699036e-17
6.44241142 5.957319413374701e-17
6.44576073 5.907979879423343e-17
6.44911337 5.924318705199066e-17
6.45246983 5.926524106250098e-17
6.45582962 5.940351540262034e-17
6.45919275 5.957822809443887e-17
6.4625597 5.975249432108452e-17
6.46592999 5.9926067923219e-17
6.46930361 6.009970240445075e-17
6.47268105 6.027610212471493e-17
6.47606182 6.044336195470657e-17
6.47944641 6.065987670447263e-17
6.48283434 6.124838901552077e-17
6.48622561 6.279130929544417e-17
6.48962069 6.610131790006192e-17
6.49301958 6.219431373301035e-17
6.49642181 6.17548944557442e-17
6.49982738 6.168000320879882e-17
6.50323677 6.190106491592934e-17
6.50664949 6.284924528090569e-17
6.51006603 6.547391596142821e-17
6.51348591 7.489519527720955e-17
6.5169096 6.542717048284166e-17
6.5203371 6.301402040431652e-17
6.52376795 6.286488782361512e-17
6.52720213 6.299616716118261e-17
6.53064013 6.316977302120862e-17
6.53408194 6.334262480070289e-17
6.53752756 6.351474982364953e-17
6.54097652 6.368624614015862e-17
6.54442883 6.385699479233451e-17
6.54788542 6.402704737121603e-17
6.55134487 6.419702195154576e-17
6.55480862 6.436833045508862e-17
6.5582757 6.45465922535678e-17
6.5617466 6.472517078976538e-17
6.56522131 6.490298547241212e-17
6.56869984 6.510478005549761e-17
6.5721817 6.533786567123315e-17
6.57566738 6.566502549259951e-17
6.5791564 6.639487770873255e-17
6.58264971 6.616911448623884e-17
6.58614635 6.630993572786604e-17
6.58964682 6.655254625783677e-17
6.59315109 6.679420235684247e-17
6.59665918 6.703500640555939e-17
6.60017061 6.727447817238839e-17
6.60368586 6.751311084625666e-17
6.60720539 6.77507945067626e-17
6.61072826 6.79875819437153e-17
6.61425495 6.822501146362287e-17
6.61778545 6.846215391370684e-17
6.62131929 6.869824680090724e-17
6.62485743 6.893713749542714e-17
6.62839937 6.918880824871776e-17
6.63194466 7.017806622425686e-17
6.63549423 1.1336933757873793e-16
6.63904715 7.360182660649395e-17
6.64260435 8.890451841446763e-17
6.64616489 1.627040235722633e-16
6.64972925 2.4707074573716657e-15
6.6532979 9.95831152841887e-16
6.65687037 9.105942328129108e-16
6.66044617 3.5215691963813713e-16
6.66402626 1.1073303735817767e-15
6.66760969 7.245828668003199e-17
6.67119741 7.22028202352833e-17
6.67478895 7.315038029593748e-17
6.6783843 2.2061335256744205e-16
6.68198347 3.7612960483660875e-16
6.68558693 2.606499486912404e-16
6.68919373 1.0943107902822961e-15
6.69280481 1.5615118222639236e-16
6.69641924 8.919421933264063e-17
6.70003796 8.058649013769824e-17
6.70366096 8.118059771865084e-17
6.70728731 8.148073810833526e-17
6.71091795 7.584262912086935e-17
6.7145524 7.574250837676967e-17
6.71819067 4.914697381411667e-16
6.72183275 3.104483391769632e-16
6.72547913 9.515491130741722e-17
6.72912931 2.8869774135237013e-16
6.73278332 8.037548119467875e-17
6.73644161 1.0207760531208102e-16
6.74010372 2.8059989078404057e-15
6.74376965 1.7495161344277356e-15
6.74743986 7.81516031471737e-17
6.75111389 7.682692496647863e-17
6.75479174 7.706305789153953e-17
6.75847387 7.736503052033817e-17
6.7621603 7.755044172396675e-17
6.76585007 7.772985444635111e-17
6.7695446 7.795534577789202e-17
6.77324247 1.5659855125687888e-16
6.77694511 8.182366579291534e-17
6.78065109 9.841099241906711e-17
6.78436136 8.849466978800543e-17
6.78807592 1.1917555359483533e-16
6.7917943 9.54812647224921e-17
6.79551697 9.071271176228313e-17
6.79924345 8.12835718074203e-17
6.80297422 8.293887329777067e-17
6.80670929 1.2705943579261417e-16
6.81044817 8.380838863566124e-17
6.81419086 8.056163016825863e-17
6.81793833 8.078319514170244e-17
6.82168961 8.102516758456303e-17
6.8254447 8.128248784480021e-17
6.82920456 8.142969596591548e-17
6.83296824 8.164457870371594e-17
6.8367362 8.185280987649278e-17
6.84050798 8.209664783805239e-17
6.84428406 8.229336300822268e-17
6.84806442 8.293218364782729e-17
6.85184908 8.557607785259479e-17
6.85563755 8.442099173951417e-17
6.85943031 8.363059352419755e-17
6.86322784 8.372397961694658e-17
6.86702871 8.423099049413903e-17
6.87083435 8.398917570887166e-17
6.87464428 8.413458640414394e-17
6.87845802 8.438006004794225e-17
6.88227606 8.466604097232407e-17
6.88609886 8.523836574396389e-17
6.88992548 8.574575412971298e-17
6.89375639 8.561828520683554e-17
6.89759159 8.83335641455236e-17
6.90143108 1.0304468491251216e-16
6.90527487 1.266184799105131e-16
6.90912294 8.776729260293829e-17
6.91297483 8.709547222635484e-17
6.91683149 8.740130251394585e-17
6.92069244 8.771430368548397e-17
6.92455769 8.806154296410039e-17
6.92842722 8.835440526130711e-17
6.93230104 8.863076019456375e-17
6.93617964 8.893712675453919e-17
6.94006205 8.928651249185612e-17
6.94394875 8.958004267396424e-17
6.94784021 8.984443707301239e-17
6.95173597 9.015812190145433e-17
6.95563555 9.043633088925821e-17
6.95953989 9.073559255041425e-17
6.963449 9.103891556777986e-17
6.96736193 9.140773758096674e-17
6.97127962 9.163345490714167e-17
6.97520161 9.194371914252819e-17
6.97912788 9.22508778372619e-17
6.98305893 9.249689930802157e-17
6.98699379 9.278507639792383e-17
6.99093342 9.306533485898876e-17
6.99487782 9.335158036608101e-17
6.99882603 9.363406394450082e-17
7.00277948 9.391742868538375e-17
7.00673676 9.419929409867181e-17
7.0106988 9.447967976277289e-17
7.01466513 9.486234066135392e-17
7.01863623 9.570244133762748e-17
7.02261162 9.543277743247591e-17
7.0265913 9.559346028932886e-17
7.03057575 9.590303053673088e-17
7.03456497 9.623018285853671e-17
7.03855848 9.548297746384011e-17
7.04255629 9.473448706291921e-17
7.04655933 9.485135901927965e-17
7.0505662 9.511931041035331e-17
7.05457783 9.538599283767492e-17
7.05859423 9.565284726488799e-17
7.06261492 9.592034936586916e-17
7.06664038 9.620010501938204e-17
7.0706706 9.648179298447479e-17
7.07470512 9.676782955997645e-17
7.07874441 9.70786778362034e-17
7.08278799 9.732541314685314e-17
7.08683681 9.759524639491559e-17
7.09088993 9.787010625924002e-17
7.09494734 9.814342914374052e-17
7.09900999 9.841576058042326e-17
7.10307693 9.941656048018281e-17
7.10714865 1.0364806668400833e-16
7.11122513 1.0207974620248715e-16
7.1153059 1.12466905451919e-16
7.11939192 1.0207043977367864e-16
7.12348223 1.0002224648492976e-16
7.1275773 1.0314249352059713e-16
7.13167715 1.1890624906675465e-16
7.13578176 1.0408911423111454e-16
7.13989115 1.010885707614404e-16
7.14400482 1.0133726999161041e-16
7.14812374 1.0229279446817322e-16
7.15224743 1.3864138776301016e-16
7.15637541 1.029195777134375e-16
7.16050863 1.0241024176086456e-16
7.16464663 1.0266526392729225e-16
7.16878891 1.0302757915423274e-16
7.17293644 1.0341267894758414e-16
7.17708874 1.0359021962007736e-16
7.1812458 1.0381053978358628e-16
7.18540764 1.6327039669572696e-16
7.18957424 1.0431619131760937e-16
7.19374561 1.0456817006944442e-16
7.19792223 1.0485904767671167e-16
7.20210314 1.0514360684921596e-16
7.20628929 1.0544556314301341e-16
7.21048021 1.0574892897891993e-16
7.2146759 1.0605217567295209e-16
7.21887684 1.0635341852416571e-16
7.22308254 1.0665489549219879e-16
7.22729301 1.0695922202878429e-16
7.23150826 1.0736484188522133e-16
7.23572874 2.0724460145707266e-16
7.23995352 1.080811880989645e-16
7.24418402 1.0847041995422703e-16
7.24841928 1.092942990782405e-16
7.25265932 1.0931752181058152e-16
7.25690413 1.0957412101873769e-16
7.26115417 1.0994619404646248e-16
7.26540899 1.1034477251463518e-16
7.26966906 1.1091801175196071e-16
7.27393436 1.1145042928388855e-16
7.27820396 1.121664861539134e-16
7.28247929 1.119510401304449e-16
7.28675938 1.1224474368284985e-16
7.29104424 1.1281802385987867e-16
7.29533434 1.1300070000985695e-16
7.29962969 1.1334322045590603e-16
7.30392981 1.1370069452419115e-16
7.30823517 3.2361781417354476e-16
7.3125453 1.1551678820982046e-16
7.31686115 1.1532772871475173e-16
7.3211813 1.1522249518139198e-16
7.32550716 1.155229387059691e-16
7.3298378 1.1588333973677478e-16
7.33417368 1.162421831065889e-16
7.3385148 1.1659897084748173e-16
7.34286118 1.1695411888896806e-16
7.34721231 1.1730756073675334e-16
7.3515687 1.176592424760128e-16
7.35593033 1.1800917625196855e-16
7.3602972 1.1835737414062752e-16
7.36466932 1.1870495957816063e-16
7.36904669 1.1905625190131812e-16
7.37342882 1.1939524870825794e-16
7.37781668 1.1973682999351308e-16
7.3822093 1.20081742080439e-16
7.38660765 1.2042659963413015e-16
7.39101076 1.207697278049314e-16
7.3954196 1.21111160677081e-16
7.3998332 1.2145092580344952e-16
7.40425253 1.217889620697212e-16
7.4086771 1.221258611559366e-16
7.41310644 1.2247699693746538e-16
7.4175415 1.2283356522703118e-16
7.42198181 1.2318884059123756e-16
7.42642736 1.2354219724611784e-16
7.43087864 1.2389389623927087e-16
7.43533468 1.2424380339334433e-16
7.43979645 1.2459205747063844e-16
7.44426346 1.249391139563881e-16
7.44873571 1.2528298482290116e-16
7.45321369 1.2562575928517688e-16
7.45769691 1.2596774006906952e-16
7.46218538 1.2630602478670054e-16
7.4666791 1.2664337877152235e-16
7.47117853 5.859141044344849e-16
7.47568321 1.296870659532335e-16
7.48019361 1.2806911026609246e-16
7.48470926 1.3031406476245589e-16
7.48923016 1.4396005114032865e-16
7.49375677 1.3613627410985602e-16
7.49828911 1.2989211782156168e-16
7.50282669 1.2931233552970146e-16
7.50736952 1.2963159457696708e-16
7.51191807 1.299624216689479e-16
7.51647234 1.3029383857023042e-16
7.52103186 1.3062328992801924e-16
7.5255971 1.3095096683224104e-16
7.53016758 1.31276871162432e-16
7.53474379 1.316372914418276e-16
7.53932571 1.3335352745866055e-16
7.54391289 1.4214905639657844e-16
7.54850578 1.8532336131300142e-16
7.5531044 1.354769863312176e-16
7.55770874 1.33365691182387e-16
7.56231833 1.3372872109559294e-16
7.56693363 1.3408983640118712e-16
7.57155466 1.3525110152320494e-16
7.57618141 1.46927040971084e-16
7.58081388 2.6446474704299907e-16
7.5854516 1.5690573078362708e-16
7.59009552 1.3865838116927238e-16
7.59474468 1.3646040136950267e-16
7.59940004 1.3668790802945986e-16
7.60406065 1.3703924832697543e-16
7.60872698 1.374291962805528e-16
7.61339951 1.3791571748765387e-16
7.61807728 1.382218557298448e-16
7.62276125 1.3868206100710622e-16
7.62745047 1.3917137079293902e-16
7.63214588 1.4174854431872752e-16
7.63684702 1.5357413153852207e-16
7.64155388 1.4300480296064414e-16
7.64626646 1.4119941574501307e-16
7.65098476 1.4157367796950085e-16
7.65570927 1.4202724025418283e-16
7.66043901 1.425007914671641e-16
7.66517544 1.429718010285695e-16
7.66991711 1.4349540625931603e-16
7.67466497 1.4426641788451337e-16
7.67941856 1.44488679888532e-16
7.68417788 1.4575623100964516e-16
7.68894339 1.5399948471384202e-16
7.69371462 1.64744738211357e-16
7.69849157 2.5556258811302616e-16
7.70327473 1.4665660048625213e-16
7.70806408 1.4710642282178592e-16
7.71285915 1.4755393906949506e-16
7.71765995 1.4983201225756144e-16
7.72246695 1.905467942972632e-16
7.72728014 2.401979709590634e-16
7.73209906 3.109247677509774e-16
7.73692417 1.5965874278354522e-16
7.74175501 1.5191061100856922e-16
7.74659252 1.5208474337260735e-16
7.75143528 1.6098518331425755e-16
7.75628471 6.249509898909968e-16
7.76113987 2.5083390803023366e-16
7.76600122 3.271212351431002e-16
7.77086878 1.699189629434834e-16
7.77574205 3.0336267534375026e-16
7.78062201 1.5594893751414725e-16
7.78550768 1.5414879122848626e-16
7.79039955 1.57114477861877e-16
7.79529762 1.7223210621724608e-16
7.80020189 1.845003986369285e-16
7.80511236 3.039110575073493e-16
7.81002903 1.9068759483603803e-16
7.8149519 1.6943097820917873e-16
7.81988096 1.5913844988471803e-16
7.82481623 1.5850815241560514e-16
7.82975769 1.5934698772060632e-16
7.83470535 1.5979892784482606e-16
7.83965921 1.607649783310543e-16
7.84461927 1.9592024468844995e-16
7.84958601 1.6788066284641503e-15
7.85455894 1.6513611843403428e-16
7.85953808 1.7524271976558283e-16
7.86452341 1.726645336548582e-16
7.86951494 2.6627350847403855e-16
7.87451315 6.656479019538303e-16
7.87951756 1.6308177315374077e-16
7.88452864 1.6273604213953564e-16
7.88954544 1.6315493735713682e-16
7.8945694 1.6357114941993194e-16
7.89959908 1.6398626649202959e-16
7.90463543 1.6439635975480984e-16
7.90967846 1.6558961798419142e-16
7.91472769 1.7021361202781518e-16
7.91978359 1.6661403452205804e-16
7.9248457 1.6675640223659153e-16
7.92991447 1.6725492896487258e-16
7.93498945 1.703171266744253e-16
7.94007111 1.6797406305988745e-16
7.94515944 1.6784410342889622e-16
7.95025396 1.6834420085240535e-16
7.95535517 1.6875970148928681e-16
7.96046305 1.692030034970308e-16
7.96557713 1.6965299402412064e-16
7.97069836 1.7010135160711928e-16
7.97582579 1.7142682560393496e-16
7.98095989 1.7659655741300413e-16
7.98610067 1.7243311930479962e-16
7.99124765 1.7199039255406235e-16
7.99640179 1.7270497195193304e-16
8.00156212 1.7281147807781566e-16
8.00673008 1.731730109336247e-16
8.01190376 1.7360334679182669e-16
8.01708412 1.7446060449704111e-16
8.02227211 1.770927402504327e-16
8.02746582 1.7620882657834942e-16
8.03266716 1.8148652128506827e-16
8.03787422 2.602362073203625e-16
8.04308891 1.774968602833087e-16
8.04830933 1.7694326237156696e-16
8.05353737 3.251543587671485e-16
8.05877209 2.272796507063776e-16
8.06401348 1.8273336574804334e-16
8.06926155 9.13831883134404e-16
8.07451725 2.333916819615321e-16
8.07977867 1.8340474518588353e-16
8.08504772 1.8154427891143815e-16
8.09032345 1.8170569539151207e-16
8.09560585 1.82574710172861e-16
8.10089588 1.8286561606770154e-16
8.10619259 1.833788306735298e-16
8.11149597 1.8395546700312993e-16
8.11680603 1.845422402658002e-16
8.12212276 1.8743869526060213e-16
8.12744713 2.0090492577212985e-16
8.13277912 2.1804840490187079e-16
8.13811684 1.8713185197786222e-16
8.14346218 1.8729853923030866e-16
8.1488142 1.8785372738082735e-16
8.15417385 1.8844387605345006e-16
8.15954018 1.8897056144599963e-16
8.16491318 1.894884132185898e-16
8.17029381 1.916212653877574e-16
8.17568111 2.0075064158302788e-16
8.18107605 1.9291322987612603e-16
8.18647766 1.916232058484671e-16
8.1918869 1.9214570742625046e-16
8.19730282 1.9266927342921315e-16
8.20272636 1.9319263987843948e-16
8.20815659 1.9371902580613452e-16
8.21359444 1.9425374631226777e-16
8.21903992 1.948153984466232e-16
8.22449207 1.953899294956835e-16
8.2299509 1.9594791627492395e-16
8.23541737 1.9661631477776028e-16
8.24089146 1.970490495079062e-16
8.24637222 1.9756438830625696e-16
8.25186062 1.9810617516949135e-16
8.25735664 1.986541862547173e-16
8.26285934 1.9920537303746014e-16
8.26837063 1.9975406521761403e-16
8.27388763 2.002996873196493e-16
8.27941322 2.0085179000002236e-16
8.28494549 2.0144299492245848e-16
8.29048538 2.0205045467575232e-16
8.29603291 2.0324551919471135e-16
8.30158806 2.0322701632658345e-16
8.30714989 2.0353196546256636e-16
8.31271935 2.0404129540413788e-16
8.31829643 2.0462064860023588e-16
8.32388115 2.050888183382222e-16
8.3294735 2.0564781255038314e-16
8.33507347 2.0610123329604115e-16
8.34068012 2.0659752298541804e-16
8.34629536 2.0710789912737534e-16
8.35191727 2.0760650594367214e-16
8.35754681 2.0815613315358957e-16
8.36318493 2.0872765764378496e-16
8.36882973 2.092959345078839e-16
8.37448215 2.0986591715595381e-16
8.38014317 2.1043749205939585e-16
8.38581085 2.1102711327355967e-16
8.39148617 2.1176046556260673e-16
8.39717007 2.125510197510538e-16
8.40286064 2.1336175138223122e-16
8.4085598 2.166512877852918e-16
8.41426659 2.227718879236765e-16
8.41998005 2.61169418310854e-16
8.4257021 2.3845217323302983e-16
8.43143272 2.209481807898413e-16
8.43717003 2.20144282826952e-16
8.44291496 2.1932427745474867e-16
8.44866848 2.2109662008077928e-16
8.45442963 2.202886304527841e-16
8.4601984 2.2628811584532305e-16
8.46597576 2.1939531876614809e-16
8.47176075 2.1840951953012225e-16
8.47755337 2.1887825524312445e-16
8.48335361 2.1951982066407511e-16
8.48916245 2.2044799209936403e-16
8.4949789 2.2393725268931335e-16
8.50080299 2.2157276932676514e-16
8.50663567 2.2180346573881058e-16
8.51247597 2.2483030045439615e-16
8.51832485 2.2687284391220455e-16
8.52418137 2.2686240231501884e-16
8.53004551 2.255777305841775e-16
8.53591824 2.256929869315009e-16
8.54179859 2.300347956297314e-16
8.54768753 2.272251810293058e-16
8.55358505 2.4255764615218783e-16
8.5594902 2.3427102412810855e-16
8.56540298 2.294402699817977e-16
8.57132435 2.290084260312466e-16
8.5772543 2.2971351806134395e-16
8.58319187 2.319825589259443e-16
8.58913803 2.410729296319594e-16
8.59509277 2.3351571814790096e-16
8.60105515 2.324378859561556e-16
8.6070261 2.3388398912518504e-16
8.61300564 2.3871017746499213e-16
8.61899281 2.377482346347413e-16
8.62498856 2.5055184918240904e-16
8.63099289 2.385155630139994e-16
8.63700581 2.364947023327129e-16
8.64302635 2.3749196486404173e-16
8.64905548 2.3780425447066493e-16
8.65509319 2.383843328762077e-16
8.66113949 2.3911940257144515e-16
8.66719437 2.403159305089309e-16
8.67325687 2.404378350419192e-16
8.67932892 2.45262821378893e-16
8.68540859 2.6771490784507085e-16
8.6914978 2.4689077507674104e-16
8.69759464 2.431356482392423e-16
8.70370007 2.4369019286863064e-16
8.70981503 2.4435784402133634e-16
8.71593761 2.4503203380147504e-16
8.72206879 2.4574080056437055e-16
8.7282095 2.465939709249672e-16
8.73435783 2.4717264272070943e-16
8.74051571 2.4838835029078683e-16
8.74668121 2.5250259745052914e-16
8.75285625 2.497791868974407e-16
8.75903988 2.497035824446494e-16
8.76523209 2.5035520472007257e-16
8.77143383 2.5099905310391415e-16
8.7776432 2.516393129775326e-16
8.78386211 2.5230871546396685e-16
8.79008961 3.227573409893366e-16
8.79632568 2.535748918199994e-16
8.8025713 2.5416683111019203e-16
8.80882549 2.5479179549853644e-16
8.81508827 2.5541618529571586e-16
8.82135963 2.5606468957443573e-16
8.82764053 2.5674497926414187e-16
8.83393002 2.574491192716107e-16
8.84022903 2.5938133500790334e-16
8.84653664 2.6663433942852137e-16
8.85285378 2.60917055086881e-16
8.8591795 2.6028847621074975e-16
8.8655138 2.609192224607148e-16
8.87185764 2.6158768341815565e-16
8.87821102 2.622663048019958e-16
8.88457298 2.6294959758994556e-16
8.89094353 2.6362762500680584e-16
8.89732456 2.643014833632884e-16
8.90371418 2.649715991471238e-16
8.91011238 2.6564319117379996e-16
8.91652012 2.6634280362213244e-16
8.92293739 2.669603252437112e-16
8.92936325 2.676038600539217e-16
8.9357996 2.6825070270889125e-16
8.94224358 2.688933525362632e-16
8.94869804 2.69532397053588e-16
8.95516205 2.701662594472549e-16
8.96163464 2.7079422456725624e-16
8.96811676 2.714194509514381e-16
8.97460842 2.720504682819476e-16
8.98110962 4.2016910245399683e-16
8.9876194 2.736851765402025e-16
8.99413967 2.7395865894792517e-16
9.00066853 2.744952174721129e-16
9.00720787 2.751046118356234e-16
9.0137558 2.757414512546477e-16
9.02031422 2.7661573140870065e-16
9.02688122 2.789815728701974e-16
9.03345776 2.784641607945094e-16
9.04004478 2.781672342438587e-16
9.04664135 2.788115592223801e-16
9.0532465 2.7962751600177444e-16
9.05986214 2.804383449422591e-16
9.06648731 2.812445180471532e-16
9.07312202 2.820436168378017e-16
9.07976627 2.828381133590381e-16
9.08642101 2.837010495291243e-16
9.09308529 2.857430189656385e-16
9.0997591 2.9029796967325507e-16
9.10644245 2.837040422865631e-16
9.11313629 2.829644115340828e-16
9.11983967 2.8376504381905617e-16
9.12655258 2.845484271603422e-16
9.13327503 2.8614441595666014e-16
9.14000797 2.933953370256299e-16
9.1467514 3.014137435635292e-16
9.15350437 3.0510489974203127e-16
9.16026688 4.990072650493106e-16
9.16703987 1.2859306641235675e-14
9.1738224 2.5531597768827663e-15
9.18061543 3.204995633624558e-15
9.18741894 9.448228060743188e-16
9.19423199 2.2810627209046526e-15
9.20105457 2.977468152049613e-16
9.2078886 2.9683812012778393e-16
9.21473122 4.53127509435835e-16
9.22158527 8.36736941310267e-16
9.22844887 3.720625223462743e-15
9.23532295 8.481207453513166e-16
9.24220753 4.450430772860264e-16
9.24910259 3.7739572037008646e-16
9.25600719 3.488139751252284e-16
9.26292229 3.0508095275465287e-16
9.26984787 3.079704861112984e-16
9.27678394 3.142727774254364e-16
9.28373051 1.3220368642714314e-15
9.29068661 4.07925255074939e-16
9.29765415 5.112131049709704e-16
9.30463123 3.086749347021754e-16
9.31161976 9.785313456244126e-15
9.31861782 3.3720662068359167e-15
9.32562733 3.145847416914093e-16
9.33264732 3.093560059575043e-16
9.33967686 3.100325749025293e-16
9.34671783 3.103836781846698e-16
9.3537693 3.111340806370774e-16
9.36083126 4.957059365621206e-16
9.36790466 3.1338180462561785e-16
9.3749876 3.16680892973043e-16
9.38208199 3.1892287380192395e-16
9.38918686 3.170637753537813e-16
9.39630318 3.6656854792517253e-16
9.40342903 3.1711338373966693e-16
9.41056633 3.180011896166037e-16
9.41771507 3.1916809214227644e-16
9.42487431 3.198870378743825e-16
9.43204403 7.699210475646358e-16
9.43922424 3.217221682480454e-16
9.44641685 3.2400865543717203e-16
9.453619 3.257417215799569e-16
9.4608326 3.24141399831296e-16
9.46805763 3.2450949315518464e-16
9.47529316 3.253739865863935e-16
9.48254013 6.604306381725061e-16
9.48979855 3.2689038233061466e-16
9.49706745 3.276736594765166e-16
9.5043478 3.284345239503731e-16
9.51163864 3.292104198313779e-16
9.51894188 3.299564644999936e-16
9.52625561 3.306850595064926e-16
9.53358078 3.314290455138878e-16
9.5409174 3.3217199432226048e-16
9.5482645 3.329251737710269e-16
9.55562401 3.3373912221926416e-16
9.562994 3.3438889201816257e-16
9.57037544 3.3517132033935784e-16
9.57776833 3.9760290058176846e-16
9.58517361 3.365970833565638e-16
9.59258938 3.373933649523255e-16
9.60001659 3.3901741718236423e-16
9.60745525 3.3943369478944893e-16
9.61490631 3.3947370321670325e-16
9.62236881 3.400718201380631e-16
9.6298418 3.407284395917591e-16
9.63732719 3.415915703780368e-16
9.64482403 3.4327517102080816e-16
9.65233326 3.4407237047866917e-16
9.65985298 3.474987371788665e-16
9.6673851 3.4713087184756186e-16
9.67492867 3.496238835149758e-16
9.68248463 3.58989331575427e-16
9.69005203 3.5086448239694565e-16
9.69763088 3.5336811462679435e-16
9.70522213 1.1111501050908437e-15
9.71282578 3.5611266692013955e-16
9.72043991 4.509867260490927e-16
9.7280674 3.5448693835773145e-16
9.73570633 3.544895033328402e-16
9.7433567 3.5531638130133846e-16
9.75101948 3.5628695412188675e-16
9.75869465 3.572943388463492e-16
9.76638222 3.581638653860054e-16
9.77408123 3.5909297711550736e-16
9.78179264 3.6094971101667406e-16
9.7895155 3.675529996128085e-16
9.7972517 3.675902614601611e-16
9.80499935 3.638120601099801e-16
9.8127594 3.639009813644552e-16
9.82053185 3.6413400379928283e-16
9.82831669 3.6435353181955777e-16
9.83611393 3.65204644473407e-16
9.84392357 3.662470283577774e-16
9.85174561 3.6810287215464974e-16
9.85958004 3.7210682164732343e-16
9.86742687 3.709125816699508e-16
9.8752861 3.70185149390698e-16
9.88315773 3.708984331285181e-16
9.89104271 3.718263006036848e-16
9.89893913 3.7323456968766805e-16
9.90684891 3.769798615250395e-16
9.91477108 3.775124400192095e-16
9.9227066 3.7609771978218545e-16
9.93065453 3.7669748341601034e-16
9.93861485 3.777279176238605e-16
9.94658756 3.78772551110262e-16
9.95457363 3.797509117136919e-16
9.96257305 3.8075028506607235e-16
9.97058487 3.8174472308673852e-16
9.97860909 4.458821507502857e-16
9.98664665 3.847616003269339e-16
9.99469757 4.019371195806945e-16
10.0027609 3.885639219337202e-16
10.0108376 3.8853196407020433e-16
10.0189266 3.973559287129563e-16
10.027029 4.850435104302277e-16
10.0351448 3.9420708926830694e-16
10.0432739 3.9834184034847955e-16
10.0514164 3.947033019579105e-16
10.0595713 4.0226993856176363e-16
10.0677404 3.9672118282486337e-16
10.075922 3.962034646938136e-16
10.0841169 3.95396079349424e-16
10.0923252 3.97427208434784e-16
10.1005468 4.021321592535785e-16
10.1087828 5.054298109493531e-16
10.1170311 7.401470878939763e-16
10.1252937 4.0107217670988395e-16
10.1335688 4.009753732108125e-16
10.1418581 4.0134672503713326e-16
10.1501608 4.02798420301292e-16
10.1584778 4.0789957854813824e-16
10.1668072 4.051258538302397e-16
10.1751509 4.623874415087815e-16
10.1835089 4.079461500788878e-16
10.1918802 4.1466178408360123e-16
10.2002649 4.096465886025942e-16
10.2086639 4.094149419959939e-16
10.2170763 4.088646281936697e-16
10.225503 4.0945115469660594e-16
10.233943 4.104670692626223e-16
10.2423973 2.6969549087251e-15
10.2508659 4.1178318195938177e-16
10.2593479 4.1252046382897864e-16
10.2678442 4.132821778734418e-16
10.2763548 4.142892341527088e-16
10.2848787 4.1631986779947295e-16
10.2934179 4.1605778494824767e-16
10.3019705 4.166304703554121e-16
10.3105383 4.61818039221071e-16
10.3191195 4.416672709316666e-16
10.3277149 4.1992086143534324e-16
10.3363247 4.2117549590743256e-16
10.3449497 4.233975028715065e-16
10.3535881 4.814782034785099e-16
10.3622417 4.637995075480647e-16
10.3709087 4.0820045008161163e-16
10.379591 3.930326205281791e-16
10.3882885 3.919889636275659e-16
10.3969994 1.3676125296732399e-15
10.4057255 3.9376191526443383e-16
10.4144659 3.947704406274028e-16
10.4232216 3.961113024980543e-16
10.4319916 3.9882832545511434e-16
10.4407768 4.0059478426974583e-16
10.4495764 4.3560737387584182e-16
10.4583902 4.020301040163034e-16
10.4672203 4.11929696120585e-16
10.4760637 4.085819014550721e-16
10.4849234 7.195169528942711e-16
10.4937973 4.0538646276485133e-16
10.5026865 2.505163073405892e-15
10.511591 8.016326600409465e-16
10.5205107 4.23573272123925e-16
10.5294456 4.1949931103923455e-16
10.5383949 1.1698101923367268e-15
10.5473604 4.1570719878655706e-16
10.5563402 4.427344058747557e-16
10.5653362 1.3668575729553547e-15
10.5743475 4.1948090102541505e-16
10.5833731 4.38198321653151e-16
10.5924149 4.264591756391825e-16
10.6014729 4.4219705125063154e-16
10.6105452 4.2036832017576913e-16
10.6196337 4.2033833670922423e-16
10.6287374 4.2114564118266224e-16
10.6378565 4.2271687289915525e-16
10.6469917 1.943050610355755e-15
10.6561422 2.1047969121150426e-15
10.665309 4.2652686279756817e-16
10.6744919 4.27633418957728e-16
10.6836901 4.2773244878430017e-16
10.6929035 4.2877336101477085e-16
10.7021341 4.3121584016713295e-16
10.71138 4.3221114544791593e-16
10.7206421 4.333661502612147e-16
10.7299194 4.572151447341077e-16
10.7392139 4.404795355478951e-16
10.7485237 4.3561357012260244e-16
10.7578497 4.3757939311485087e-16
10.7671928 6.480561446969284e-15
10.7765512 4.382885629107057e-16
10.7859259 4.650792107577073e-16
10.7953176 4.3933480108296324e-16
10.8047247 4.408141823953042e-16
10.8141489 4.457804282152325e-16
10.8235893 4.4266186513581975e-16
10.8330469 4.4301692224900044e-16
10.8425207 4.451564763979862e-16
10.8520107 4.590148568336939e-16
10.861517 4.67155354018918e-16
10.8710413 4.466502320079458e-16
10.8805809 4.474838322072983e-16
10.8901377 4.482922950985071e-16
10.8997116 4.491330312901711e-16
10.9093027 4.501177311506653e-16
10.91891 4.509205552561162e-16
10.9285345 4.518739174502616e-16
10.9381762 4.536191521186804e-16
10.947834 4.590285744478858e-16
10.95751 4.564289490144202e-16
10.9672022 4.589915015441923e-16
10.9769125 4.601598533376723e-16
10.986639 4.600199473905745e-16
10.9963837 6.4658995204091e-15
11.0061445 3.769012905251052e-15
11.0159235 1.1550400237927298e-15
11.0257196 1.5983100632129765e-15
11.0355339 7.213258554809359e-16
11.0453653 4.633887183763002e-16
11.0552139 6.429851779425172e-16
11.0650797 4.942111521399975e-16
11.0749636 5.138047845484253e-16
11.0848656 1.2971396439262225e-15
11.0947847 5.377986079780668e-16
11.104722 4.753986304696336e-16
11.1146774 4.727946812025681e-16
11.12465 4.707312013095277e-16
11.1346407 5.952909681935556e-15
11.1446495 4.751595975138392e-16
11.1546755 6.035629141525428e-16
11.1647205 4.829862672035459e-16
11.1747837 4.925703588171948e-16
11.184864 6.547605969726351e-16
11.1949635 2.9252101195812936e-15
11.205081 6.756659884441113e-16
11.2152166 4.847609185110397e-16
11.2253714 4.835038859356488e-16
11.2355433 6.977508054608713e-16
11.2457342 7.888580455177438e-16
11.2559443 8.050372191204897e-15
11.2661724 4.955459091411538e-16
11.2764187 4.898196210286885e-16
11.286684 5.28770309546592e-16
11.2969675 4.979930275521464e-16
11.307271 8.561580237126071e-16
11.3175926 4.966856067739458e-16
11.3279324 6.933658464077961e-16
11.3382921 4.962551264905067e-16
11.34867 4.98053794742867e-16
11.3590679 4.993125449578667e-16
11.3694839 5.008421579196986e-16
11.37992 5.049431498292602e-16
11.3903742 5.962604548421253e-16
11.4008484 7.607096806089351e-16
11.4113417 5.0922047872647265e-16
11.421854 6.577363995023425e-16
11.4323854 5.306816101952531e-16
11.4429369 9.850919041162934e-16
11.4535084 1.0264995395746337e-15
11.464098 5.265256640369325e-16
11.4747086 5.135999581646855e-16
11.4853382 5.137712827296923e-16
11.4959869 5.149985048336218e-16
11.5066566 5.162059801676651e-16
11.5173454 5.178835986021852e-16
11.5280542 7.093189987252369e-16
11.5387831 1.7689104876275348e-14
11.5495319 5.224676881598012e-16
11.5603008 5.249406189095938e-16
11.5710897 5.9044813098016155e-16
11.5818987 5.245427744122067e-16
11.5927277 5.269358620051628e-16
11.6035776 5.331900138978594e-16
11.6144476 5.273635037638645e-16
11.6253376 5.281624867753392e-16
11.6362486 5.300893235139016e-16
11.6471796 5.445616210769661e-16
11.6581316 5.3289907203014e-16
11.6691036 5.364894372569227e-16
11.6800966 5.365320698291883e-16
11.6911106 5.355808322767549e-16
11.7021446 5.367830159184544e-16
11.7132006 5.371570705837753e-16
11.7242765 5.411293286896394e-16
11.7353735 5.419915435424413e-16
11.7464924 5.445207610109599e-16
11.7576313 5.451859060303755e-16
11.7687922 5.465003369807897e-16
11.779974 5.521001727768653e-16
11.7911768 5.436480380541658e-16
11.8024015 5.457027206889549e-16
11.8136473 5.494431635041566e-16
11.824914 5.469870779117524e-16
11.8362026 5.478576527499031e-16
11.8475132 5.487820670728059e-16
11.8588448 5.657012501936843e-16
11.8701992 5.526500240961123e-16
11.8815737 7.169205850011748e-16
11.892971 5.518791026641518e-16
11.9043903 5.527209020779343e-16
11.9158316 1.0906264919971292e-15
11.9272947 5.543214877042042e-16
11.9387798 2.0919589755326913e-15
11.9502869 5.560101676621116e-16
11.9618168 5.571468611969269e-16
11.9733677 5.581791011554927e-16
11.9849424 5.613560641115591e-16
11.9965382 5.613894056178949e-16
12.0081577 5.622619007079332e-16
12.0197992 5.653171902220217e-16
12.0314627 5.720730169333162e-16
12.0431499 6.449396307788166e-16
12.0548592 5.675102274355595e-16
12.0665913 5.697843547396061e-16
12.0783463 5.775475618600877e-16
12.0901241 6.372766142550003e-16
12.1019258 5.734531271016124e-16
12.1137495 8.325624852690451e-16
12.125597 1.9614269638044722e-14
12.1374674 1.7024883587150113e-14
12.1493607 1.2582977313361177e-15
12.1612778 9.543385519492231e-16
12.1732178 8.774888591820326e-16
12.1851816 9.993222600254349e-16
12.1971693 5.876863901124676e-16
12.2091808 5.900510391160038e-16
12.2212152 5.911611827348702e-16
12.2332735 5.908250161418663e-16
12.2453556 6.095683742205966e-16
12.2574615 8.143454980955111e-16
12.2695923 1.679776752509649e-14
12.2817459 5.96198882472951e-16
12.2939243 5.978047683129605e-16
12.3061266 1.0721559994977427e-15
12.3183537 6.1168168257901675e-16
12.3306046 8.517835142646546e-16
12.3428802 6.034923253921254e-16
12.3551798 1.2900883144297708e-15
12.3675041 6.061451648196489e-16
12.3798532 8.048315785422061e-16
12.3922272 7.152986278817119e-15
12.4046249 6.103649996669602e-16
12.4170485 7.312338330804721e-16
12.4294968 1.1734517508615734e-15
12.4419699 7.696594512616324e-16
12.4544678 8.579571379929801e-16
12.4669914 6.169313567886236e-16
12.4795399 6.17519980363788e-16
12.4921141 6.188873475853484e-16
12.5047131 6.203867693064678e-16
12.5173378 8.192369277835588e-16
12.5299873 6.258071952123126e-16
12.5426636 5.922717806881949e-15
12.5553646 2.8496275701508114e-15
12.5680923 6.314089381451499e-16
12.5808449 9.152549022064131e-16
12.5936241 6.311790952555257e-16
12.6064291 6.66776079352483e-16
12.6192598 6.316289238099882e-16
12.6321173 6.352512334657943e-16
12.6450005 1.6787269946994122e-15
12.6579103 8.181047295246772e-16
12.670846 6.384570862074626e-16
12.6838083 6.388289661786262e-16
12.6967974 2.3701410293271475e-15
12.7098131 6.3965907577028e-16
12.7228556 6.419014603586826e-16
12.7359247 6.496679234660985e-16
12.7490215 6.559381600513127e-16
12.7621441 6.510875102744179e-16
12.7752943 6.481556807811101e-16
12.7884712 6.466881914074308e-16
12.8016758 8.785446246876156e-16
12.8149071 7.048184100760587e-16
12.828167 6.486110495990235e-16
12.8414536 6.938047520401563e-16
12.8547668 7.043644318565448e-16
12.8681087 6.834494931275515e-16
12.8814783 7.527985117142527e-16
12.8948755 6.566035388763221e-16
12.9083014 6.576510964994601e-16
12.9217539 6.58431699302285e-16
12.935235 6.620886459064728e-16
12.9487448 7.683239098419702e-16
12.9622822 6.934821290261944e-16
12.9758482 6.637236576757848e-16
12.9894428 6.683274866452869e-16
13.0030661 6.826002810982699e-16
13.016717 7.04580007246893e-16
13.0303974 6.652835908298237e-16
13.0441065 6.863954080581528e-16
13.0578442 6.871768419030084e-16
13.0716114 6.855734600411522e-16
13.0854073 6.807420504713302e-16
13.0992317 6.964726245866765e-16
13.1130867 7.978217134978439e-16
13.1269703 6.854369284609271e-16
13.1408834 6.974784115035025e-16
13.1548262 2.0706831013324837e-15
13.1687975 6.837927273225111e-16
13.1828003 6.978659242351916e-16
13.1968317 6.851337765965949e-16
13.2108936 6.86760249914512e-16
13.2249851 6.953423760045073e-16
13.2391062 6.918844771981245e-16
13.2532587 6.937751440279717e-16
13.2674408 6.959227816133949e-16
13.2816534 6.990748248519612e-16
13.2958965 7.050605580869527e-16
13.3101702 7.061090603875694e-16
13.3244743 7.64755868874257e-16
13.338809 7.029751877182983e-16
13.3531752 7.3800921742116e-16
13.3675728 7.042318743067565e-16
13.382 7.632195918824415e-16
13.3964596 7.105191013891025e-16
13.4109497 7.573571506784874e-16
13.4254723 7.255069662635993e-16
13.4400253 1.047533122187251e-13
13.4546099 9.43760243141922e-15
13.4692268 8.685961691573328e-15
13.4838753 6.945861582533531e-15
13.4985561 7.325458735610361e-16
13.5132685 7.717219980299766e-16
13.5280123 1.094331030669116e-15
13.5427895 1.5885252023231854e-15
13.5575981 2.3020173149660706e-14
13.5724392 1.564792430654789e-15
13.5873137 7.54292800093125e-16
13.6022196 7.79955226769242e-16
13.6171589 7.296728987290685e-16
13.6321316 1.1653784168716073e-15
13.6471367 2.214197999352698e-15
13.6621742 1.5768568052811452e-15
13.6772461 1.0237856803504481e-15
13.6923504 7.194238415972353e-14
13.707489 4.9866853260820425e-15
13.7226601 7.413152193307329e-16
13.7378654 7.444983664563388e-16
13.7531042 7.506528922539235e-16
13.7683773 7.483855764502851e-16
13.7836838 1.0406123994144314e-15
13.7990246 8.606781790201646e-16
13.8143997 7.8563229752796e-16
13.8298092 1.034803505385024e-14
13.845252 8.475590976963239e-16
13.8607311 7.606114173924733e-16
13.8762436 1.4180169477209318e-15
13.8917913 3.470617682485445e-15
13.9073734 7.608968444203507e-16
13.9229908 7.656099351313771e-16
13.9386435 8.501840199847635e-16
13.9543314 9.455634048062756e-16
13.9700546 9.53715932541382e-16
13.9858131 9.469679896847062e-16
14.0016079 1.3479546623868303e-15
14.0174379 2.077248056439945e-15
14.0333033 7.92177378649934e-16
14.0492058 1.1152358385048413e-15
14.0651436 1.3555356283043535e-15
14.0811176 1.0377323431391593e-15
14.0971279 1.0806904062590661e-15
14.1131744 1.5436340798220774e-15
14.1292582 9.460099029320092e-16
14.1453781 1.0074299620771888e-15
14.1615353 1.3357328278801832e-15
14.1777287 7.902612964438132e-16
14.1939592 8.418993138705496e-16
14.210228 2.643769801407315e-15
14.2265329 6.219757849828675e-16
14.2428761 4.724180984963747e-16
14.2592573 8.257215810640171e-16
14.2756748 4.622746704826021e-16
14.2921314 4.490571479549125e-16
14.3086252 4.440441640439522e-16
14.3251572 4.454736566673272e-16
14.3417282 6.471518907003745e-16
14.3583364 4.516321080356787e-16
14.3749838 2.4820050843337048e-15
14.3916702 5.48899213468261e-16
14.4083948 2.645522412297961e-15
14.4251585 5.4065370532436e-16
14.4419613 5.430107611138609e-16
14.4588032 4.1954619681223195e-15
14.4756851 4.719928315554302e-16
14.4926052 4.732518584584984e-16
14.5095654 4.64387710596574e-16
14.5265656 6.301146261454907e-15
14.5436058 4.534396587945747e-16
14.5606861 5.545870273033894e-16
14.5778065 6.527149549343376e-16
14.5949669 4.54226815175194e-16
14.6121674 5.069924200531165e-16
14.6294088 9.50402253852415e-15
14.6466913 4.65513248511212e-16
14.6640139 5.030833966956398e-16
14.6813784 4.975157480964304e-16
14.6987839 4.726805057124075e-16
14.7162304 4.656876569443092e-16
14.7337189 4.669615298386966e-16
14.7512484 5.263367934668928e-16
14.7688198 4.696213277969769e-16
14.7864332 4.697891814361993e-16
14.8040886 4.693652869316396e-16
14.8217859 1.7741707470083934e-14
14.8395262 4.669591534882472e-16
14.8573084 4.667470573734313e-16
14.8751345 5.094487181740389e-16
14.8930025 5.682886883633202e-16
14.9109135 5.038743893027404e-16
14.9288673 5.897222178647381e-16
14.9468651 1.9089361320954694e-14
14.9649057 5.191715180683544e-16
14.9829903 5.798364303191682e-16
15.0011187 4.76523462738485e-16
15.0192909 1.2422001028510025e-13
15.0375071 4.775961639904028e-16
15.0557671 2.226176308229772e-14
15.0740719 1.3827269891015904e-15
15.0924215 4.814917265752143e-16
15.110816 6.141867692879563e-16
15.1292553 4.777531392544243e-16
15.1477394 4.865767514895094e-16
15.1662683 4.065980426749921e-15
15.1848431 3.63896917478163e-14
15.2034636 5.126277503746309e-16
15.2221298 2.038026142249266e-15
15.2408409 6.424316757923956e-16
15.2595997 4.2247528531004534e-14
15.2784033 5.637520800486553e-16
15.2972546 7.772664144719279e-16
15.3161516 1.9306671626288024e-15
15.3350954 7.038103386214554e-16
15.3540859 1.2623729933029219e-15
15.3731241 3.822257367116464e-15
15.3922091 1.1226255132358483e-14
15.4113417 3.645783499412426e-15
15.430522 1.8660641399699367e-15
15.4497499 1.9063573252224318e-14
15.4690266 5.887736048828222e-16
15.4883509 6.259204159377793e-15
15.5077229 3.899367976319876e-15
15.5271444 2.252939310484115e-15
15.5466137 1.0359892049525424e-15
15.5661325 1.199852769794146e-15
15.5857 1.0700022007605097e-15
15.6053171 6.495051567877524e-16
15.6249838 1.8711728884231024e-15
15.6447001 5.1829541314026124e-15
15.6644659 9.259361042876946e-16
15.6842813 6.468404726471779e-16
15.7041483 6.459523507194871e-16
15.7240639 5.572400765252618e-16
15.744031 3.5036071567704254e-15
15.7640495 1.3744289138021397e-15
15.7841177 6.710478343240101e-16
15.8042383 6.484275752003123e-16
15.8244095 9.985860467253098e-16
15.8446321 6.673833340390646e-16
15.8649073 9.288050567013368e-16
15.8852339 5.98880578984297e-16
15.905612 5.338373186648075e-16
15.9260435 6.971149028588931e-16
15.9465275 5.935651937702596e-16
15.9670639 5.897051179236204e-16
15.9876528 2.922449963134484e-15
16.0082951 1.0086918932194714e-13
16.0289917 5.225206325239578e-16
16.0497417 6.272744821719278e-16
16.0705452 1.7060499336691074e-15
16.0914021 5.371949790551693e-16
16.1123123 5.477790412358945e-16
16.1332798 5.24509296872333e-16
16.1542988 7.10246022676894e-16
16.175375 5.220690204990845e-16
16.1965065 5.27753344248265e-16
16.2176914 5.342323045922706e-16
16.2389336 2.2808847596914805e-15
16.2602291 5.27998553116963e-16
16.2815819 5.251914107954173e-16
16.3029919 5.354014982893489e-16
16.3244572 5.932766134188904e-16
16.3459797 3.0143218882067777e-15
16.3675575 5.369024844675192e-16
16.3891945 5.285565204461705e-16
16.4108868 5.267261791029084e-16
16.4326382 5.274665471026559e-16
16.4544468 5.352174849684428e-16
16.4763126 7.510528219643402e-16
16.4982376 6.38287467139445e-16
16.5202198 5.295734469318026e-16
16.5422611 6.324327030626645e-16
16.5643616 1.4020423821807333e-14
16.5865231 8.286595492972985e-16
16.6087418 5.32475911422544e-16
16.6310196 8.496920300917596e-15
16.6533585 8.180448046225204e-16
16.6757565 2.859395815163399e-15
16.6982155 6.52604466678587e-16
16.7207355 5.703513084871677e-16
16.7433167 6.725597028612482e-16
16.7659569 5.879226418722701e-16
16.78866 8.134012870955402e-14
16.8114243 1.2076795503566778e-15
16.8342495 7.073383570527953e-16
16.8571396 6.368196298355315e-16
16.8800888 1.1743500653968371e-15
16.9031029 1.1704571652024608e-15
16.926178 4.656142368551283e-16
16.9493179 1.1327400412246379e-15
16.9725189 1.4079321860958467e-15
16.9957848 1.7882228390119702e-15
17.0191154 2.3404240235126808e-15
17.0425091 1.0385099477472109e-13
17.0659676 3.498759326520922e-15
17.0894909 9.560522635333404e-14
17.1130791 6.590066178474223e-16
17.1367321 8.555682936804745e-16
17.16045 1.1833759934824565e-15
17.1842346 1.1622144162781014e-15
17.208086 7.483112336967087e-15
17.2320023 4.916176902742626e-16
17.2559853 1.4538464034509062e-15
17.280035 7.785258477739427e-16
17.3041534 6.295434653111616e-16
17.3283386 9.77734775996825e-16
17.3525906 1.062814509104256e-15
17.3769112 7.075404610866039e-16
17.4012985 1.2814291035081514e-14
17.4257565 1.0868036634844291e-15
17.4502831 7.393175086434733e-16
17.4748783 1.0217310702807019e-15
17.4995422 1.844401716196819e-15
17.5242767 6.211417220492877e-16
17.5490818 6.39066893247652e-16
17.5739555 6.301919643553025e-16
17.5989017 1.4843770851999262e-15
17.6239166 1.2530844927885316e-15
17.6490059 5.983203704782041e-16
17.6741638 8.457935574381547e-16
17.6993942 6.906870389723318e-16
17.7246971 5.430668366130644e-16
17.7500725 5.667431597007719e-16
17.7755222 1.915923435071272e-14
17.8010426 5.588570721986178e-16
17.8266373 5.06517042375259e-16
17.8523064 5.952767847239009e-16
17.8780479 5.143771376560005e-16
17.9038639 6.586050193077739e-16
17.9297562 5.579343802751817e-16
17.9557228 5.248630103886102e-16
17.9817638 5.266342039694513e-16
18.0078812 4.907785366335276e-16
18.0340748 5.269221925005013e-16
18.0603447 5.165345656688314e-16
18.0866909 5.059878735690389e-16
18.1131134 5.117124456456986e-16
18.1396141 4.967521988666455e-16
18.166193 5.081246863656982e-16
18.1928482 5.046361621497287e-16
18.2195835 4.944785194418378e-16
18.246397 5.240917465848985e-16
18.2732887 5.535697555934648e-16
18.3002605 4.90696045702933e-16
18.3273125 5.017270376810789e-16
18.3544426 4.889403479850857e-16
18.3816547 6.046550753182945e-16
18.4089489 6.62243520687533e-16
18.4363213 8.956516939650361e-16
18.4637775 6.126630442642133e-16
18.4913158 4.906729863936987e-16
18.5189342 5.396765771311228e-16
18.5466366 8.52253563001798e-16
18.5744228 6.159501850971975e-15
18.6022911 5.716710792987947e-16
18.6302433 4.781337249255153e-14
18.6582794 4.891980535353917e-16
18.6864014 7.01713538904285e-16
18.7146072 4.774071757655946e-16
18.742897 1.3633032699539957e-15
18.7712746 5.727094134530564e-16
18.7997379 5.14311883508247e-16
18.8282871 6.037168863507532e-16
18.8569221 1.6420497853769455e-15
18.8856468 1.3222795368263528e-15
18.9144573 4.844219787412021e-16
18.9433575 7.513024153216569e-15
18.9723434 5.354932383340983e-13
19.001421 1.083532381738167e-14
19.0305862 4.1460499805626026e-15
19.0598412 6.1197729467102646e-15
19.0891876 5.127333738913835e-16
19.1186237 1.4683877764817097e-15
19.1481495 5.121204668392203e-16
19.1777687 7.339793544526485e-16
19.2074776 1.9430451266321903e-15
19.2372799 5.47186300300791e-16
19.2671757 5.344191758832269e-16
19.297163 3.455220514332619e-15
19.3272438 8.009677182412181e-16
19.35742 1.5912966275475628e-15
19.3876896 4.385831167803267e-15
19.4180546 1.1076601076564689e-15
19.448513 5.775019705567927e-16
19.4790688 6.093029841206568e-16
19.5097198 5.906286599131905e-16
19.5404682 6.102342926360185e-16
19.5713139 6.072849362701041e-16
19.6022568 7.200510597955896e-16
19.633297 6.550808778146443e-16
19.6644363 6.087899598043114e-16
19.6956749 6.070176826748013e-16
19.7270126 5.999246488845812e-16
19.7584496 7.555579399846026e-16
19.7899876 6.801093256061855e-16
19.8216267 2.815827825807061e-15
19.8533669 6.340880862886215e-16
19.8852081 7.147905306538495e-16
19.9171524 7.071872245482422e-16
19.9491997 6.371566237482747e-16
19.9813499 6.223225457501283e-16
20.0136051 6.970842063203888e-16
20.0459633 6.26899043381995e-16
20.0784264 6.592642032172198e-16
20.1109943 6.456548409468955e-16
20.1436691 6.403484340628454e-16
20.1764488 6.851186820149339e-16
20.2093372 6.504492012370653e-16
20.2423306 6.514847621306735e-16
20.2754345 6.798117291686807e-16
20.3086452 6.782147562026792e-16
20.3419666 7.074064235468298e-16
20.3753948 6.479713155822878e-16
20.4089355 7.121757628846635e-16
20.442585 7.0814282207942935e-16
20.476347 6.893094181540357e-16
20.5102196 8.192193955750908e-16
20.5442066 7.878854229482449e-16
20.5783043 8.766366092689922e-16
20.6125164 8.849491718654555e-16
20.646841 7.290765676253397e-16
20.681282 9.903236465958112e-16
20.7158375 7.317508825934171e-16
20.7505074 6.953636562542105e-16
20.7852955 7.115410652633752e-16
20.8201981 8.100338580107838e-16
20.8552208 1.1624514458121602e-15
20.8903599 1.066346891483125e-15
20.9256172 6.833369394393453e-15
20.9609947 2.912691554622766e-15
20.9964924 9.51017090746036e-16
21.0321102 7.544354821124415e-16
21.0678482 6.842681333931255e-16
21.1037083 7.823557948869949e-16
21.1396904 7.50096403643182e-16
21.1757965 7.212233161274819e-16
21.2120247 7.38270049654454e-16
21.2483788 3.0254846115532545e-15
21.2848568 7.36696525421939e-16
21.3214607 2.7692512823820065e-15
21.3581886 7.633427871675275e-16
21.3950462 7.727005156902475e-16
21.4320297 7.46259656638065e-16
21.469141 7.811552255388261e-16
21.506382 7.263649104744149e-16
21.5437508 7.204808912697765e-16
21.5812511 1.010460924008049e-15
21.6188831 2.2165891987998465e-13
21.6566448 5.164541476355531e-15
21.69454 2.3614605421003104e-15
21.7325668 9.832843498110354e-16
21.7707272 1.093529664544826e-15
21.8090229 3.3694309182940214e-14
21.8474522 9.937976466470115e-16
21.8860188 8.007388175312659e-16
21.9247208 7.583412946324976e-16
21.9635601 9.52978483134452e-16
22.0025368 7.766040348504312e-16
22.0416527 1.7401942468821661e-15
22.0809078 1.3797346204878607e-13
22.1203022 1.9378294264263795e-15
22.1598377 8.219058088433411e-16
22.1995163 1.0929755768550591e-15
22.239336 7.546870842984241e-16
22.2792988 7.721978071940907e-16
22.3194046 9.583179899902459e-16
22.3596573 8.633877853509292e-16
22.400053 7.722084020191215e-16
22.4405975 7.738789853547327e-16
22.481287 7.704611109533213e-16
22.5221252 8.098076970176531e-16
22.5631123 7.70959667594335e-16
22.604248 7.825104783410021e-16
22.6455345 7.783138703629708e-16
22.6869717 7.803330496437726e-16
22.7285614 1.0680201281726545e-15
22.7703037 8.477496534754462e-16
22.8121986 8.767457395483616e-16
22.85425 1.894768202901881e-15
22.8964558 1.2131902812217358e-15
22.9388161 1.008560359382444e-15
22.9813347 8.77367052149759e-16
23.0240116 1.7944629329770954e-15
23.0668468 8.104905463971453e-16
23.1098423 8.98387856276238e-16
23.152998 8.476902565377002e-16
23.1963158 1.237321618610194e-15
23.2397957 1.1228913005517535e-15
23.2834377 1.0730256386310246e-15
23.3272457 1.1010081959472646e-15
23.3712177 8.405248248769188e-16
23.4153557 9.195197848859623e-16
23.4596615 1.901189351325269e-15
23.5041351 9.024445354173093e-16
23.5487766 8.357677555163465e-16
23.5935898 1.0141065930343267e-15
23.6385727 8.549009780552731e-16
23.6837273 8.021922533889689e-16
23.7290554 8.512008364651868e-16
23.7745571 1.1632925694989762e-15
23.8202324 9.867737723584018e-16
23.8660851 8.124894119010508e-16
23.9121151 9.001451504842383e-16
23.9583206 8.884879317273397e-16
24.0047073 8.862072919792046e-16
24.0512733 1.255058348824045e-15
24.0980206 1.7339828014717322e-15
24.144949 1.6814731036740756e-15
24.1920624 1.19560404281035e-15
24.239357 9.795489756077736e-16
24.2868404 1.866874992436808e-15
24.334507 8.66721607981508e-16
24.3823624 8.42963079516883e-16
24.4304066 1.2831284276982675e-15
24.4786415 8.491140469647835e-16
24.5270653 1.1028565856218856e-15
24.5756836 1.919883156897043e-15
24.6244926 9.46529259839857e-16
24.6734962 1.0509617978904661e-15
24.7226963 1.0879427808381071e-15
24.7720928 3.134911746495495e-14
24.8216858 1.1007447810366434e-15
24.871479 9.312779604637755e-16
24.9214725 1.7131258059442184e-15
24.9716663 1.8582510577811295e-15
25.0220642 9.167618133203767e-16
25.0726643 1.2017691220067566e-15
25.1234703 8.92857189228743e-16
25.1744823 9.426755926714843e-16
25.2257023 8.472990916150196e-16
25.2771301 8.52106519986231e-16
25.3287697 1.5344021860809568e-15
25.380619 9.297764795730694e-16
25.432682 8.28725885795958e-16
25.4849586 8.548787808029831e-16
25.5374527 1.923277928675042e-15
25.5901604 9.99141615195157e-16
25.6430874 1.2182991039179014e-15
25.6962337 1.3880530305706058e-15
25.7496014 1.2338893370606547e-15
25.8031902 1.3018786031303979e-15
25.8570042 1.6108460282003397e-15
25.9110413 8.588489122342759e-16
25.9653053 1.818180907201295e-15
26.0197964 2.787617934167715e-15
26.0745182 9.070127774549525e-16
26.1294708 1.0002296063531865e-15
26.1846542 8.649475686838276e-16
26.2400703 9.024996873534833e-16
26.295723 1.1636978500728942e-15
26.3516121 1.947638152906925e-15
26.4077396 1.0031725869732251e-15
26.4641056 1.159992567089554e-15
26.5207138 8.182887283964823e-16
26.5775642 1.1822707322090382e-15
26.6346588 9.491529862435147e-16
26.6919994 1.5516295642059656e-15
26.749588 9.213531239272844e-16
26.8074245 1.3950624650672385e-15
26.8655128 8.97941191325254e-16
26.9238529 1.1252899508973652e-15
26.9824467 3.757383597800056e-15
27.041296 1.3081950917252874e-15
27.1004028 8.007991889599425e-16
27.1597691 1.171050206807141e-15
27.2193947 1.1921906203229759e-15
27.2792835 9.15552905379562e-16
27.3394375 1.1042750604489535e-15
27.3998566 2.2484260152110515e-15
27.4605427 2.4293050883316666e-15
27.5214977 1.0074511229427364e-15
27.5827255 8.96376125278145e-16
27.6442261 1.1567225516441338e-15
27.7060013 8.30824911024864e-16
27.7680531 1.1805191585223176e-15
27.8303833 1.2624669561806865e-15
27.8929939 1.7250984629049218e-15
27.9558868 5.121172995136597e-15
28.0190639 1.1438747940677876e-15
28.0825272 1.6058858038586829e-15
28.1462784 1.2450635762384869e-15
28.2103195 1.3796690767720665e-15
28.2746544 9.262808520940226e-16
28.339283 1.3503890491344792e-15
28.4042053 1.0390412991748057e-15
28.469429 5.939846888266003e-15
28.5349503 1.3350930802110205e-15
28.6007748 9.719431273328818e-16
28.6669044 1.333227965910368e-15
28.7333412 8.43528779022371e-16
28.8000851 4.457986746200401e-15
28.8671398 1.0960085727015235e-15
28.9345074 1.4593829913047887e-15
29.0021915 9.441501666125827e-16
29.0701923 1.1563830350603839e-15
29.1385117 4.8859114864374776e-15
29.2071533 2.3395542099049387e-15
29.2761211 9.921459768888475e-16
29.3454132 9.62017721716405e-16
29.4150352 1.2384778981770767e-15
29.4849873 1.3576081068636712e-15
29.5552731 3.0719620687398124e-15
29.6258965 1.2603093822607346e-15
29.6968555 7.744393682019187e-16
29.768158 9.180188285050578e-16
29.8398018 1.4565048153413967e-15
29.9117928 1.0531530843703287e-15
29.9841309 1.467629883858773e-15
30.0568199 1.226075177402607e-15
30.1298618 7.707251313670792e-16
30.2032604 9.26906646974575e-16
30.2770157 8.48129411557949e-16
30.3511333 1.2276579867801974e-15
30.4256153 5.8526291899321374e-15
30.5004635 1.7877716347635208e-15
30.5756817 8.82475466870467e-16
30.6512699 1.2185881131578054e-15
30.7272339 7.9723505028945665e-16
30.8035755 1.0385312431017659e-15
30.8802967 1.4916558699830839e-15
30.9574013 1.0400751175489325e-15
31.0348911 2.9633339380165276e-15
31.112772 1.5436651332991216e-15
31.1910419 8.049996603341642e-16
31.2697086 1.9202040550517836e-15
31.348772 5.0749330701592206e-15
31.4282379 7.342032367748662e-16
31.5081062 9.01462117763316e-16
31.5883827 1.147176852452223e-15
31.6690674 2.0976198614235204e-15
31.7501659 9.96150943853229e-16
31.8316822 9.08425131539413e-16
31.9136181 9.27197322188528e-16
31.9959755 1.4021111714961357e-15
32.0787582 8.518747319128057e-16
32.161972 2.563670300749196e-15
32.2456207 5.004082260275608e-15
32.3297005 7.814478509707019e-16
32.4142265 2.7418311813246687e-15
32.4991913 1.5760905258029796e-15
32.5846024 3.972545824040674e-15
32.6704636 2.6319688818311188e-15
32.7567787 9.246794923332931e-16
32.8435555 1.4058905918707601e-15
32.9307861 1.9770746892387736e-15
33.018486 1.257374430258235e-15
33.1066551 7.277191096541581e-16
33.1952934 9.556734256538373e-16
33.2844086 1.9333378549827957e-15
33.3740044 1.485636346568474e-15
33.4640808 8.878362526918719e-16
33.5546494 3.248358614969888e-15
33.6457062 1.747883812329611e-15
33.7372589 1.9762510173731262e-14
33.8293114 1.8958071089049854e-15
33.9218674 2.0621306712473872e-15
34.0149345 7.224233189735102e-16
34.1085091 1.3905545172235686e-15
34.2026024 1.5537018059863065e-15
34.2972145 2.070814938868637e-15
34.3923531 7.892927807571368e-16
34.4880219 2.0877778990968952e-15
34.5842209 7.489636098770344e-16
34.6809616 1.5558422558169276e-15
34.778244 1.063345626062832e-15
34.8760757 1.5084110686503862e-15
34.9744568 1.0863889361478607e-15
35.0733948 1.590460718118655e-15
35.1728935 2.206929330283685e-15
35.2729568 1.129378193079662e-15
35.3735962 1.4260465965331687e-15
35.4748077 9.182511129528676e-16
35.5765991 1.6570346087260646e-15
35.678978 1.1584773259002734e-15
35.7819481 1.5871615666000003e-15
35.8855171 6.71919930060139e-16
35.9896851 1.3421464961704301e-15
36.0944557 6.671419553409266e-16
36.1998444 8.203821571809177e-16
36.3058472 1.9888695982996142e-15
36.4124718 7.108758122427884e-15
36.5197258 2.916893747899775e-15
36.6276131 7.256520359720853e-16
36.7361374 7.045806367166375e-15
36.8453102 1.879348429428589e-15
36.9551353 7.565148135759548e-16
37.0656128 1.1436564970594778e-15
37.176754 6.93328436181705e-16
37.2885666 1.0768869125995036e-15
37.4010506 8.70668690233498e-16
37.5142136 1.0994050353590782e-15
37.628067 1.2292670105344893e-15
37.7426147 5.962614080049312e-15
37.8578568 1.014964497534952e-15
37.9738083 8.692291279942778e-16
38.0904732 6.128623857595786e-16
38.2078552 9.43395588243397e-16
38.3259659 1.0986911406446022e-15
38.4448051 1.144421374339585e-15
38.5643845 1.12141413734506e-15
38.6847115 1.1519230329146295e-15
38.8057899 1.2394470845666383e-15
38.9276314 1.852477252242382e-15
39.0502396 1.2002495644151247e-15
39.1736183 7.622836881563109e-16
39.2977829 5.535083321678604e-15
39.4227371 7.541270436126635e-16
39.5484886 1.0714267857338502e-15
39.675045 1.0216343192280582e-15
39.8024139 1.3907952546804978e-15
39.930603 6.652250762590387e-16
40.0596199 6.293802506634204e-16
40.1894722 2.8396260081102445e-15
40.3201714 1.5641923985889257e-15
40.4517212 6.338139791368902e-16
40.5841331 2.4652027551522965e-15
40.7174149 7.440232738025792e-16
40.8515778 3.1287830854035305e-15
40.9866219 1.81268610764833e-15
41.1225662 7.01297957670523e-16
41.2594147 5.853784443992759e-16
41.3971748 6.628135592026734e-16
41.535862 1.0300508561068676e-15
41.6754799 1.224031802016334e-15
41.8160362 5.718782749227069e-16
41.9575462 1.113172107360494e-15
42.1000175 7.486953789028518e-16
42.2434616 1.801445731753143e-15
42.3878822 6.037207346485958e-16
42.5332985 1.979978130478127e-15
42.6797142 5.752843624546833e-16
42.8271408 6.302836452038589e-16
42.9755859 7.045957651417487e-16
43.1250687 7.05167012789386e-16
43.2755928 7.527185498406856e-16
43.4271736 8.048858208661339e-16
43.5798187 1.1093632683670843e-15
43.7335396 2.4585816107926217e-15
43.8883476 5.795192497392498e-16
44.0442581 2.5261883392546038e-15
44.2012787 3.736770283502957e-15
44.3594246 6.362028247609794e-16
44.5187073 6.492278413899076e-16
44.6791344 9.695690129915644e-16
44.8407249 6.392747325366069e-16
45.0034866 6.504355392316182e-16
45.1674347 5.650163771016922e-16
45.3325806 1.2395511411152906e-15
45.4989395 1.272623105128495e-15
45.6665268 1.924068266217773e-15
45.83535 5.896903016941711e-16
46.0054245 5.710697143752021e-16
46.1767693 6.634073200049641e-16
46.3493958 2.1304893811260143e-15
46.5233154 8.631626096033277e-16
46.6985435 2.104401292340594e-15
46.8750992 5.575339834313667e-16
47.0529976 5.39439797263247e-16
47.2322464 8.054912740703233e-16
47.4128685 5.838534594032719e-16
47.5948753 7.862598763034288e-16
47.7782898 5.926912800104698e-16
47.9631195 5.769592084032332e-16
48.1493835 1.1588189936591756e-15
48.337101 6.10804474196669e-16
48.5262909 5.451834001989219e-16
48.7169647 5.395348372080856e-16
48.9091454 8.298945776068145e-16
49.1028442 1.881404550196796e-15
49.2980881 5.461098194962661e-16
49.4948883 6.971425896561718e-16
49.693264 5.565932599971309e-16
49.8932381 5.237115309600485e-16
50.0948296 7.592470956201459e-16
50.2980576 2.9411039057207547e-15
50.5029373 2.043481833791191e-15
50.7094955 6.706541796107161e-16
50.9177513 5.249872853825271e-16
51.1277199 5.701572247745668e-16
51.3394318 6.141609793675987e-16
51.5529022 5.98890895650576e-16
51.768158 4.427808145741795e-16
51.985218 4.256048228999047e-16
52.2041054 1.2053266912789546e-15
52.4248428 5.894844276863224e-16
52.6474533 5.843217953926921e-16
52.8719673 2.547651419740978e-15
53.0984001 7.271857498062687e-16
53.3267822 4.694995897553871e-16
53.5571404 4.315111638403189e-16
53.7894936 4.561415641779955e-16
54.0238724 2.0984329518305915e-15
54.2603035 5.702408546591774e-16
54.4988098 5.963861758772222e-16
54.7394257 3.429534233209529e-15
54.9821777 7.704722893512818e-16
55.2270889 4.787016399707675e-16
55.4741898 5.315911024166725e-16
55.7235146 7.750384475716348e-16
55.9750938 5.063075377972294e-16
56.2289505 7.479753931779489e-16
56.4851227 5.768077694085461e-16
56.7436371 4.157332305277328e-16
57.004528 4.058411486506437e-16
57.2678337 4.694593704233604e-16
57.5335808 3.9180241773596667e-16
57.8018036 1.2057890629864605e-15
58.0725403 5.871657083725064e-16
58.345829 9.884516926684946e-16
58.6216965 6.588710511307801e-16
58.9001884 7.444617503705844e-16
59.1813393 4.482877033001639e-16
59.4651833 2.252102265570374e-15
59.7517662 5.846248858057052e-16
60.0411263 4.518751780223058e-16
60.3333015 3.8445766057615237e-16
60.6283302 4.916012218588921e-16
60.9262619 5.140320958770174e-16
61.2271385 5.79548548821025e-16
61.5309982 4.500110802196687e-16
61.8378906 4.3051803766422107e-16
62.1478577 4.588006547125095e-16
62.4609489 5.009080080955837e-16
62.7772102 1.999861664496915e-15
63.0966911 7.337764487418474e-16
63.4194412 1.0343464568842773e-15
63.7455101 3.732737296098331e-15
64.0749512 1.0721814632143354e-15
64.4078064 3.506365483627919e-16
64.7441483 5.189960850231529e-16
65.0840149 4.3170495821797232e-16
65.427475 3.495597511648664e-16
65.7745743 8.288562177857366e-16
66.1253738 2.0583035384151012e-15
66.4799423 2.5122507271500144e-15
66.8383255 3.2332149867175695e-16
67.2005997 4.660293738000952e-16
67.5668182 4.0645070659968873e-16
67.9370575 3.4891424263422745e-16
68.3113708 3.2026880857046117e-16
68.6898346 3.9869975034761683e-16
69.0725098 4.65263555680763e-16
69.4594803 3.129215747466834e-16
69.8508072 4.262959412850997e-15
70.2465668 5.76938636006698e-16
70.646843 4.0186478067375413e-16
71.0516968 3.094436114972387e-16
71.4612274 1.1743828034993856e-15
71.8755035 3.088921982864659e-16
72.2946091 3.166908520575084e-16
72.7186279 3.1508669670447964e-16
73.1476593 3.0022471571724734e-16
73.5817719 1.5931925800016916e-15
74.0210724 2.93392549166943e-16
74.4656525 4.1186240175695097e-16
74.9156036 1.1258880124808455e-15
75.3710327 4.626328556217053e-16
75.8320236 6.351739411748935e-16
76.2986908 6.489806357744489e-16
76.7711334 4.884900260476896e-16
77.2494736 2.7170060256730827e-16
77.7338028 3.376364435248044e-16
78.2242432 2.5868820612477104e-16
78.7209167 2.932421296013152e-16
79.223938 5.137648303433205e-16
79.733429 2.913851033135339e-16
80.2495117 2.6271695697272997e-16
80.7723236 3.479872096759833e-16
81.3019867 2.9576058963864455e-16
81.8386459 4.49657824098445e-16
82.3824387 2.7508868364151875e-16
82.9335022 3.004527045908645e-16
83.4919891 2.7434884829246923e-16
84.0580521 3.1865478515394146e-16
84.6318359 2.382607896283788e-16
85.2135162 2.0152498982210236e-16
85.8032379 2.422936556423718e-16
86.4011841 2.3701462486246406e-16
87.0075226 2.0702865101900958e-16
87.6224365 1.9770340518339768e-16
88.2461014 5.007603965823039e-16
88.8787003 2.2564072984057483e-16
89.5204391 2.023340244413114e-16
90.1715164 1.9812196427787746e-16
90.8321304 2.827117026732575e-16
91.5024948 1.9059223745604533e-16
92.1828308 3.92574951784828e-16
92.8733597 1.645328406542853e-16
93.5743103 2.788528988968675e-16
94.2859268 1.5911429531950595e-16
95.0084457 1.5900577942006192e-16
95.7421188 1.5893905176305524e-16
96.4872208 2.1706269777072496e-16
97.2440033 1.7025049191279548e-16
98.0127563 4.511698964682933e-16
98.7937546 1.5356622704557918e-16
99.5873032 1.4067883531349457e-16
100.393707 1.7692836317935725e-16
101.213272 1.5544269940283358e-16
102.046333 2.725829072544599e-16
102.893219 3.452978510514616e-16
103.75428 1.610877767529001e-16
104.629875 1.3595376441814052e-16
105.520378 1.2242496641784216e-16
106.426163 1.4503351078436284e-16
107.347641 1.1868501691738059e-16
108.28521 1.1507150473339683e-16
109.239296 1.1239996104947722e-16
110.21035 1.0893700904011556e-16
111.198822 1.0863255131777933e-16
112.205193 1.0133925468749769e-16
113.229935 1.0102898941722909e-16
114.273575 9.899015548989596e-17
115.336632 1.189539030012973e-16
116.419655 1.015940102990007e-16
117.523209 1.0128964946073365e-16
118.647881 8.685181063583077e-17
119.794289 1.6124201369075634e-16
120.963074 8.44301766954505e-17
122.154884 8.608011914265777e-17
123.370415 8.299060131370816e-17
