WAVELENGTH FLUX
123.37041424455447 9.757645614949352e-17
122.15488289749563 1.0532125995364582e-16
120.96307094517418 6.57898181091784e-17
119.79429080377145 1.2629308270907616e-16
118.64788121153846 9.412632260198628e-17
117.52320598113208 8.227342087812766e-17
116.41965282225355 8.204266429512952e-17
115.33663223001035 1.0098753525194541e-16
114.27357643476043 8.275903701700246e-17
113.2299384095079 7.920508680469629e-17
112.20519093120393 1.0668193395750587e-16
111.19882569256755 8.01513261162825e-17
110.21035246128316 1.2427069536216996e-16
109.23929828365159 9.641973999435913e-17
108.28520672997709 3.9702327166134116e-16
107.34763717916039 9.021816244105234e-17
106.42616414014145 1.3485656105746727e-16
105.5203766079965 9.34153067776766e-17
104.62987745264205 9.845812449982595e-17
103.75428283823527 3.604390162195884e-16
102.89322167148758 1.1690642743721738e-16
102.04633507722528 1.2888994196481854e-16
101.21327589964012 2.329078182379742e-16
100.39370822777339 1.3355903310243934e-16
99.58730694387096 1.0827127890706677e-16
98.79375729333331 1.1707754525157992e-16
98.01275447506559 1.1974276752163098e-16
97.24400325110726 1.1035225017618385e-16
96.48721757449125 1.1304855995508366e-16
95.74212023434703 1.1283468717654925e-16
95.00844251732235 1.0882044662505458e-16
94.28592388445522 1.1889729751690922e-16
93.57431166267939 1.1771610919457917e-15
92.87336075019637 1.1628119970809977e-16
92.18283333499168 1.929134194937455e-16
91.50249862581697 1.422481670232733e-16
90.83213259499783 1.9725894428564838e-16
90.17151773246586 1.5923288380310074e-16
89.52044281044726 1.39064197272801e-16
88.87870265827335 1.3617712282999667e-16
88.24609794680848 1.5446915483701584e-16
87.62243498201974 1.3022830586025181e-16
87.00752550723921 1.279272458739438e-16
86.40118651369461 1.3250631097732715e-16
85.80324005890802 1.354305474307787e-16
85.21351309258381 1.3108452164938467e-16
84.63183728962815 1.3295905473920065e-16
84.05804888996137 1.354820964538069e-16
83.49198854480316 1.392812199992012e-16
82.9335011691275 1.661128499949633e-16
82.38243579999997 1.4123334381752175e-16
81.83864546052628 1.47590277761461e-16
81.30198702915375 1.469993989348112e-16
80.77232111408196 1.4952072573303988e-16
80.24951193255129 1.5178602990426805e-16
79.73342719478906 1.5068385152788558e-16
79.22393799240565 1.5248189382828505e-16
78.72091869104246 1.611554442047523e-16
78.2242468270838 1.6532756140268157e-16
77.73380300825468 1.6645623137508453e-16
77.24947081793475 1.626273354361009e-16
76.77113672302734 1.760459974935456e-16
76.2986899852306 1.966521836517285e-16
75.83202257556484 1.9081029565760296e-16
75.37102909201771 1.7142116571032514e-16
74.91560668017522 1.6917625711729572e-16
74.46565495671305 1.839696871116265e-16
74.02107593562872 1.7239983197875533e-16
73.58177395710055 1.96243552193517e-16
73.14765561886526 1.7866141110838088e-16
72.71862971001029 1.7584895777001822e-16
72.29460714708279 1.7781683944603084e-16
71.87550091242099 1.8266837252283182e-16
71.46122599461826 1.8638404660044546e-16
71.05169933103444 1.8267839988227374e-16
70.6468397522727 1.8859334428065476e-16
70.24656792854388 1.8494393475691122e-16
69.85080631784419 2.3080763213442685e-16
69.45947911587467 1.8614993334175422e-16
69.07251220763497 1.9228114254949151e-16
68.68983312062612 2.010094888605206e-16
68.31137097960047 1.9208966945692233e-16
67.93705646279946 2.1889169727626279e-16
67.56682175962221 2.1253778842018677e-16
67.20060052967094 2.1739040795926123e-16
66.83832786312115 2.081164359217292e-16
66.47994024236671 4.715381211483537e-16
66.12537550489245 3.892690527236415e-16
65.77457280732858 2.6213466971497167e-16
65.42747259064325 2.4041587076704966e-16
65.08401654643149 2.1226556304704697e-16
64.74414758426045 2.1520399300719617e-16
64.40780980003235 2.1427575055203616e-16
64.07494844532876 2.3631155869527583e-16
63.74550989770021 4.989230615805322e-16
63.4194416318681 2.860122770712917e-16
63.09669219180562 2.5426365594784734e-16
62.777211163667104 3.6638257619342214e-16
62.46094914953553 2.253033693522438e-16
62.147857741959776 2.338815015383002e-16
61.837889499253706 2.3803432483503144e-16
61.530997921530926 2.43894015489245e-16
61.22713742744961 2.549215388846507e-16
60.92626333164297 2.384650820675916e-16
60.628331822812015 2.5979207871862833e-16
60.333299942457934 2.39719658377665e-16
60.04112556423242 2.5475840215238057e-16
59.751767373885144 2.6287826910693393e-16
59.46518484978834 3.0781457424885166e-16
59.1813382440191 3.258713427136223e-16
58.900188563981004 3.0670900780035217e-16
58.621697554547055 2.562996233190372e-16
58.34582768070685 2.762065606668335e-16
58.07254211070156 2.71657912170064e-16
57.80180469963048 4.2810526121534064e-16
57.53357997351417 2.7600567674592477e-16
57.26783311379925 2.747368117254382e-16
57.00452994229059 2.629578062316377e-16
56.74363690649739 2.910150679442824e-16
56.48512106537979 2.6248618618542266e-16
56.22895007548331 2.7088078722083197e-16
55.97509217744891 2.800933953591366e-16
55.72351618288689 2.697586955622494e-16
55.474191461603105 2.6943558119154294e-16
55.227087929166636 2.7796870009950065e-16
54.98217603480823 2.880796751736094e-16
54.739426749639364 6.682993070945802e-16
54.49881155518198 2.9158392762986276e-16
54.26030243219947 2.927156516600686e-16
54.023871849819606 4.974874665980189e-16
53.78949275494069 2.920166284785902e-16
53.55713856191219 3.02931781024705e-16
53.326783142481844 3.252763223483303e-16
53.09840081600085 3.1334666035303474e-16
52.87196633987995 3.6106829365546925e-16
52.647454900288466 3.6373956320387687e-16
52.424842103089425 3.383452773787272e-16
52.204103965003696 3.2218566759227055e-16
51.98521690499628 3.124879660093321e-16
51.76815773587863 3.0693188215266656e-16
51.5529036561203 3.056398327513048e-16
51.3394322418641 3.287873171190236e-16
51.12772143913884 3.623697750859885e-16
50.91774955626389 4.2167098489078253e-16
50.70949525644024 4.774439269414243e-16
50.50293755052262 6.362020379019889e-16
50.29805578996738 7.874398382769009e-16
50.09482965995165 3.5892964258881283e-16
49.89323917265835 4.62596731858008e-16
49.69326466072287 3.442037700713795e-16
49.49488677083663 3.4175547404443877e-16
49.298086457503295 4.830974122570757e-16
49.102844976943324 3.535940981932899e-16
48.9091438811428 3.5951116841330503e-16
48.71696501204259 3.280220717539811e-16
48.52629049586395 3.5792217643511095e-16
48.33710273756686 3.5940521866403253e-16
48.149384415437495 3.331304036762662e-16
47.96311847580135 3.6376631020133246e-16
47.7782881278586 3.4313682260994075e-16
47.59487683863835 3.5442180466345707e-16
47.41286832806877 3.45895618538413e-16
47.23224656415985 3.747627169498632e-16
47.052995758295864 4.248225564119008e-16
46.875100360634626 5.420105498605696e-16
46.6985450556107 7.764353561809267e-16
46.52331475753989 4.95765128593154e-16
46.3493946063223 4.527378079975849e-16
46.17676996324139 5.921236758195227e-16
46.00542640685665 3.7884184068108133e-16
45.83534972898727 4.1092026028534488e-16
45.66652593078465 5.295314747575567e-16
45.498941218891375 4.3396629725366207e-16
45.33258200168442 3.573161181953645e-16
45.16743488560051 3.615062785502354e-16
45.00348667154148 3.59493340175972e-16
44.84072435135769 3.7072879226123116e-16
44.67913510440743 3.6311968779629865e-16
44.51870629419043 3.635756136423925e-16
44.35942546505375 4.2474490554149087e-16
44.20128033896795 7.63306269389355e-16
44.044258812372206 6.244600378588655e-16
43.888348953086215 3.970881018427057e-16
43.73353899728759 4.883693374483737e-16
43.57981734655298 3.9625072855458056e-16
43.42717256496133 4.951177855145002e-16
43.275593376257866 5.941272716360472e-16
43.125068661077215 4.07726642311585e-16
42.97558745422432 4.0426640991769313e-16
42.82713894201167 4.0113470886305477e-16
42.6797124596516 4.272542563270803e-16
42.53329748870214 4.057297313025448e-16
42.38788365456541 4.0981513058724695e-16
42.243460724037035 4.881236230474908e-16
42.10001860290554 3.904293357788831e-16
41.95754733360053 4.598583489246184e-16
41.81603709288832 4.138510915871982e-16
41.675478189614246 4.3877909078656933e-16
41.535861062490156 4.453507895724393e-16
41.3971762779264 4.45987580826188e-16
41.259414527906955 4.2323266520458185e-16
41.12256662790695 4.350640309892379e-16
40.98662351485146 6.259742308960913e-16
40.85157624511462 7.806250823851884e-16
40.717415992558216 4.2590898708220145e-16
40.58413404660878 4.369574900096716e-16
40.451721810372334 4.5172219205510165e-16
40.32017079878588 4.3117387140458263e-16
40.18947263680492 7.42006599171323e-16
40.05961905762604 4.270819175418627e-16
39.93060190094386 4.151092992036263e-16
39.802413111241634 5.454529738096213e-16
39.67504473611451 4.445949966103708e-16
39.54848892462503 4.2703861668939014e-16
39.42273792569 4.265858694300092e-16
39.29778408649787 4.3316059037159644e-16
39.17361985095633 4.3081830997630437e-16
39.05023775816913 4.3999593648737184e-16
38.9276304409416 4.582847204036436e-16
38.805790624314234 4.459843144261035e-16
38.68471112412381 4.561598658314189e-16
38.5643848455912 4.486303859418167e-16
38.44480478193564 4.436305098507268e-16
38.325964013014534 4.69111465016673e-16
38.20785570398858 4.589761770245537e-16
38.0904731040113 4.462772171427268e-16
37.973809544942846 4.78505751340258e-16
37.85785844008724 4.576824424831543e-16
37.74261328295275 5.558269677388538e-16
37.62806764603479 4.663750879532211e-16
37.514215179620955 4.770858204646849e-16
37.401049610617676 4.706732796984195e-16
37.288564741398005 4.847554762290809e-16
37.17675444867021 4.822222696818581e-16
37.065612682366584 4.7599597945475135e-16
36.95513346455221 5.437197753151771e-16
36.8453108883531 6.136479313508006e-16
36.73613911690339 7.346925154640547e-16
36.627612382311334 5.912000783988147e-16
36.51972498464339 6.161255103352517e-16
36.41247129092632 5.908417598029617e-16
36.30584573416677 5.094086348826449e-16
36.19984281238809 4.891310519139454e-16
36.09445708768389 4.91950599262667e-16
35.98968318528815 5.780247280370801e-16
35.88551579266145 4.973292009133837e-16
35.781949658593035 5.153186223357447e-16
35.67897959231837 5.303180531359278e-16
35.57660046265189 4.822121132181873e-16
35.474807197134645 4.901282641917267e-16
35.37359478119656 4.9372287293311485e-16
35.272958257332924 4.922328710075319e-16
35.17289272429498 5.110283064728231e-16
35.07339333629421 5.985679489297182e-16
34.97445530222008 5.137156445316241e-16
34.876073884871 5.40396697475169e-16
34.77824440019826 4.954425773688295e-16
34.680962216562584 5.04218884683364e-16
34.584222754003186 5.063414944350761e-16
34.48802148351901 5.057140666909498e-16
34.39235392636194 5.1025023999627e-16
34.297215653341674 5.043259069296928e-16
34.20260228414225 5.168713338093289e-16
34.108509486649695 5.064108695788459e-16
34.01493297629081 5.634189980824842e-16
33.92186851538287 6.778652457481658e-16
33.829311912493836 6.410079019604589e-16
33.73725902181315 2.4755792827746e-15
33.64570574253267 5.522090940051697e-16
33.55464801823773 8.999650173916569e-16
33.46408183630799 5.539728772796345e-16
33.37400322732804 6.728601502230406e-16
33.28440826450746 5.870462698993429e-16
33.195293063110185 5.79138494764912e-16
33.10665377989303 5.537274003610211e-16
33.018486612553176 5.557121191792121e-16
32.93078779918447 6.999263577704302e-16
32.84355361774239 5.307980990103287e-16
32.75678038551742 5.370401459715359e-16
32.67046445861684 5.423341784309664e-16
32.584602231454596 1.2071909356005287e-15
32.49919013624931 5.40773010273405e-16
32.41422464253002 9.01565097961644e-16
32.32970225664979 5.438293299250764e-16
32.2456195213068 6.213521124306684e-16
32.16197301507299 6.572310041603357e-16
32.07875935192993 5.801294938267853e-16
31.995975180811932 6.038109200044372e-16
31.91361718515621 6.579116107498317e-16
31.831682082459935 5.566581492496947e-16
31.750166623844166 5.890172953533157e-16
31.669067593624387 5.72152172965916e-16
31.588381808887654 5.457510942496083e-16
31.508106119076196 5.729661855508419e-16
31.42823740557731 6.064762591581432e-16
31.3487725813195 6.386064822077574e-16
31.269708590374762 6.268752728071458e-16
31.19104240756678 5.852542765871886e-16
31.112771038085146 5.734183779902553e-16
31.034891517105248 7.551487976052372e-16
30.95740090941394 6.099396455700047e-16
30.88029630904081 5.711831224355432e-16
30.80357483889484 5.776868719354159e-16
30.727233650406585 5.642454825593933e-16
30.651269923175633 5.72224066999188e-16
30.575680864623223 5.757182373289025e-16
30.50046370965007 8.465499743216189e-16
30.425615720299156 1.1232041917176232e-15
30.351134185423536 5.771469571162321e-16
30.277016420358976 5.764826600535941e-16
30.203259766601366 5.759985484671828e-16
30.12986159148889 5.854069483597108e-16
30.05681928788874 5.855517894935462e-16
29.98413027388846 5.833508837516669e-16
29.911791992491683 5.823143344043005e-16
29.839801911318332 6.32670642497575e-16
29.768157522309057 6.141819150477755e-16
29.69685634143401 6.34373528241105e-16
29.625895908405735 7.15866475009713e-16
29.555273786396164 8.427277288519799e-16
29.484987561757706 7.335179844197322e-16
29.415034843748224 6.39145167430361e-16
29.345413264260007 5.971128624982858e-16
29.276120477552503 6.111596899744788e-16
29.207154159988878 6.984324164374053e-16
29.138512009776285 6.329727095794493e-16
29.070191746709746 6.371105809157315e-16
29.002191111919704 6.164763560226798e-16
28.93450786762301 6.19836015554558e-16
28.867139796877524 6.194026776388317e-16
28.80008470333997 6.500328944749338e-16
28.73334041102731 6.083386533613221e-16
28.666904764081323 6.110463270637524e-16
28.60077562653652 6.067545469986906e-16
28.53495088209119 6.184293239821324e-16
28.469428433881664 1.04417794882353e-15
28.404206204259633 7.399464859976242e-16
28.339282134572564 7.711985481082202e-16
28.274654184947092 6.790751600006277e-16
28.210320334075362 6.490239543336064e-16
28.146278579004306 6.272131900291492e-16
28.082526934927795 6.196252866372856e-16
28.019063434981547 6.44199604566466e-16
27.95588613004086 6.476266183384031e-16
27.892993088521088 7.714995444655899e-16
27.830382396180763 6.494824312398623e-16
27.768052155927386 6.537495700865072e-16
27.70600048762582 6.266045859939372e-16
27.644225527909224 6.447506153173155e-16
27.582725429992557 6.576045281571423e-16
27.521498363488526 7.68082977716632e-16
27.46054251422599 7.669394793439024e-16
27.39985608407078 6.551368070242534e-16
27.33943729074888 6.471163020220839e-16
27.279284367671956 6.299085302774634e-16
27.21939556376516 6.41649081035228e-16
27.15976914329723 6.488755814588356e-16
27.100403385712763 6.424836949281959e-16
27.041296585466775 9.254475624350997e-16
26.982447051861307 8.489270227561588e-16
26.923853108884263 6.45042101017199e-16
26.86551309505027 6.608227065860175e-16
26.807425363243645 6.559338386524213e-16
26.7495882805634 6.446241783449095e-16
26.69200022817017 6.982234861976713e-16
26.634659601135244 7.453885066260859e-16
26.577564808291417 6.821692703340398e-16
26.520714272085854 6.59883564022917e-16
26.464106428434732 6.92749017019932e-16
26.40773972657985 6.560205755165368e-16
26.351612628946995 7.591504549353496e-16
26.295723611006135 7.119543064625932e-16
26.240071161133393 6.595215282747484e-16
26.184653780474733 6.551933606146319e-16
26.129469982811443 6.65316222727791e-16
26.07451829442723 6.603081067492089e-16
26.01979725397705 7.778049385829647e-16
25.96530541235755 6.753849468460704e-16
25.911041332579185 7.029289521074679e-16
25.857003589639856 7.040640926001079e-16
25.803190770400192 7.051160938673995e-16
25.74960147346036 7.095159387942455e-16
25.696234309038413 8.951805475388102e-16
25.643087898850144 7.236432248078777e-16
25.59016087599044 6.937106948384596e-16
25.53745188481607 8.226947536458605e-16
25.484959580829955 7.789531785495001e-16
25.432682630566852 6.814791669912559e-16
25.380619711480424 7.148933714249402e-16
25.328769511831712 6.838066245884892e-16
25.277130730578975 6.926192044677388e-16
25.22570207726887 6.911072863804738e-16
25.174482271928937 7.492541262244018e-16
25.123470044961426 6.990332910909666e-16
25.07266413703838 7.025078176518547e-16
25.022063298998027 7.580118437532567e-16
24.971666291742373 1.1317843027510363e-15
24.921471886136075 7.905176253378253e-16
24.87147886290652 9.506482718113198e-16
24.821686012545076 7.118660302242816e-16
24.77209213520956 3.5577092604901454e-15
24.72269604062789 9.623444828913034e-16
24.673496548002802 7.044977754195966e-16
24.62449248591781 7.052379471126876e-16
24.575682692244207 7.400493409069277e-16
24.527066014049215 7.927309383683105e-16
24.478641307505185 7.159529325093257e-16
24.43040743779992 8.205863903024335e-16
24.382363279047986 7.160845868981474e-16
24.33450771420315 7.278384684265188e-16
24.28683963497178 9.202367957060154e-16
24.239357941727295 8.126337358741776e-16
24.192061543425606 8.150435992816046e-16
24.144949357521543 8.353143341215028e-16
24.098020309886273 8.235332297360549e-16
24.051273334725654 7.616762167245424e-16
24.004707374499556 7.297160873156651e-16
23.958321379842108 7.913011123978244e-16
23.912114309482877 7.520081054502606e-16
23.866085130168948 8.557540529118684e-16
23.820232816587907 7.866425547238835e-16
23.774556351291707 7.304954091181766e-16
23.72905472462142 7.284232230054874e-16
23.683726934632826 7.273566697880082e-16
23.638571987022885 7.37833165037603e-16
23.593588895057017 9.40245075585088e-16
23.548776679497244 9.060119023634282e-16
23.504134368531123 1.1074415804555676e-15
23.459660997701477 7.937846773408628e-16
23.415355609836983 7.420100162690471e-16
23.37121725498346 7.367667623894792e-16
23.32724499033599 7.391685083259886e-16
23.2834378801718 7.997049881139098e-16
23.239794995783864 7.681372848688253e-16
23.196315415415295 7.543665597344591e-16
23.15299822419443 7.486734727382968e-16
23.109842514070692 7.489315692610327e-16
23.0668473837511 7.462606879512358e-16
23.024011938637553 1.0562938211504065e-15
22.981335290764775 7.679012599349768e-16
22.938816558738942 7.504603779035092e-16
22.896454867677033 7.821768984179024e-16
22.85424934914679 7.532657379602066e-16
22.812199141107396 8.882225246101234e-16
22.770303387850767 8.068973229150944e-16
22.728561239943527 1.330267887629228e-15
22.68697185416958 7.721197830488615e-16
22.64553439347334 7.809775116636437e-16
22.604248026903576 7.95871140579316e-16
22.563111929557856 7.844588014463639e-16
22.52212528252762 7.972689499712097e-16
22.481287272843826 8.031103345145523e-16
22.440597093423207 8.2105719614805845e-16
22.40005394301511 8.221967965017979e-16
22.359657026148877 7.783583583493246e-16
22.319405553081843 7.775411462114185e-16
22.279298739747862 7.715664130144534e-16
22.239335807706397 7.875845921245319e-16
22.199515984092162 8.039141026517506e-16
22.15983850156528 1.3638166935233995e-15
22.12030259826202 9.429991226676431e-16
22.080907517746002 2.5062924430979285e-15
22.04165250895999 1.3336805092125063e-15
22.002536826178133 8.972518267468161e-16
21.96355972895875 8.163550499047612e-16
21.924720482097612 7.778401111922214e-16
21.886018355581715 8.043308642267474e-16
21.847452624543543 8.023359073461158e-16
21.80902256921581 1.2939041251756541e-15
21.770727474886673 9.419870989914142e-16
21.732566631855455 8.745681725318194e-16
21.694539335388765 8.564132577592102e-16
21.656644885677135 8.433728372168526e-16
21.618882587792093 4.662857045174126e-15
21.581251751643677 8.133314831878178e-16
21.54375169193839 7.880265539652482e-16
21.50638172813762 8.265844306978993e-16
21.469141184416458 8.36180877437123e-16
21.432029389622947 1.5680495086531817e-15
21.395045677237793 7.982638543325126e-16
21.358189385334423 8.197934230020686e-16
21.321459856539544 1.5816955114035187e-15
21.28485643799401 8.052247495300965e-16
21.24837848131416 1.9364771134923176e-15
21.21202534255355 8.042723959816814e-16
21.175796382165032 8.348780447496495e-16
21.139690964963265 1.5937737055376318e-15
21.103708460087596 8.757101251601517e-16
21.0678482409653 7.970746568717538e-16
21.032109685275227 8.33574050846063e-16
20.996492174911797 8.239412069860005e-16
20.96099509594936 2.0483465061873628e-15
20.92561783860693 1.579832455488903e-15
20.890359797213264 9.57861845145787e-16
20.855220370172294 8.698893171984664e-16
20.820198959928923 8.612270939038704e-16
20.78529497293513 8.648969926918497e-16
20.750507819616463 8.480708163124594e-16
20.71583691433882 8.916015872187325e-16
20.68128167537561 9.309390274291373e-16
20.646841524875192 8.479420039106782e-16
20.61251588882868 1.0509154700814674e-15
20.57830419703805 8.363157017712297e-16
20.54420588308456 8.920254128911035e-16
20.510220384297508 8.516394543381642e-16
20.47634714172325 9.528372248996131e-16
20.44258560009459 1.042108292754302e-15
20.40893520780043 8.753387992264328e-16
20.375395416855703 7.986881583610679e-16
20.341965682871667 8.630462377049687e-16
20.308645465026412 8.800291530275228e-16
20.275434226035735 8.856802442186105e-16
20.24233143212422 8.563694401495532e-16
20.209336552996675 1.0689177466658137e-15
20.17644906180979 8.418118024671789e-16
20.143668435144107 9.870013402045022e-16
20.110994152976264 8.536566374665745e-16
20.07842569865146 9.843348399363554e-16
20.045962558856267 9.017426507828879e-16
20.013604223591624 1.2283237975758653e-15
19.98135018614616 8.296156395527341e-16
19.949199943069715 8.520397234017072e-16
19.917152994147173 1.342384854536557e-15
19.885208842372503 1.5805442381817124e-15
19.85336699392306 8.149801572860635e-16
19.82162695813417 1.0618872785457277e-15
19.789988247473882 1.928680758577175e-15
19.75845037751804 8.304030532312667e-16
19.727012866925545 8.54091382157635e-16
19.69567523741387 1.225874068565856e-15
19.664437013734798 8.808213642378628e-16
19.63329772365041 1.4094735072719405e-15
19.602256897909278 9.038321853681055e-16
19.5713140702229 1.572408714674223e-15
19.540468777242342 9.432620282584701e-16
19.509720558535125 8.372498163904766e-16
19.47906895656229 8.199212695665214e-16
19.448513516655744 8.74395006106437e-16
19.41805378699573 8.77720703878326e-16
19.3876893185886 9.547278243302946e-16
19.35741966524472 9.590869872997754e-16
19.327244383556636 1.497147416885746e-15
19.297163032877414 9.182222795843253e-16
19.267175175299194 8.417857162504358e-16
19.237280375631936 8.265946321178846e-16
19.207478201382376 8.800178540643472e-16
19.177768222733153 8.582751200288494e-16
19.14815001252217 8.416563811438271e-16
19.118623146222095 1.301270940388599e-15
19.0891872019201 1.0135693037659898e-15
19.059841760297754 1.9938304747810203e-15
19.030586404611107 2.3090184136690032e-15
19.001420720670982 1.3481924796945835e-15
18.972344296823398 7.204487785037249e-14
18.943356723930236 1.2182257610867743e-15
18.914457595350015 8.554665428998254e-16
18.885646506918906 8.874223868269296e-16
18.85692305693188 1.5724149051471689e-15
18.82828684612403 9.440995030604622e-16
18.799737477652076 9.229206841371586e-16
18.77127455707604 8.740955919773372e-16
18.74289769234108 2.3252673533115613e-15
18.71460649375947 9.134245694436508e-16
18.68640057399279 1.5917311832678063e-15
18.658279548034226 8.30732014841342e-16
18.63024303319107 1.925055283060594e-15
18.602290649067346 8.388441101816499e-16
18.574422017546603 4.348759169194566e-15
18.546636762774884 1.3469123755101524e-15
18.51893451114382 2.157186966669171e-15
18.49131489127387 8.771203927945825e-16
18.463777533997753 9.087676619055259e-16
18.43632207234397 1.5805283640486623e-15
18.408948141520526 8.865467267535292e-16
18.381655378898767 1.0851053505315643e-15
18.354443423997356 8.546662714973479e-16
18.327311918466417 9.044867834933252e-16
18.300260506071805 8.961613181946884e-16
18.273288832679487 8.985864309713145e-16
18.24639654624013 1.2307629330735078e-15
18.219583296773763 1.0637722276294374e-15
18.192848736354577 9.142073093700342e-16
18.16619251909592 1.4761701982681378e-15
18.139614301135328 1.068494279011808e-15
18.113113740619784 1.484292210464578e-15
18.08669049769103 9.471651614123417e-16
18.060344234471067 1.0353343612582272e-15
18.034074615047714 1.772601659817524e-15
18.00788130546038 1.0030317268772696e-15
17.981763973685858 1.3082682694389564e-15
17.95572228962435 1.1175495574410197e-15
17.92975592508552 9.396875123965122e-16
17.903864553774728 1.0302604338115805e-15
17.87804785127935 1.0741784073305254e-15
17.852305495055237 2.168047778861354e-15
17.826637164413285 8.957235174898466e-16
17.8010425405061 1.7884879770202242e-15
17.77552130631481 1.7791012726022977e-15
17.75007314663599 9.438180860421373e-16
17.724697748068657 1.2734671372664647e-15
17.699394799001414 9.523563779872127e-16
17.674163989599702 1.800283962199419e-15
17.649005011793157 1.2557527119614711e-15
17.62391755926305 1.6424398163285433e-14
17.59890132742987 1.5222332945001425e-15
17.57395601344101 1.2875985211304784e-15
17.549081316158514 1.0249981515634121e-15
17.52427693614699 1.3078623652837995e-15
17.49954257566158 1.8240714235198905e-15
17.474877938636034 9.822797176149237e-16
17.450282730670935 1.0142397122439617e-15
17.425756659021935 4.514596633342576e-15
17.401299432588196 2.0333559945470987e-15
17.37691076190082 9.352144142450229e-16
17.352590359111467 1.4720005909477994e-15
17.328337937981 1.007794510727946e-15
17.304153213868293 9.496276645651862e-16
17.28003590371906 1.0902176818614128e-15
17.25598572605482 1.5914165933357324e-15
17.23200240096197 1.0964231800012056e-15
17.208085650080893 1.3322249001698383e-15
17.184235196595203 1.075469998028041e-15
17.160450765221075 1.3769118263067952e-15
17.136732082196634 1.3625140513268956e-15
17.11307887527147 9.29103170214834e-16
17.089490873696196 1.0840535392756547e-13
17.065967808212157 1.1629376116811193e-15
17.042509411041145 1.2664921261336388e-13
17.019115415875266 1.2016458812559372e-15
16.99578555786683 1.3068292762636734e-15
16.972519573618413 1.379067080904784e-15
16.94931720117287 1.8439297731014816e-15
16.926178180003564 9.747434792358327e-16
16.90310225100459 1.0915213443466392e-15
16.88008915648111 1.336894093614137e-15
16.857138640139738 1.107935166707751e-15
16.834250447079068 1.7438231255243742e-15
16.811424323780198 1.3701957911097662e-15
16.788660018097396 9.785416336530396e-14
16.765957279248788 1.3173428732677637e-15
16.743315857807186 1.5345891516671695e-15
16.72073550569092 9.907197250484253e-16
16.698215976154792 1.474836440008673e-15
16.675757023781085 4.661418756880731e-15
16.65335840447065 1.4631727885488874e-15
16.63101987543407 3.288678203550059e-15
16.608741195182862 1.1923438523754695e-15
16.58652212352081 1.0327303907484738e-15
16.564362421535296 5.0158190810094845e-15
16.542261851588773 9.108102162216914e-16
16.52022017731024 9.707875635787012e-16
16.498237163586836 1.0179143465397628e-15
16.47631257655547 2.728831645684718e-15
16.45444618359452 2.4246143944875774e-15
16.432637753315635 1.0252776593870892e-15
16.41088705555554 9.556828650462786e-16
16.38919386136796 1.6209405726216772e-15
16.367557943015573 1.1369634343987198e-15
16.34597907396205 4.621260266617359e-15
16.324457028864146 4.371051151335538e-15
16.30299158356386 1.1009527228192185e-15
16.281582515080643 3.1551990455934934e-15
16.260229601603687 1.2654446909747345e-15
16.238932622484256 4.2656334713364006e-15
16.217691358228098 1.2750809808303728e-15
16.196505590487877 1.0762650263653253e-15
16.175375102055742 1.0228959881055934e-15
16.15429967685584 9.28216621139818e-15
16.133279099937 1.0609864980855136e-15
16.11231315746541 6.287699225860938e-15
16.091401636717354 1.5468659349721585e-15
16.070544326072042 3.6072707558351044e-14
16.049741015004443 4.035225587839877e-15
16.028991494078227 1.3419656521206774e-15
16.008295554938723 3.861378771199437e-14
15.98765299030594 4.028753096549891e-15
15.967063593967666 1.1880449175101875e-15
15.946527160772584 9.808339845244037e-16
15.926043486623467 5.5435167011653964e-15
15.905612368470413 1.5941584332736216e-15
15.885233604304135 1.190673596341937e-15
15.864906993149305 9.263989011300833e-15
15.84463233505795 1.1068068675268715e-15
15.824409431102891 1.3753374418597252e-14
15.804238083371235 9.42804107803181e-16
15.784118094957932 1.4970530712652812e-15
15.764049269959347 4.1882347150526886e-15
15.744031413466923 1.6259608481607871e-15
15.724064331560854 1.1838001146911192e-15
15.704147831303832 3.4218665449891764e-15
15.684281720734838 1.099956612124533e-15
15.664465808862955 1.165676377231447e-15
15.644699905661266 1.9931846330734097e-15
15.624983822060779 2.2696631446683698e-14
15.605317369944384 1.146075101349047e-15
15.58570036214088 1.1073316585135203e-15
15.566132612419047 1.2321963664135536e-15
15.546613935481727 1.0239638351634631e-15
15.527144146960005 1.2547844770666442e-15
15.507723063407372 2.7503420837494855e-15
15.488350502293995 4.863363576205281e-15
15.469026282000979 1.5216265742145888e-15
15.449750221814691 1.3900346841044307e-14
15.43052214192114 1.9226521347390884e-15
15.411341863400375 3.1031760232454996e-15
15.392209208220939 3.439272500971192e-15
15.373123999234354 2.4019933121064464e-15
15.354086060169667 4.0372883212889365e-15
15.335095215628012 2.1587862772223292e-15
15.316151291077222 1.8633969931568052e-15
15.297254112846499 9.795863940437048e-16
15.278403508121082 9.291867829584175e-16
15.259599304937002 6.544071048528724e-14
15.24084133217584 1.7548772230200044e-15
15.222129419559534 1.7113948497000211e-15
15.203463397645244 4.515002895605452e-15
15.184843097820204 8.736943777877446e-15
15.16626835229669 3.451830417774674e-15
15.14773899410694 1.283146122885683e-15
15.129254857098173 1.4543838521918467e-15
15.11081577592762 1.0605885773290262e-15
15.092421586057583 1.2853730209124258e-15
15.074072123750554 7.14164896908575e-15
15.055767226064352 9.452489743641353e-15
15.037506730847294 1.2590008646513655e-15
15.019290476733424 2.12128523736072e-13
15.001118303137732 1.7002747068446124e-15
14.982990050251466 1.1137678503561545e-15
14.964905559037415 5.911137784889836e-15
14.946864671225297 8.02173145804523e-15
14.928867229307109 1.1250744594886453e-15
14.91091307653255 2.1301134838591107e-15
14.893002056904479 4.576052322876389e-15
14.875134015174401 3.5365568492744335e-15
14.857308796837966 1.0993111502863795e-15
14.839526248130522 1.3281251249820746e-15
14.821786216022693 4.729254009537677e-15
14.804088548215999 1.276524340816878e-15
14.786433093138484 1.2395259969070375e-15
14.768819699940394 1.3970806941619192e-15
14.75124821848988 4.603291969819959e-15
14.733718499368743 3.730546001353805e-15
14.716230393868173 1.0594120751898305e-15
14.698783753984571 1.5138658360051822e-15
14.681378432415366 2.999682489430067e-15
14.66401428255486 7.424842348965228e-15
14.646691158490112 1.2228732212182011e-15
14.629408914996871 2.9707930441667997e-15
14.612167407535493 2.8190034690745053e-15
14.594966492246922 1.3450044840599558e-15
14.577806025948698 9.171131447661482e-15
14.560685866130969 5.221542656250352e-15
14.54360587095255 1.1179976662658118e-15
14.526565899237012 1.7976446379986288e-14
14.509565810468782 1.3907341742243131e-15
14.492605464789296 1.0462841545107496e-15
14.475684722993153 1.7551895893398852e-15
14.458803446524293 8.097897461452095e-15
14.441961497472251 5.160739130275495e-15
14.425158738568364 5.250020063256144e-15
14.408395033182066 2.2229273406046336e-15
14.391670245317174 5.4786499310095605e-15
14.374984239608217 2.123918324200642e-14
14.358336881316779 9.733204731443658e-16
14.341728036327861 1.0275703963658002e-14
14.325157571146313 1.0732031442905918e-15
14.308625352893216 1.028601319081863e-15
14.292131249302367 1.1871140718090844e-15
14.275675128716719 1.4713232820878713e-15
14.259256860084903 1.8386950269922748e-14
14.242876312957746 1.0074698050083767e-15
14.226533357484794 1.4331738797944921e-15
14.210227864410909 8.491920589475577e-14
14.193959705072844 1.6071795053927692e-15
14.177728751395868 1.1377603622787966e-15
14.161534875890402 2.5855007403627744e-15
14.145377951648667 2.7499639528863627e-15
14.129257852341398 2.4321395429860553e-15
14.113174452214531 1.4329347542005174e-15
14.097127626085934 2.1229589267319046e-15
14.081117249342162 5.664452931735257e-15
14.065143197935235 1.891905639306418e-15
14.04920534837943 7.251588162180945e-15
14.033303577748104 2.7642316545756603e-15
14.017437763670515 2.4724124164581288e-15
14.00160778432872 1.533347531557055e-15
13.985813518454412 1.0824493252223243e-15
13.970054845325867 1.0695622911842494e-15
13.954331644764833 6.9492813123829466e-15
13.938643797133494 1.946204300130239e-15
13.922991183331431 1.492923847759288e-15
13.90737368479261 3.9664533199871634e-15
13.89179118348238 5.583621170504382e-15
13.876243561894515 1.4247922224273976e-15
13.860730703048244 1.0508538314600565e-15
13.845252490485324 2.839527264306321e-15
13.829808808267128 2.2960022414645666e-14
13.81439954097175 1.5324920233832353e-15
13.79902457369112 8.513685871328619e-15
13.783683792028167 5.104229254979328e-15
13.768377082093957 1.483667345819299e-15
13.753104330504899 2.6553104507134396e-15
13.73786542437992 1.0274862265442808e-15
13.722660251337711 1.1084945725004027e-15
13.70748869949395 3.604472058785839e-15
13.692350657458553 1.510927555999743e-14
13.677246014332955 1.887306498328769e-15
13.662174659707407 1.1476651149759136e-15
13.647136483658269 4.2028489681066126e-15
13.632131376745354 4.338750965115955e-15
13.617159230009278 1.1751004159999402e-15
13.602219934968792 2.20233354169035e-15
13.587313383618195 1.3798165124162465e-15
13.572439468424715 1.1868730522778867e-15
13.557598082325923 5.560529735477002e-15
13.54278911872717 1.2731689901306207e-15
13.528012471499038 1.5935443156147243e-15
13.513268034974793 1.7174463374696187e-14
13.49855570394787 9.595974936486408e-15
13.483875373669385 2.8929130380701506e-15
13.469226939845619 5.7444016287626746e-15
13.454610298635584 4.197129396470337e-15
13.440025346648545 2.524253485646827e-14
13.425471980941582 3.1477034167346377e-15
13.410950099017187 2.97737530547186e-15
13.39645959882084 1.4508577079311376e-15
13.38200037873862 5.2811070615566325e-15
13.367572337594845 1.2053323299591948e-15
13.353175374649686 3.526714067120528e-15
13.33880938959685 1.1583124321205706e-15
13.324474282561232 5.189925634801587e-15
13.310169954096605 1.4953764349970231e-15
13.295896305183325 1.9899657536992526e-15
13.281653237226042 1.2158077278382726e-15
13.267440652051425 1.5683850343912663e-15
13.253258451905927 1.35508683205422e-15
13.239106539453509 1.6911260189139725e-15
13.224984817773448 1.9942628802839048e-15
13.210893190358101 1.1250835587162252e-15
13.196831561110724 1.0475481821384344e-15
13.182799834343262 1.2002136695924932e-15
13.168797914774217 1.0771178019386289e-15
13.154825707526449 4.776410997701167e-15
13.140883118125068 1.767100395340525e-15
13.126970052495281 1.0679227370534295e-15
13.11308641696029 1.0270148457308453e-15
13.099232118239184 1.6273415519936338e-15
13.085407063444844 1.5660979027609206e-15
13.071611160081886 1.2494083251098138e-15
13.05784431604458 1.7023548284933767e-15
13.0441064396148 1.128114347427813e-15
13.030397439460002 1.4629742292433317e-15
13.016717224631183 3.1962507506085014e-15
13.003065704560893 1.6380037278197075e-15
12.9894427890612 1.5941446379889335e-15
12.975848388321749 1.1594997638228267e-15
12.962282412907742 1.937350920608988e-15
12.948744773758014 1.544548708036982e-15
12.935235382183066 2.1908684772583016e-15
12.921754149863126 2.193931829671289e-15
12.908300988846243 2.4761127375515318e-15
12.894875811546347 1.07372086748333e-15
12.881478530741372 1.1107231898440024e-15
12.868109059571351 3.1939987064202885e-15
12.854767311536548 1.2020027781380438e-15
12.841453200495597 4.846214920980735e-15
12.828166640663628 2.422551120557431e-15
12.814907546610451 1.8815256478303793e-15
12.801675833258694 1.1902710226038259e-15
12.788471415882022 1.2877266211361628e-15
12.775294210103295 1.2739511579978283e-15
12.762144131892782 1.478520683262321e-15
12.74902109756638 1.8561133521431523e-15
12.735925023783837 1.1906524330441339e-15
12.722855827546981 1.125101653399238e-15
12.709813426197973 1.151257157970488e-15
12.696797737417562 4.2765982350523445e-15
12.683808679223354 1.064444099171778e-15
12.670846169968092 1.049607258820341e-15
12.657910128337944 4.159196973856502e-15
12.6450004733508 1.4308171561961951e-15
12.632117124354581 1.115170106008893e-15
12.619260001025571 1.1309687468843327e-15
12.606429023366738 1.0631977662166592e-15
12.593624111706069 1.0757812628684894e-15
12.580845186694939 1.888566131445438e-15
12.56809216930645 1.0414859698016447e-15
12.555364980833826 2.2794730056624682e-15
12.54266354288877 5.705204855410942e-15
12.529987777399871 1.2870179723775032e-15
12.517337606611003 1.7631563825312585e-15
12.504712953079725 1.2495365069094195e-15
12.492113739675705 1.018790319492662e-15
12.479539889579156 1.1995945940088817e-15
12.466991326279274 1.7393817194217255e-15
12.45446797357267 1.964230641799674e-15
12.441969755561853 1.1219680293206473e-15
12.42949659665368 1.2807059579515932e-14
12.417048421557821 1.2625931454762216e-15
12.404625155285277 1.0368935154182881e-15
12.392226723146845 5.010120709964738e-15
12.379853050751636 1.7479165289959462e-15
12.367504064005583 1.043324633486947e-15
12.355179689109958 1.7481549849257003e-15
12.342879852559907 1.1417250631772689e-15
12.330604481142991 1.532073258651846e-15
12.318353501937729 1.0606433569545299e-15
12.30612684231215 1.5136085232820854e-15
12.293924429922368 1.0168020256704074e-15
12.281746192711148 2.0044808145419842e-15
12.269592058906492 4.1729795598090895e-14
12.257461957020215 1.2198192029729946e-15
12.24535581584657 1.1047036648658922e-15
12.233273564460834 1.0311036668042896e-15
12.221215132217925 1.0889817828779264e-15
12.20918044875103 1.4639847274079134e-15
12.197169443970235 1.0371364061493467e-15
12.185182048061167 1.5697025903907009e-15
12.173218191483633 1.442961937819125e-15
12.161277804970288 1.7104649757644349e-15
12.149360819525283 2.026664901405357e-15
12.137467166422947 7.734464759336633e-14
12.125596777206464 4.890947649695453e-14
12.113749583686559 1.7228890339545229e-15
12.101925517940192 1.2236895960230292e-15
12.090124512309254 1.1111293510233458e-15
12.078346499399286 1.5932658844094624e-15
12.066591412078198 9.897808991725712e-16
12.054859183474974 9.87067395650004e-16
12.043149746978433 1.1251486527144035e-15
12.031463036235941 1.0397049212013839e-15
12.019798985152176 1.1432893587291936e-15
12.008157527887874 1.020723108208584e-15
11.996538598858592 1.047611029011356e-15
11.984942132733476 1.1124853648569128e-15
11.973368064434036 1.1252488769905042e-15
11.961816329132933 1.379158202153247e-15
11.950286862252758 9.779576064645675e-16
11.938779599464844 1.103075031451567e-15
11.927294476688056 1.1828282357571302e-15
11.915831430087605 1.0163766416344259e-15
11.904390396073877 9.886543631390974e-16
11.892971311301235 1.0711047389063251e-15
11.881574112666867 1.0103738672147542e-15
11.870198737309623 1.31319759278906e-15
11.858845122608848 1.970052806986247e-15
11.847513206183246 1.5114430710164633e-15
11.836202925889726 1.9650679628175506e-15
11.824914219822276 9.791883594156773e-16
11.813647026310825 9.98322505382563e-16
11.80240128392013 9.830729797482061e-16
11.791176931448648 1.0502826145256123e-15
11.779973907927435 1.1011095845008032e-15
11.768792152619032 1.314199384683561e-15
11.757631605016382 1.4686600701975164e-15
11.746492204841722 1.3829279115967907e-15
11.735373892045516 1.2711484787923402e-15
11.724276606805356 1.3966207912566811e-15
11.713200289524904 1.0217489234072018e-15
11.702144880832819 9.76472244364475e-16
11.691110321581698 1.0181373199532942e-15
11.680096552847024 1.1768475345372144e-15
11.669103515926105 1.3618660004064212e-15
11.658131152337049 9.739274005573528e-16
11.647179403817713 2.041772496088963e-15
11.636248212324675 9.801830620882684e-16
11.625337520032215 9.660530673010424e-16
11.614447269331286 9.634403133764019e-16
11.603577402828508 1.229639625192691e-15
11.592727863345154 1.1922422023171231e-15
11.581898593916147 9.867361391189915e-16
11.571089537789074 2.830547205805834e-15
11.560300638423177 1.2540530912863722e-15
11.549531839488383 1.0037806002027769e-15
11.538783084864312 7.693314736541463e-15
11.528054318639315 1.481517131978746e-14
11.517345485109484 1.0730215439536298e-15
11.506656528777713 9.825979951850719e-16
11.49598739435272 9.725290114311884e-16
11.485338026748103 9.790553941742739e-16
11.474708371081391 9.754533631222431e-16
11.464098372673092 1.0054302848953136e-15
11.453507977045778 1.017104413995693e-15
11.44293712992312 3.6095208203588285e-15
11.432385777228992 2.526217402451961e-15
11.421853865086529 1.2106264287657259e-14
11.411341339817216 9.770820116617017e-16
11.400848147939985 1.3257931680425269e-15
11.390374236170285 1.0315744022122016e-15
11.379919551419208 9.85159624989079e-16
11.36948404079257 9.686288037621987e-16
11.35906765159003 9.592160309486673e-16
11.348670331304202 9.68642438225314e-16
11.33829202761977 1.0087358409505317e-15
11.327932688412611 1.588775874871562e-14
11.317592261748928 1.3595834671364792e-15
11.307270695884366 1.85762633028369e-15
11.29696793926317 1.7411530035329812e-15
11.286683940517317 1.3323552898360557e-15
11.276418648465652 1.0023241685604181e-15
11.26617201211306 1.000281130910905e-15
11.255943980649606 2.4745983577847573e-14
11.2457345034497 9.855988984848874e-16
11.235543530071258 1.2212405212476847e-15
11.22537101025488 1.0818552862153986e-15
11.215216893923015 1.2665185504169923e-15
11.205081131179146 1.030324174008725e-15
11.194963672306963 4.957031090027941e-15
11.184864467769561 1.029893820487612e-15
11.17478346820863 9.780379835859175e-16
11.16472062444364 9.854885183129413e-16
11.154675887471058 1.0881038328794223e-15
11.144649208463536 1.0449158010487306e-15
11.13464053876913 1.8657795124394263e-14
11.124649829910513 1.0193387311680726e-15
11.114677033584188 1.0002484797459861e-15
11.104722101659712 1.0015770969082495e-15
11.094784986178919 1.04299528382545e-15
11.084865639355156 3.0919386573391964e-15
11.07496401357251 1.1698107773449445e-15
11.06508006138505 1.064961164994788e-15
11.055213735516064 1.4937021331647668e-15
11.045364988857322 1.0059988996230747e-15
11.035533774468298 1.6466403544651594e-15
11.025720045575454 4.921691552888091e-15
11.015923755571473 1.4472064718062824e-15
11.006144858014537 8.758362368156835e-15
10.996383306627592 3.283220514937848e-15
10.986639055297609 1.5044613841644515e-15
10.976912058074864 9.709869685852306e-16
10.967202269172217 1.0441596495290998e-15
10.957509642964395 9.887597221001013e-16
10.947834133987266 9.813358704930513e-16
10.938175696937144 9.970954677515697e-16
10.928534286670066 9.875456840863216e-16
10.918909858201104 1.0418655345658016e-15
10.909302366703656 1.4303473547600549e-15
10.899711767508753 9.49893017051168e-16
10.890138016104359 1.0410085950575289e-15
10.880581068134699 9.83770671449142e-16
10.87104087939956 1.2583541209271392e-15
10.861517405853611 1.1586721358022506e-15
10.852010603605732 1.0547718118862771e-15
10.842520428918338 1.2030831072060794e-15
10.833046838206698 1.0722558680274045e-15
10.82358978803828 9.70169279149846e-16
10.814149235132085 4.489927499430058e-15
10.804725136357984 1.2766424893744512e-15
10.795317448736057 1.4415422660868568e-15
10.785926129435953 1.3404061559617843e-15
10.776551135776222 1.1869400271263942e-15
10.767192425223687 1.3617637897710903e-14
10.757849955392786 1.0195938137798154e-15
10.748523684044937 1.0266681729028787e-15
10.73921356908791 9.704957265585737e-16
10.729919568575177 1.1953364133560952e-15
10.720641640705294 1.0901801747927689e-15
10.711379743821276 1.402867577955855e-15
10.702133836409958 1.199079095256247e-15
10.692903877101402 1.0053662254954592e-15
10.683689824668248 2.150108820605748e-15
10.674491638025124 1.3762263343257925e-15
10.665309276228028 1.046641105303081e-15
10.656142698473712 7.331795195171986e-15
10.646991864099094 2.0621063721914924e-15
10.63785673258064 9.7868420467723e-16
10.628737263533784 1.0101348266731665e-15
10.619633416712313 2.90948856804056e-15
10.610545152007791 3.2209250220600733e-15
10.601472429448956 2.0167125641191022e-15
10.592415209201153 9.95807355109051e-16
10.583373451565729 1.5276187786007183e-15
10.57434711697947 1.0448451298739382e-15
10.565336166014012 3.885079085856711e-15
10.556340559375279 1.3272512598011743e-15
10.547360257902902 1.5045423323737534e-15
10.538395222569655 8.28144129219704e-15
10.529445414480884 9.582654020153628e-16
10.520510794873958 9.505085470819418e-16
10.511591325117694 1.3894580464634258e-15
10.502686966711805 9.130702490003256e-15
10.493797681286356 1.0260486452929847e-15
10.4849234306012 1.2129445600959386e-15
10.476064176545432 1.5748384241223716e-15
10.467219881136849 2.1608945860355163e-15
10.458390506521402 1.0102598519798113e-15
10.449576014972662 4.48676260402972e-15
10.440776368891276 9.659741972939847e-16
10.431991530804433 1.021878463821559e-15
10.423221463365339 9.351205223883969e-16
10.414466129352675 9.289738576406165e-16
10.405725491670086 9.26156756413881e-16
10.396999513345646 4.690083748926462e-15
10.388288157531338 9.439863066119847e-16
10.379591387502545 1.0666224132313667e-15
10.370909166657517 9.334877405599626e-16
10.362241458516875 4.997304358079356e-15
10.353588226723083 1.2022510001234232e-15
10.344949435039956 9.45518409405558e-16
10.336325047352142 9.359112071776415e-16
10.327715027664631 1.0317025381994892e-15
10.319119340102235 1.0689478138300173e-15
10.310537948909111 1.2895463448950982e-15
10.301970818448252 9.492118598848377e-16
10.293417913200996 9.692941950215953e-16
10.284879197766541 1.0531672953057966e-15
10.276354636861448 9.353283724833685e-16
10.267844195319162 9.35076530637603e-16
10.259347838089518 9.307368964696169e-16
10.25086553023828 9.289256978569364e-16
10.242397236946639 1.715030186081682e-14
10.233942923510751 9.440773681078775e-16
10.225502555341256 9.31295084769016e-16
10.217076097962819 9.349025179352268e-16
10.208663517013635 1.165145127058913e-15
10.200264778244994 9.568684479927714e-16
10.19187984752079 1.1018569834733617e-15
10.18350869081707 1.1232285191423447e-15
10.175151274221575 1.29325703584031e-15
10.166807563933276 9.890829655314904e-16
10.158477526261928 1.10325004000307e-15
10.1501611276276 9.429208338234952e-16
10.141858334560245 1.4226069641802728e-15
10.133569113699235 1.0504955383742877e-15
10.125293431792917 9.273074528523955e-16
10.117031255698171 2.8286815240688055e-15
10.108782552379974 3.0629150946637963e-15
10.100547288910947 9.4609446409413e-16
10.09232543247092 1.0266245338588416e-15
10.084116950346507 1.0802600598682639e-15
10.075921809930659 9.386178572760868e-16
10.067739978722233 9.879142335322321e-16
10.059571424325576 1.0630880322078679e-15
10.051416114450078 9.726356421886484e-16
10.043274016909765 1.1723133875913823e-15
10.035145099622861 1.0570231987575324e-15
10.027029330611377 1.1446993199848805e-14
10.018926678000684 1.308749902151518e-15
10.0108371100191 1.0005661021301661e-15
10.002760594997474 1.0238165947569409e-15
9.994697101368772 9.99839321661944e-16
9.986646597667665 9.775376441089922e-16
9.978609052530125 3.1410210590505733e-15
9.97058443469301 9.488942668868008e-16
9.962572712993662 9.478608932461672e-16
9.954573856369509 9.287425697384397e-16
9.946587833857649 1.0772083105704099e-15
9.938614614594469 9.50498836641394e-16
9.930654167815234 9.527208838578036e-16
9.922706462853695 9.378083915916449e-16
9.914771469141698 9.272503383502782e-16
9.906849156208793 9.427425618883957e-16
9.898939493681832 1.0491189051541045e-15
9.891042451284596 9.399802640954636e-16
9.883157998837403 9.360574793201572e-16
9.875286106256718 9.462055304888382e-16
9.867426743554782 9.33619663750663e-16
9.85957988083922 1.1130926926474182e-15
9.851745488312668 2.79870335116099e-15
9.843923536272392 9.355866697402323e-16
9.836113995109919 9.372375184818562e-16
9.828316835310659 9.178130251762825e-16
9.820532027453531 1.0470915633819263e-15
9.812759542210598 1.1107328291796575e-15
9.804999350346696 9.705397439662404e-16
9.797251422719064 9.322915498735339e-16
9.789515730276989 9.507900914748875e-16
9.781792244061432 9.549723027495899e-16
9.774080935204674 9.839208875426358e-16
9.766381774929954 9.47206451581531e-16
9.758694734551108 9.22857250779242e-16
9.75101978547222 9.108227327833657e-16
9.743356899187258 9.163397185847873e-16
9.73570604727973 1.5108832587446983e-15
9.728067201422332 1.1562394762133706e-15
9.720440333376587 1.0985532333120805e-15
9.712825414992505 9.279766171591679e-16
9.705222418208248 7.019386991669163e-15
9.697631315049764 1.4499851517071329e-15
9.690052077630456 1.924064198751421e-15
9.682484678150843 9.44590146543919e-16
9.67492908889821 9.056665761772495e-16
9.667385282246283 1.068041415630537e-15
9.659853230654871 1.4203796861678152e-15
9.652332906669562 9.141645120420765e-16
9.644824282921363 1.1439527802773722e-15
9.637327332126375 9.145354426563095e-16
9.629842027085466 9.087521957011871e-16
9.622368340683943 9.0149980285285e-16
9.614906245891223 9.1906569361865e-16
9.607455715760505 1.0272247700072754e-15
9.600016723428444 1.0053919832140925e-15
9.592589242114835 9.054248066558872e-16
9.585173245122286 8.96289274105981e-16
9.5777687058359 9.464339208961099e-16
9.570375597722958 9.16382220921399e-16
9.562993894332598 9.118938327662767e-16
9.555623569295504 1.1755823812611222e-15
9.548264596323591 9.088546552106784e-16
9.540916949209688 8.92392724704577e-16
9.533580601827234 8.889047329534828e-16
9.526255528129964 8.8951737445596e-16
9.5189417021516 8.895604423206861e-16
9.51163909800555 9.422130832032289e-16
9.504347689884591 9.160434975923162e-16
9.49706745206058 9.516383761959217e-16
9.489798358884139 8.991625497166496e-16
9.48254038478436 3.8142900657550526e-15
9.475293504268503 1.0422366449899317e-15
9.468057691921702 8.844281610003817e-16
9.460832922406656 9.14109929085171e-16
9.45361917046335 9.085404544131945e-16
9.446416410908746 8.89192437115057e-16
9.4392246186365 1.0682729460349076e-15
9.432043768616664 2.54614747680942e-15
9.424873835895399 9.130737125469301e-16
9.41771479559468 9.086877055859247e-16
9.410566622912022 8.84376769509386e-16
9.403429293120176 9.313627074756168e-16
9.396302781566858 9.33910585029261e-16
9.38918706367446 8.903465187362448e-16
9.38208211493976 1.0229220740773415e-15
9.374987910933658 8.827146736109451e-16
9.367904427300875 9.875545068424624e-16
9.360831639759695 2.52963028174652e-15
9.353769524101676 8.780114283497456e-16
9.346718056191365 8.882155510516625e-16
9.339677211966048 9.800553886622207e-16
9.332646967435453 8.865310445977124e-16
9.32562729868149 8.848178638792557e-16
9.318618181857975 2.543190182499587e-15
9.311619593190361 2.743510845020248e-14
9.304631508975469 9.223244720112744e-16
9.29765390558122 9.856508013637654e-16
9.290686759446372 1.8706381561680158e-15
9.28373004708025 1.7250525508613078e-15
9.276783745062485 8.825451301349173e-16
9.269847830042748 8.793163707323954e-16
9.262922278740495 8.954930739979352e-16
9.256007067944699 1.86790864615703e-15
9.249102174513594 1.5358887490584715e-15
9.242207575374417 1.0207108269165404e-15
9.23532324752315 1.2464782806628842e-15
9.228449168024268 9.998272273067292e-15
9.221585314010477 1.4411622295323048e-15
9.21473166268247 1.378174811742233e-15
9.207888191308662 8.826512510552414e-16
9.20105487722495 9.016305917757085e-16
9.194231697834459 2.9000785934135154e-15
9.187418630607292 1.4937112921215887e-15
9.180615653080281 3.595873371636674e-15
9.173822742856744 3.3084241236933125e-15
9.167039877606237 4.765126852429422e-14
9.160267035064305 1.1176524936811836e-15
9.15350419303225 1.5145755034274774e-15
9.146751329376873 8.732863858607744e-16
9.140008422030245 1.0609454942226788e-15
9.133275448989465 8.635547940399912e-16
9.126552388316412 8.681798059984588e-16
9.119839218137516 8.918156718836933e-16
9.113135916643516 8.808809518377801e-16
9.106442462089229 1.0188710531923794e-15
9.099758832793304 9.007449337460186e-16
9.093085007138 9.047840108762096e-16
9.086420963568953 9.046312415078765e-16
9.079766680594924 9.070917358764256e-16
9.073122136787598 9.06215419152395e-16
9.066487310781332 1.210601974383327e-15
9.05986218127293 9.047394588803998e-16
9.053246727021426 9.066298919552007e-16
9.046640926847841 9.267459622955496e-16
9.040044759634972 9.049581827986376e-16
9.033458204327152 9.034566268252566e-16
9.02688123993004 9.052698876722098e-16
9.020313845510389 9.020967082148182e-16
9.013756000195826 9.031190343590219e-16
9.007207683174634 9.00624754040165e-16
9.000668873695528 9.013436657912655e-16
8.994139551067436 9.004756590077015e-16
8.987619694659283 9.029484403000538e-16
8.981109283899773 1.5456258002726376e-15
8.974608298277174 9.123561944481965e-16
8.968116717339093 8.991720554630278e-16
8.96163452069228 9.007115232839026e-16
8.955161688002399 9.060850164418169e-16
8.948698198993815 9.054164225643995e-16
8.942244033449397 9.018681814896216e-16
8.935799171210292 9.047970800442347e-16
8.929363592175722 9.052781922792642e-16
8.92293727630277 8.957058344886944e-16
8.916520203606186 8.969594274369507e-16
8.910112354158159 8.938168533485506e-16
8.903713708088125 8.967373288264532e-16
8.89732424558256 9.05922803528886e-16
8.89094394688477 9.076711034072425e-16
8.884572792294692 8.959970753968178e-16
8.878210762168694 8.983647032142966e-16
8.87185783691936 8.927129361923928e-16
8.86551399701531 8.904835752210011e-16
8.859179222980973 9.051915870078622e-16
8.85285349539642 8.897871944231134e-16
8.846536794897133 1.4137809885392577e-15
8.840229102173831 8.927682868803658e-16
8.833930397972264 8.920146527967788e-16
8.827640663093014 9.158072601401686e-16
8.82135987839131 9.352303059872874e-16
8.81508802477682 9.164681925525376e-16
8.808825083213472 8.900111745081492e-16
8.80257103471925 8.859060274649488e-16
8.79632586036601 8.856604213722586e-16
8.790089541279286 1.2177108494950887e-15
8.783862058638094 8.846841070933885e-16
8.777643393674758 8.830432001134977e-16
8.771433527674702 8.858655397702152e-16
8.765232441976279 8.950085480436332e-16
8.759040117970573 8.821625614734528e-16
8.75285653710122 9.118030994994673e-16
8.746681680864219 1.1637583080832896e-15
8.740515530807748 8.827286350236923e-16
8.734358068531977 8.952758965188065e-16
8.728209275688895 9.902325379218959e-16
8.722069133982115 8.798120135015879e-16
8.7159376251667 8.810243320919027e-16
8.709814731048983 8.816928476210157e-16
8.703700433486384 8.819326676901645e-16
8.69759471438723 8.849540877187988e-16
8.691497555710582 8.837515435390736e-16
8.685408939466047 1.102960764482666e-15
8.679328847713615 8.81349112136033e-16
8.673257262563473 8.770416630951499e-16
8.667194166175827 9.12037741024357e-16
8.661139540760738 8.766272352325251e-16
8.655093368577944 9.035145174857204e-16
8.649055631936678 8.718519787795827e-16
8.643026313195508 8.814136221706503e-16
8.637005394762157 8.805445546877232e-16
8.630992859093334 8.677623151463451e-16
8.624988688694568 9.932321271319344e-16
8.618992866120033 8.650198735596491e-16
8.613005373972372 1.2204348666262156e-15
8.607026194902552 8.717191636432139e-16
8.601055311609672 8.623623168593874e-16
8.59509270684081 8.615224630313856e-16
8.589138363390845 9.467778715605325e-16
8.58319226410231 9.087479417131176e-16
8.57725439186521 8.638225123472007e-16
8.571324729616864 9.232457233569108e-16
8.565403260341744 8.595692091500133e-16
8.559489967071311 9.047716683018124e-16
8.553584832883846 1.6979547052466625e-15
8.547687840904302 8.587660914098433e-16
8.54179897430413 8.906495291187002e-16
8.53591821630113 8.584561722605188e-16
8.530045550159283 9.315869369302712e-16
8.524180959188593 1.0535923794304168e-15
8.518324426744936 1.1014897493935073e-15
8.512475936229897 1.0316642536017142e-15
8.506635471090615 8.564623973405144e-16
8.500803014819619 8.589545998078757e-16
8.49497855095469 1.1235599846809007e-15
8.489162063078686 8.553970542778167e-16
8.483353534819406 8.771725970130098e-16
8.47755294984942 8.562345829855118e-16
8.471760291885928 8.669209241384767e-16
8.465975544690608 8.58304975801172e-16
8.460198692069445 2.844727597310193e-15
8.454429717872609 9.592363123105241e-16
8.448668605994285 1.3713679724240167e-15
8.442915340372528 9.915463216395963e-16
8.437169904989108 1.3217966096260513e-15
8.43143228386938 1.50885048283694e-15
8.425702461082114 9.62136307081057e-15
8.419980420739357 1.8240404397328298e-14
8.414266146996288 2.126946103990789e-15
8.408559624051072 1.1341233483147927e-15
8.402860836144706 8.857380210366473e-16
8.397169767560886 8.951389203445951e-16
8.391486402625848 8.656853839495566e-16
8.385810725708245 8.479520675210946e-16
8.380142721218977 8.475539142887084e-16
8.374482373611077 8.480459753424679e-16
8.368829667379542 8.514068535463888e-16
8.363184587061209 8.539700286638976e-16
8.357547117234612 8.452343406327949e-16
8.35191724251983 8.443416227702524e-16
8.346294947578365 8.440059949792905e-16
8.340680217112984 8.431468863823206e-16
8.335073035867598 8.435902811639552e-16
8.329473388627108 8.454248139974844e-16
8.323881260217279 8.4327392340226595e-16
8.318296635504598 8.567808115056758e-16
8.312719499396136 8.407330206916943e-16
8.307149836839418 8.399361471212965e-16
8.301587632822276 8.475957845088969e-16
8.296032872372733 9.111933428180008e-16
8.290485540558844 8.385162275692222e-16
8.284945622488591 8.39491794402697e-16
8.279413103309722 8.372930031163054e-16
8.273887968209635 8.366609226428965e-16
8.268370202415243 8.360143960127522e-16
8.262859791192836 8.355137305137722e-16
8.257356719847964 8.350382404984998e-16
8.251860973725288 8.351591460189128e-16
8.246372538208458 8.336767735813811e-16
8.240891398719993 8.342776006632284e-16
8.235417540721139 8.464908868423644e-16
8.229950949711741 8.327868950738712e-16
8.224491611230123 8.309051465586494e-16
8.219039510852957 8.305814618408677e-16
8.213594634195132 8.303694235999425e-16
8.208156966909634 8.295455588192381e-16
8.20272649468741 8.290399301544919e-16
8.19730320325726 8.287498446616673e-16
8.191887078385692 8.282756867900699e-16
8.186478105876809 8.280560009586201e-16
8.181076271572183 8.284976390099625e-16
8.175681561350732 8.378829377461588e-16
8.170293961128596 8.280917249310419e-16
8.164913456859013 8.265041879789176e-16
8.159540034532197 8.264008058413644e-16
8.154173680175223 8.262744503263379e-16
8.148814379851895 8.24598627507956e-16
8.143462119662633 8.239327349847972e-16
8.138116885744354 8.240497875578996e-16
8.132778664270344 8.49342471844576e-16
8.127447441450146 8.393019244329537e-16
8.12212320352944 8.230268818338009e-16
8.116805936789925 8.222329793855031e-16
8.111495627549193 8.208412825180785e-16
8.106192262160631 8.20641335774307e-16
8.100895827013279 8.223364323878712e-16
8.095606308531735 8.243446096203045e-16
8.090323693176028 8.217159932638453e-16
8.085047967441502 8.190738905217101e-16
8.079779117858708 8.208227065433354e-16
8.074517130993282 8.634712508581658e-16
8.069261993445837 1.448695370277215e-15
8.064013691851843 8.186314459604289e-16
8.058772212881522 8.6505323832389435e-16
8.05353754323972 9.344222652392147e-16
8.048309669665814 8.14727766039604e-16
8.04308857893359 8.147800973946263e-16
8.037874257851126 8.886029229894552e-16
8.032666693260694 8.180088982039781e-16
8.02746587203864 8.131803650553431e-16
8.022271781095274 1.526118654420928e-15
8.017084407374762 8.117593071245712e-16
8.01190373785502 8.118845795955659e-16
8.006729759547602 8.131409808636717e-16
8.001562459497592 8.156051023165957e-16
7.996401824783487 8.106860908348333e-16
7.99124784251711 8.106184662074311e-16
7.98610049984348 8.092916954528888e-16
7.9809597839407225 8.126736960448776e-16
7.975825682019949 8.075784591022786e-16
7.970698181325167 8.061551125822523e-16
7.965577269133159 8.056602466341426e-16
7.960462932753383 8.058387642151859e-16
7.95535515952787 8.06738664443533e-16
7.9502539368311185 8.080890406109406e-16
7.94515925206999 8.039534566935942e-16
7.940071092683601 8.036716237609947e-16
7.934989446143231 8.081115655659558e-16
7.9299142999522045 8.024504507186665e-16
7.924845641645801 8.009968417098155e-16
7.919783458791151 7.998548858200754e-16
7.914727738987126 8.115649945079831e-16
7.909678469864247 7.986825675603397e-16
7.90463563908458 7.981004490403979e-16
7.899599234341631 7.972362208509846e-16
7.894569243360256 7.963660624036177e-16
7.889545653896552 7.957594841767917e-16
7.884528453737762 7.94974363698618e-16
7.879517630702174 7.953014529792422e-16
7.874513172639024 3.506997830927885e-15
7.869515067428401 9.159201297872609e-16
7.864523302981138 8.488119364652335e-16
7.859537867238728 8.126714748385789e-16
7.854558748173219 7.953225953592943e-16
7.84958593378712 1.0294286274233216e-14
7.8446194121133015 8.568780707859699e-16
7.839659171214904 7.885086692233306e-16
7.834705199185237 1.1244461078589846e-15
7.829757484147695 7.904774368671998e-16
7.824816014255645 7.893088943307011e-16
7.819880777692344 7.897750263770964e-16
7.814951762670846 8.061260703945091e-16
7.810028957433903 8.48162560221123e-16
7.805112350253868 1.7386862193067821e-15
7.800201929432615 8.211938386912258e-16
7.795297683301431 8.231700932625242e-16
7.790399600220935 7.84379115069644e-16
7.785507668580977 7.83883796392066e-16
7.7806218768005575 7.83590039973859e-16
7.775742213327723 1.102234049400422e-15
7.770868666639485 8.144693082615698e-16
7.766001225241722 1.1651273419814616e-15
7.761139877669099 1.0868111085376797e-15
7.756284612484966 5.1481868640936236e-15
7.7514354182812735 8.065948370012641e-16
7.746592283678487 7.813410697583966e-16
7.741755197325491 7.816668707569537e-16
7.7369241478995034 9.742796465179307e-16
7.732099124105992 9.392268789249895e-16
7.727280114678575 8.729260279882685e-16
7.722467108378944 8.2155207201462e-16
7.7176600939967726 7.779210257023635e-16
7.712859060349628 7.771536497403001e-16
7.708063996282888 7.771247034426612e-16
7.703274890669651 7.7640874993692e-16
7.698491732410649 8.800861398253853e-16
7.693714510434169 8.067577443727791e-16
7.688943213695959 7.750557963330036e-16
7.684177831179147 7.742439088631506e-16
7.6794183518941574 7.797109468788866e-16
7.674664764878625 8.760144096514554e-16
7.66991705919731 7.768148957183174e-16
7.665175223942015 7.719754951090065e-16
7.660439248231498 7.71354391838707e-16
7.655709121211401 7.707966307857356e-16
7.65098483205415 7.702765843122247e-16
7.6462663699588855 7.698528944002745e-16
7.641553724151375 7.724399123512747e-16
7.636846883883933 8.535426493278781e-16
7.632145838435333 7.709168548518938e-16
7.6274505771107375 7.675266145083422e-16
7.622761089241607 7.669199004846001e-16
7.61807736418562 7.722403312585571e-16
7.613399391326603 7.990347923201465e-16
7.608727160074437 7.703679868314164e-16
7.604060659864983 7.645613211051012e-16
7.599399880160003 7.6820401100066e-16
7.594744810447081 7.87338380031433e-16
7.590095440239542 7.680673832970511e-16
7.585451759076377 7.796594336977181e-16
7.580813756522159 9.153673087815913e-16
7.576181422166965 7.670826128074005e-16
7.57155474562631 7.611241572060301e-16
7.566933716541052 7.596253866496246e-16
7.5623183245773244 7.589552054938481e-16
7.55770855942646 7.582965974646599e-16
7.5531044108049095 7.576556448170805e-16
7.5485058684541695 8.172515963002541e-16
7.543912922140701 7.647527596881569e-16
7.5393255616558585 7.571654384134865e-16
7.534743776815812 7.549642472927159e-16
7.530167557461475 7.542424593914026e-16
7.52559689345842 7.535656491977243e-16
7.521031774696813 7.531577497153949e-16
7.516472191091341 7.541874904426489e-16
7.511918132581127 7.551668707766078e-16
7.507369589129663 7.546833089979848e-16
7.5028265507247385 7.539929683299406e-16
7.498289007378356 7.543104696704825e-16
7.493756949126674 7.589524251840215e-16
7.489230366029922 7.728940624841542e-16
7.484709248172329 7.526771507432035e-16
7.48019358566206 7.517606279116948e-16
7.475683368631128 7.693732645375076e-16
7.47117858723534 4.3086545876883925e-15
7.466679231654212 7.49823155458337e-16
7.462185292090904 7.493305159687663e-16
7.457696758772149 7.488478026369397e-16
7.453213621948177 7.483058813824081e-16
7.448735871892651 7.477880753884347e-16
7.444263498902588 7.472681129128001e-16
7.439796493298303 7.467464078479511e-16
7.435334845423326 7.462291452000847e-16
7.430878545644338 7.456791110852829e-16
7.426427584351097 7.451421086382611e-16
7.4219819519563766 7.446079625918526e-16
7.417541638895895 7.440974907478774e-16
7.413106635628241 7.435837480153159e-16
7.408676932634809 7.430675873181208e-16
7.404252520419734 7.425446161015203e-16
7.399833389509818 7.420173138144163e-16
7.395419530454469 7.414846639555077e-16
7.391010933825627 7.409487352042893e-16
7.386607590217698 7.404050101729196e-16
7.382209490247496 7.398583100398852e-16
7.377816624554162 7.393069195532473e-16
7.373428983799109 7.390800575591192e-16
7.36904655866595 7.400726446523407e-16
7.364669339860432 7.380122990200179e-16
7.360297318110379 7.370571656140131e-16
7.355930484165612 7.364627420505525e-16
7.351568828797892 7.358787855206049e-16
7.34721234280086 7.352921858691813e-16
7.342861016989963 7.346962997548622e-16
7.338514842202393 7.341058074050623e-16
7.334173809297021 7.335554837848445e-16
7.329837909154337 7.329747205411776e-16
7.325507132676386 7.323139893174866e-16
7.321181470786696 7.316565861632551e-16
7.316860914430226 7.768108304693081e-16
7.312545454573295 7.371781410432644e-16
7.308235082203522 2.553183990226699e-15
7.3039297883297625 7.293892287847685e-16
7.29962956398205 7.299596754024716e-16
7.295334400211525 7.28081734278309e-16
7.2910442880903785 7.583773556708478e-16
7.286759218711793 7.265373529943321e-16
7.282479183189875 7.258881219397429e-16
7.278204172659595 8.130277185609494e-16
7.273934178276732 7.931798025545585e-16
7.2696691912178 7.484514759420769e-16
7.265409202680006 7.237999941186332e-16
7.2611542038811665 7.264333511944513e-16
7.256904186059666 7.257013464611857e-16
7.252659140474392 7.443239060108119e-16
7.248419058404668 7.859720123192341e-16
7.244183931150201 7.197413633043802e-16
7.2399537500310185 7.196609061658673e-16
7.235728506387412 1.7747932981108988e-15
7.231508191579877 7.36106589933889e-16
7.227292796989054 7.172115322250607e-16
7.223082314015667 7.172708166285036e-16
7.218876734080469 7.158574917486303e-16
7.214676048624181 7.154075685700679e-16
7.2104802491074365 7.143317502378131e-16
7.206289327010721 7.137576379155151e-16
7.202103273834317 7.148651088562412e-16
7.197922081098245 7.264624677297767e-16
7.193745740342204 7.291566427492942e-16
7.189574243125518 7.18795462594325e-16
7.185407581027082 1.3882318712834344e-15
7.1812457456452945 7.439901200648891e-16
7.177088728598012 1.0278023510225196e-15
7.172936521522485 1.3348903160583551e-15
7.1687891160753106 7.761459546599215e-16
7.164646503932369 7.161356563731265e-16
7.160508676788767 7.22063269032774e-16
7.156375626358791 7.078517074674272e-16
7.152247344375846 1.1418797159463059e-15
7.148123822592395 7.050082513115307e-16
7.1440050527799155 7.041948048745253e-16
7.139891026728839 7.03737921299483e-16
7.135781736248494 7.033874728800144e-16
7.131677173167058 9.433389035925503e-16
7.127577329331497 7.024494436922253e-16
7.1234821966075135 7.018986062798719e-16
7.119391766879496 7.015844395630445e-16
7.11530603205046 8.724462028903172e-16
7.1112249840420025 7.008073817394844e-16
7.107148614794238 5.313974049408159e-15
7.103076916265753 6.997159205741048e-16
7.099009880433552 6.990908766097565e-16
7.094947499293005 6.986090450673003e-16
7.090889764857791 6.981352502795725e-16
7.086836669159851 6.976783153174845e-16
7.082788204249331 6.971496095477366e-16
7.078744362194538 6.966523831355357e-16
7.074705135081874 6.9611841833959595e-16
7.070670515015802 6.956048305311268e-16
7.066640494118781 6.950950436353573e-16
7.06261506453122 6.945737697464948e-16
7.058594218411424 6.940542160085114e-16
7.054577947935553 6.935192609868033e-16
7.050566245297555 6.929860321396751e-16
7.0465591027091286 6.924497514190918e-16
7.042556512399667 6.926371389601875e-16
7.038558466616209 6.968694942716225e-16
7.034564957623387 7.010201612763158e-16
7.030575977703381 7.0102270107457795e-16
7.026591519155871 7.004508160901637e-16
7.022611574297973 6.999562076609214e-16
7.018636135464207 6.99708354850087e-16
7.01466519500644 6.988044716482744e-16
7.010698745293837 6.981671301165274e-16
7.006736778712812 6.975858091545458e-16
7.002779287666978 6.969956605111983e-16
6.998826264577104 6.964039305560343e-16
6.994877701881064 6.958093176580663e-16
6.990933592033785 6.954034885797837e-16
6.9869939275072 6.957073683425872e-16
6.983058700790207 6.951804103991564e-16
6.979127904388613 6.997337014604385e-16
6.975201530825089 6.972509943445202e-16
6.971279572639124 6.926888806257622e-16
6.967362022386978 7.056543323601886e-16
6.963448872641633 6.910297929970427e-16
6.959540115992748 6.911517392668249e-16
6.955635745046608 6.902663439175898e-16
6.951735752426083 6.919324616694942e-16
6.947840130770579 6.895550065890207e-16
6.943948872735989 6.927963421639616e-16
6.940061970994656 6.916386147099693e-16
6.936179418235312 6.869641883216436e-16
6.9323012071630465 6.857002095938468e-16
6.928427330499255 6.850235197037793e-16
6.924557780981591 6.843501949729787e-16
6.920692551363923 6.836732508632916e-16
6.916831634416292 6.829918941728187e-16
6.912975022924861 6.823057929007982e-16
6.909122709691879 6.829157757223804e-16
6.905274687535619 7.85240997594398e-16
6.901430949290353 7.262306701906212e-16
6.8975914878063 6.796623750694101e-16
6.893756295949573 6.789701893451532e-16
6.88992536660215 6.791179622159206e-16
6.886098692661818 6.780248326138955e-16
6.882276267042136 6.767256182353811e-16
6.878458082672388 6.76035009527832e-16
6.87464413249754 6.754514411460644e-16
6.870834409478196 6.751246579597097e-16
6.867028906590556 6.75682537802618e-16
6.863227616826372 6.739535683512183e-16
6.85943053319291 6.731752117219517e-16
6.855637648712892 6.735854340471743e-16
6.851848956424475 6.773211665303894e-16
6.848064449381189 6.721989506148334e-16
6.844284120651909 6.707702810388086e-16
6.840507963320799 6.702538789952396e-16
6.836735970487282 6.705273093903437e-16
6.8329681352659914 6.717074994682345e-16
6.829204450786733 6.69891930493839e-16
6.82544491019444 6.738520225123188e-16
6.821689506649129 6.685370503510157e-16
6.817938233325865 6.666902351602678e-16
6.8141910834147215 6.660114766732632e-16
6.810448050120726 6.663663544025967e-16
6.80670912666383 7.74124768675589e-16
6.802974306278872 6.6785439283640805e-16
6.799243582215524 6.682027091243496e-16
6.7955169477382595 6.853192743705701e-16
6.791794396126309 7.195998639738015e-16
6.7880759206736245 7.756943479843158e-16
6.784361514688834 6.783556210917983e-16
6.780651171495204 6.82064445720815e-16
6.776944884430599 6.626551817232782e-16
6.77324264684744 8.900959851111846e-16
6.7695444521126715 6.590068134131628e-16
6.765850293607708 6.584039095218172e-16
6.762160164728412 6.591924801397842e-16
6.758474058885042 6.649062673528925e-16
6.7547919695022145 6.577895023026749e-16
6.751113890018872 6.559826716364479e-16
6.747439813888239 6.56359229576785e-16
6.743769734577781 4.505493945054969e-15
6.74010364556917 3.129943066856789e-14
6.736441540358246 2.417076943294234e-15
6.7327834124549755 6.544866149835507e-16
6.729129255383412 1.1376217405004851e-15
6.725479062681667 7.135751295340674e-16
6.721832827901857 1.1611150232304565e-15
6.718190544610085 2.0933894591327338e-15
6.714552206386376 6.546943930389672e-16
6.710917806824671 6.515650431477593e-16
6.707287339532762 6.937678926939134e-16
6.703660798132271 6.824697784912565e-16
6.700038176258603 6.831776002015923e-16
6.696419467560921 7.146981108946382e-16
6.692804665702093 1.054986883070419e-15
6.689193764358668 1.138843477633499e-14
6.685586757220829 3.331153594958884e-15
6.681983637992365 1.526290005637986e-15
6.678384400390636 1.125472972320997e-15
6.6747890381465185 6.463023004767682e-16
6.671197545004392 6.429537484254044e-16
6.6676099147220915 6.448785281735123e-16
6.6640261410708685 5.378645187352823e-15
6.66044621783536 1.9053291505794616e-15
6.656870138813554 4.8934644878858934e-15
6.653297897816747 5.601689721248298e-15
6.649729488669521 4.992019170585324e-14
6.646164905209686 9.733662491779229e-16
6.642604141288268 7.521684242898749e-16
6.6390471907694595 6.36430588096277e-16
6.635494047530592 1.4408406764193292e-15
6.631944705462093 6.342627165046068e-16
6.628399158467456 6.336078264372821e-16
6.624857400463205 6.327705838583095e-16
6.621319425378861 6.320488966798486e-16
6.6177852271569035 6.313523766652284e-16
6.614254799752739 6.306484621511128e-16
6.610728137134665 6.29941646097994e-16
6.60720523328384 6.292307949311086e-16
6.60368608219424 6.285155275452478e-16
6.600170677872633 6.277962691153963e-16
6.596659014338543 6.271257836511137e-16
6.593151085624213 6.266547876627293e-16
6.589646885774575 6.262026387907384e-16
6.586146408847211 6.257475319188214e-16
6.582649648912326 6.25349213284906e-16
6.579156600052711 1.3782914590475695e-15
6.5756672563637135 6.244124436661272e-16
6.572181611953193 6.239118323670935e-16
6.568699660941501 6.234907740904701e-16
6.565221397461442 6.230666647983693e-16
6.56174681565824 6.226391056419659e-16
6.558275909689509 6.222081553116858e-16
6.554808673725215 6.217736012865064e-16
6.551345101947648 6.213355635679371e-16
6.547885188551388 6.20894157583475e-16
6.544428927743272 6.204492525906052e-16
6.540976313742363 6.200009819524682e-16
6.537527340779916 6.195528951241113e-16
6.534082003099346 6.191028569369675e-16
6.5306402949562 6.18649296729715e-16
6.527202210618115 6.181922656331215e-16
6.523767744364801 6.178388698200738e-16
6.520336890487995 6.181805025441266e-16
6.516909643291439 6.218258720878119e-16
6.513485997090846 6.522799293824747e-16
6.510065946213864 6.221910912648492e-16
6.5066494850000485 6.176089886438802e-16
6.503236607800836 6.151841549056029e-16
6.499827308979504 6.14449515666239e-16
6.496421582911144 1.0254872965608936e-15
6.4930194239826315 6.155312657003377e-16
6.489620826592595 6.249579100221001e-16
6.48622578515138 6.170125582739739e-16
6.4828342940810275 6.131149826614613e-16
6.479446347815239 6.115450272909458e-16
6.476061940799343 6.109224714949014e-16
6.472681067490266 6.104344911106601e-16
6.4693037223565115 6.098927786447769e-16
6.4659298998781125 6.093682287221739e-16
6.462559594546616 6.088447341251285e-16
6.459192800865046 6.083176224097313e-16
6.455829513347879 6.077868741541267e-16
6.452469726521005 6.072759630771277e-16
6.44911343492171 8.558223885165455e-16
6.445760633098635 6.065671569258892e-16
6.442411315611754 6.077115099001521e-16
6.43906547703234 6.054089902598628e-16
6.4357231119429406 6.045693567419052e-16
6.432384214937344 6.040275222659798e-16
6.429048780620551 6.034641149330386e-16
6.425716803608748 6.028948916299823e-16
6.422388278529275 6.023359248601987e-16
6.419063200020602 6.01791530945206e-16
6.415741562732293 7.635876881031153e-16
6.412423361324983 6.006574240621649e-16
6.409108590470344 6.000721723841409e-16
6.405797244851066 5.994970170867738e-16
6.402489319160815 5.989181653737957e-16
6.399184808104218 5.983432825375161e-16
6.395883706396824 6.979845478449108e-16
6.392586008765085 5.982654568024893e-16
6.389291709946323 6.046865270576321e-16
6.386000804688697 6.128978094292359e-16
6.382713287751186 5.985797878924056e-16
6.379429153903557 6.668555952995967e-16
6.376148397926327 5.941831126421775e-16
6.372871014610757 5.935530661161294e-16
6.369596998758805 5.929420178570944e-16
6.366326345183103 5.923298638981433e-16
6.363059048706936 5.929099664537901e-16
6.35979510416421 5.979431861526314e-16
6.3565345063994245 5.926098016273762e-16
6.353277250267647 5.900545519385013e-16
6.350023330634483 5.892325192287637e-16
6.3467727423760545 5.88596606464295e-16
6.34352548037897 5.879616783698771e-16
6.340281539540293 6.053940678319527e-16
6.337040914767527 5.866858767332161e-16
6.333803600978571 5.861555182537973e-16
6.330569593101716 5.856905644811162e-16
6.327338886075596 5.852361062607434e-16
6.324111474849176 5.847996398780005e-16
6.320887354381724 5.848207682557551e-16
6.317666519642777 5.87409938861307e-16
6.314448965612121 8.825841025353894e-16
6.311234687279764 5.900054258379243e-16
6.308023679645917 5.895635072159481e-16
6.3048159377209485 5.893542526831006e-16
6.301611456525381 5.885577662330567e-16
6.298410231089849 5.880104981695215e-16
6.295212256455084 5.875492183310332e-16
6.292017527671882 5.869927224887893e-16
6.28882603980108 5.865242346486107e-16
6.285637787913537 5.862457449483337e-16
6.282452767090094 5.854789224795473e-16
6.279270972421561 5.849106829491206e-16
6.276092399008692 5.843838929976783e-16
6.272917041962151 5.838537356415254e-16
6.269744896402492 5.833201297250953e-16
6.266575957460137 9.886904134771922e-16
6.263410220275348 5.822427568347279e-16
6.260247679998199 5.8169890986392e-16
6.2570883317885535 5.812495219051459e-16
6.2539321708160465 6.20096797480004e-16
6.250779192260049 6.071262726451473e-16
6.247629391309655 6.356604657837243e-16
6.244482763163641 6.68773155752625e-16
6.241339303030458 5.78366644388054e-16
6.238199006128197 5.777975947424705e-16
6.235061867684575 5.77846400879712e-16
6.231927882936892 5.8025401821829e-16
6.22879704713203 7.072240422327596e-16
6.225669355526412 5.805066379287674e-16
6.2225448033859845 5.770768016995016e-16
6.219423385986195 5.761287623171478e-16
6.216305098611963 5.779609352607337e-16
6.213189936557665 5.7422911674270815e-16
6.210077895127097 5.745810029316713e-16
6.206968969633468 5.746898125789517e-16
6.20386315539936 6.006042024902107e-16
6.200760447756717 6.914289520522361e-16
6.197660842046816 6.38459602606284e-16
6.194564333620242 6.060245225188806e-16
6.19147091783687 6.964996121423085e-16
6.188380590065839 7.502682877882314e-16
6.185293345685527 1.840436234792748e-15
6.182209180083531 7.332260884485509e-16
6.1791280886566415 3.3401172715676753e-15
6.1760500668108245 8.0910132132758105e-16
6.172975109961191 6.487665895032703e-16
6.169903213531984 5.840923869398327e-16
6.166834372956542 5.741897345689125e-16
6.1637685836772915 5.723229494012502e-16
6.160705841145717 5.64698033897558e-16
6.157646140822334 5.630504218133399e-16
6.1545894781766775 5.624560773067215e-16
6.15153584868727 5.618585538156232e-16
6.148485247841605 5.612576994823673e-16
6.14543767113612 5.606533878008354e-16
6.142393114076182 5.600466271496298e-16
6.139351572176055 5.594419545489669e-16
6.136313040958887 5.588323002145396e-16
6.133277515956684 5.582076389876664e-16
6.130244992710287 5.575805805914341e-16
6.127215466769353 5.569547804923889e-16
6.124188933692331 5.563261725775317e-16
6.1211653890464435 5.556940662938595e-16
6.11814482840766 5.550584216519745e-16
6.115127247360678 5.544825767787533e-16
6.112112641498905 5.541350017465459e-16
6.109101006424431 6.315902994498309e-16
6.106092337748008 5.525020737427205e-16
6.103086631089035 5.518353612667769e-16
6.100083882075527 5.511715213038488e-16
6.097084086344102 5.506005502407253e-16
6.094087239539959 5.50171727418035e-16
6.091093337316848 5.497440060347148e-16
6.088102375337061 5.493151645253779e-16
6.085114349271405 5.488966137621281e-16
6.08212925479918 5.484793693239009e-16
6.079147087608162 5.48059997821422e-16
6.07616784339458 5.476513827769439e-16
6.073191517863093 5.472914437525623e-16
6.070218106726777 5.46931401086569e-16
6.067247605707095 5.945210454454087e-16
6.0642800105338805 5.459682519656063e-16
6.061315316945323 5.455242179969003e-16
6.058353520687934 5.450472810362431e-16
6.05539461751654 5.446050028375857e-16
6.052438603194256 6.946674960038377e-16
6.049485473492465 5.437099741051792e-16
6.046535224190799 5.432524788034859e-16
6.04358785107712 5.428343626391595e-16
6.040643349947499 5.739384472704858e-16
6.037701716606193 5.419127329169736e-16
6.034762946865633 5.414194572261323e-16
6.031827036546392 5.409540086882234e-16
6.028893981477179 5.404860583378106e-16
6.025963777494807 5.400152944271596e-16
6.023036420444184 5.395562022428644e-16
6.0201119061782835 5.580640602464917e-16
6.017190230558132 5.385967312375027e-16
6.014271389452786 5.381002853373112e-16
6.011355378739314 5.394340124494533e-16
6.008442194302776 5.472049848650768e-16
6.005531832036207 5.382220159817251e-16
6.002624287840593 5.362161156844738e-16
5.9997195576248545 5.357527172054641e-16
5.996817637305826 5.352865612981091e-16
5.993918522808243 5.348175873450516e-16
5.9910222100647115 5.343456780499112e-16
5.988128695015699 5.33870910910749e-16
5.98523797360951 5.333933775515278e-16
5.98235004180227 5.329129795045785e-16
5.979464895557906 5.324293906783389e-16
5.976582530848126 5.319430605744584e-16
5.973702943652403 5.321308860696538e-16
5.970826129957953 5.351338353475212e-16
5.967952085759718 5.331859386688095e-16
5.9650808070603505 5.302971237598854e-16
5.96221228987019 5.294703042852281e-16
5.959346530207247 5.289677757403329e-16
5.956483524097182 5.284623179081741e-16
5.953623267573294 5.27953971876713e-16
5.950765756676493 5.274426819909156e-16
5.947910987455288 5.269284286685926e-16
5.945058955965767 5.264723023592424e-16
5.9422096582715795 5.263670499463902e-16
5.939363090443916 5.263184089629562e-16
5.936519248561493 5.258252838850191e-16
5.933678128710533 5.252293765944691e-16
5.930839726984748 5.247804489229725e-16
5.92800403948532 5.246643819440571e-16
5.925171062320884 5.236882990107802e-16
5.9223407916075095 5.23191279363426e-16
5.919513223468686 5.232052190970499e-16
5.9166883540352995 5.22089440786099e-16
5.91386617944562 5.214751770028344e-16
5.911046695845281 5.20879117164742e-16
5.908229899387263 5.203489341115938e-16
5.9054157862318775 5.199447777796356e-16
5.902604352546745 5.193163810219889e-16
5.899795594506782 5.191848809563023e-16
5.896989508294185 5.184810350258969e-16
5.8941860900984056 5.175706737974178e-16
5.891385336116141 5.169559286896704e-16
5.888587242551312 5.163871877543979e-16
5.88579180561505 5.158463168502608e-16
5.882999021525677 5.413540792214681e-16
5.8802088865086874 5.252569487790203e-16
5.877421396796735 5.190459861324915e-16
5.874636548629612 5.18967125553142e-16
5.871854338254235 5.143902307401851e-16
5.869074761924627 5.145494061567557e-16
5.866297815901899 5.131575604884837e-16
5.863523496454238 5.131899235293381e-16
5.860751799856885 5.202894287188548e-16
5.85798272239212 5.128273765130211e-16
5.855216260349247 5.906293621565151e-16
5.852452410024576 5.651295216088658e-16
5.8496911677214065 5.099377657800136e-16
5.846932529750011 5.085429055035163e-16
5.84417649242762 5.0809499114978e-16
5.841423052078404 5.076441859632479e-16
5.838672205033456 7.33644065742398e-16
5.83592394763078 1.4120183960974693e-15
5.833178276215268 6.708137986689666e-16
5.830435187138689 5.075251530176273e-16
5.827694676759673 5.100980189190135e-16
5.824956741443689 5.297469277491591e-16
5.822221377563037 5.166066093373913e-16
5.819488581496825 6.792053214501197e-16
5.816758349630957 2.4553005453070907e-15
5.814030678358119 5.100735251537251e-16
5.811305564077755 5.02781667659237e-16
5.80858300319606 5.744252235260153e-16
5.8058629921259595 8.094071428639479e-16
5.803145527287094 5.031207845044316e-16
5.800430605105805 5.059508721524997e-16
5.797718222015119 6.758393622340808e-16
5.795008374454729 6.080487178680646e-16
5.792301058870985 8.759194980215379e-16
5.789596271716871 6.394589794604231e-16
5.786894009451995 5.366189415193957e-16
5.784194268542572 5.210115984793092e-16
5.781497045461406 4.996842801586719e-16
5.778802336687881 4.964736768136282e-16
5.7761101387079385 4.961407182725636e-16
5.773420448014066 6.464166178964502e-16
5.770733261105281 6.174936438831686e-16
5.768048574487119 5.448448809771234e-16
5.7653663846716094 7.885032965395115e-16
5.762686688177272 6.231020063864641e-16
5.760009481529093 2.0940081899167135e-15
5.757334761258516 5.180724724674967e-16
5.754662523903419 4.950642687414138e-16
5.751992766008111 4.908344329770228e-16
5.749325484123307 4.902745374461732e-16
5.746660674806118 4.897917889757815e-16
5.743998334620035 4.895602700872616e-16
5.741338460134916 4.9093456416078555e-16
5.738681047926966 5.345659488459393e-16
5.736026094578728 4.893843236838531e-16
5.733373596679068 4.86901368679655e-16
5.730723550823157 4.863398027334066e-16
5.728075953612457 4.857759135604345e-16
5.72543080165471 4.852098208239888e-16
5.722788091563919 4.84655094113578e-16
5.720147819960338 4.841321147089901e-16
5.7175099834704515 4.83603945588496e-16
5.714874578726969 4.830746164053813e-16
5.712241602368802 4.825430051034357e-16
5.709611051041052 4.82008735407622e-16
5.706982921395002 4.814717700735335e-16
5.704357210088095 4.809321361541888e-16
5.701733913783924 4.803899467025298e-16
5.699113029152214 4.798459931445463e-16
5.696494552868812 4.792968906741701e-16
5.693878481615672 4.787460863639497e-16
5.691264812080839 4.782034364780545e-16
5.688653540958439 6.024001863132908e-16
5.6860446649486605 4.771224317044748e-16
5.683438180757741 4.771007805090879e-16
5.680834085097956 8.489838356760914e-15
5.678232374687606 4.757125574284088e-16
5.675633046250996 4.748158840653907e-16
5.673036096518433 4.742435661559762e-16
5.670441522226198 4.736694153168425e-16
5.667849320116545 4.730927692729249e-16
5.665259486937682 4.725133791523737e-16
5.662672019443755 4.719312124131776e-16
5.660086914394839 4.714003526755143e-16
5.657504168556923 4.710140309432099e-16
5.654923778701895 4.70634944095712e-16
5.6523457416075304 4.702576812978322e-16
5.649770054057477 4.698924134646577e-16
5.647196712841244 4.694877369550437e-16
5.644625714754185 4.690963254877507e-16
5.6420570565974915 4.687061362495909e-16
5.639490735178168 4.68313776627183e-16
5.6369267473090305 4.679190230086834e-16
5.634365089808687 4.675220738906493e-16
5.631805759501528 4.671229083552148e-16
5.62924875321771 4.66721528198904e-16
5.6266940677931405 4.663178966515099e-16
5.624141700069474 4.659119968318984e-16
5.621591646894089 4.6550390803913235e-16
5.61904390512008 4.650955916604615e-16
5.616498471606244 4.646864790677822e-16
5.613955343217068 4.642760679137546e-16
5.611414516822713 4.638651044556867e-16
5.608875989299009 4.63451944417049e-16
5.60633975752743 4.661689399369166e-16
5.603805818395092 4.798728203391865e-16
5.601274168794735 4.648312926769658e-16
5.598744805624713 4.617791577366106e-16
5.596217725788978 4.613537178777516e-16
5.59369292619707 4.609254765314944e-16
5.591170403764104 4.604963316602876e-16
5.5886501554107575 4.600658263315707e-16
5.586132178063257 4.596317798095127e-16
5.583616468653365 4.591952175721316e-16
5.581103024118371 4.58756886723676e-16
5.578591841401075 4.583163039714077e-16
5.576082917449776 4.578734148690661e-16
5.573576249218265 4.57428243647498e-16
5.571071833665801 4.58604711759714e-16
5.568569667757112 4.67149354678276e-16
5.566069748462372 4.959264649132566e-16
5.563572072757197 1.0390564959330037e-15
5.5610766376226275 6.61163757316676e-16
5.558583440045118 5.304703903558353e-16
5.5560924770165245 4.827273485764794e-16
5.553603745534093 4.537902360778311e-16
5.551117242600448 4.533285258267695e-16
5.548632965223579 4.52864083861512e-16
5.546150910416827 4.524010721513917e-16
5.543671075198879 6.276697333439662e-16
5.5411934565937475 5.941598458354422e-16
5.538718051630767 4.634703358523474e-16
5.536244857344574 4.538809672249169e-16
5.533773870775101 4.594187088254666e-16
5.531305088967563 4.515929082360765e-16
5.528838508972445 4.491588266342242e-16
5.52637412784549 4.485870964246713e-16
5.523911942647691 4.4812391053136e-16
5.5214519504452735 4.476586058530993e-16
5.5189941483096865 4.471913844604217e-16
5.516538533317593 4.467713085516729e-16
5.5140851025508555 4.465198564898356e-16
5.511633853096525 4.458186557044023e-16
5.509184782046833 4.453018754989307e-16
5.506737886499171 4.448237478905646e-16
5.504293163556091 4.9311171520424e-16
5.501850610325284 4.438782813613924e-16
5.4994102239195755 4.434730160424073e-16
5.496972001456909 4.4297792647578726e-16
5.494535940060337 4.438562046182097e-16
5.492102036858011 4.478175493014426e-16
5.489670288983169 4.4277064662842543e-16
5.487240693574122 4.4125723925883994e-16
5.4848132477742455 4.4047128205491467e-16
5.4823879487319696 4.399380271889693e-16
5.479964793600764 4.394534460193058e-16
5.477543779539128 4.389690367409077e-16
5.475124903710582 4.384800067483212e-16
5.472708163283652 4.3798959901560564e-16
5.470293555431867 4.374989730615257e-16
5.467881077333733 4.376950941159243e-16
5.465470726172738 4.402570514890121e-16
5.463062499137332 4.365765964303726e-16
5.46065639342092 4.3570070057006824e-16
5.4582524062218445 4.3913583929311154e-16
5.455850534743383 4.553103406801654e-16
5.453450776193734 8.514040320346679e-16
5.451053127786005 5.281421956121296e-16
5.448657586738201 4.450181137238942e-16
5.446264150273216 4.340067341331018e-16
5.443872815618824 4.3214861093988047e-16
5.441483580007662 4.323320402562502e-16
5.439096440677224 4.318857032354262e-16
5.4367113948698504 4.3209220037595206e-16
5.4343284398327185 4.334279388872376e-16
5.431947572817824 5.841518426427081e-16
5.429568791081983 4.4280654593350794e-16
5.427192091886809 4.3531917158976953e-16
5.424817472498711 4.2981158931512697e-16
5.422444930188881 4.3021954651106075e-16
5.420074462233281 4.281754820258925e-16
5.417706065912632 4.2754161358013054e-16
5.4153397385124125 4.270375875196839e-16
5.412975477322836 4.2663766320323646e-16
5.410613279638846 4.2615904869455795e-16
5.408253142760111 4.611276934420758e-16
5.405895063991002 4.2667116721402607e-16
5.403539040640594 3.2036427258515107e-15
5.401185070022652 4.257583377601281e-16
5.398833149455614 4.305452802085523e-16
5.396483276262595 4.932431161698417e-16
5.394135447771359 4.271647694836142e-16
5.391789661314327 4.2437486105845515e-16
5.389445914228552 4.2584008006203185e-16
5.387104203855719 4.3308821047334827e-16
5.3847645275421305 4.275376820981227e-16
5.382426882638694 4.4345407745079544e-16
5.38009126650092 4.274498626108557e-16
5.377757676488905 4.227971261055295e-16
5.3754261099673215 4.20851163835593e-16
5.373096564305413 4.1951168673344885e-16
5.370769036876981 4.1880446339245526e-16
5.368443525060375 4.182497224377005e-16
5.366120026238482 4.1770517328327273e-16
5.363798537798722 4.1721929317154524e-16
5.361479057133028 4.167438903986667e-16
5.3591615816378475 4.162676794896677e-16
5.356846108714125 4.1577828679664337e-16
5.354532635767295 4.1626942329486055e-16
5.352221160207273 4.2131851763905136e-16
5.349911679448446 4.2118231985506096e-16
5.3476041909096566 4.147440603478573e-16
5.345298692014206 4.1333435228165495e-16
5.342995180189832 4.1283929856066076e-16
5.340693652868706 4.124815537051893e-16
5.338394107487421 4.1260792931473043e-16
5.336096541486985 4.1341993185762266e-16
5.333800952312808 4.2159543214211247e-16
5.331507337414695 4.1196418582047375e-16
5.329215694246833 4.1202999937550814e-16
5.326926020267789 4.242376881001315e-16
5.324638312940491 4.2587572533564055e-16
5.322352569732225 4.1272741737228517e-16
5.320068788114627 4.094394656932128e-16
5.317786965563666 4.1458453552416918e-16
5.315507099559642 4.0784758940200084e-16
5.313229187587175 4.062142040798115e-16
5.310953227135192 4.056887648181255e-16
5.308679215696924 4.0829399713540165e-16
5.306407150769891 4.217934764494563e-16
5.304137029855897 4.067166058047901e-16
5.301868850461019 4.036355787221391e-16
5.2996026100955955 4.031548558361354e-16
5.297338306274224 4.027202969800751e-16
5.295075936515744 4.0203754247345736e-16
5.292815498343234 4.014186377203398e-16
5.290556989284002 4.011051564546465e-16
5.288300406869569 4.037847146030182e-16
5.286045748635671 1.7372893361081265e-15
5.283793012122244 4.012601032755412e-16
5.281542194873413 3.988798798839217e-16
5.279293294437488 3.983843365857668e-16
5.277046308366952 3.978867122094064e-16
5.274801234218455 3.9740906033817713e-16
5.272558069552802 3.9705594381976994e-16
5.2703168119349435 3.967038485746659e-16
5.2680774589339725 3.963549795079532e-16
5.265840008123109 3.960063447480789e-16
5.263604457079696 3.956572804731847e-16
5.2613708033851845 3.9530492000502183e-16
5.259139044625135 3.949514719784565e-16
5.256909178389199 3.94596460896631e-16
5.254681202271115 3.9423970286434766e-16
5.252455113868701 3.938812075832488e-16
5.2502309107838405 3.935210938913286e-16
5.248008590622479 3.931598563047925e-16
5.245788150994614 3.927968351084796e-16
5.243569589514288 3.924320990281938e-16
5.241352903799573 3.920655740354633e-16
5.239138091472571 3.9169727841585847e-16
5.236925150159402 3.9132808309853346e-16
5.2347140774901915 3.909598577185349e-16
5.23250487109907 3.905866802560809e-16
5.230297528624155 3.902085446031051e-16
5.2280920477075545 3.898395725321071e-16
5.225888425995347 3.9053809604318096e-16
5.223686661137577 1.095983967813306e-15
5.2214867507882525 3.8958227390934167e-16
5.2192886926053275 3.883424599225123e-16
5.217092484250701 9.356462119171046e-16
5.2148981233902045 3.8793875735109045e-16
5.212705607693593 4.579385084465196e-16
5.210514934834541 3.872907152454539e-16
5.208326102490633 4.278939074532446e-16
5.206139108343353 3.861707717656031e-16
5.203953950078074 3.8560145565373503e-16
5.201770625384061 3.8521074177059043e-16
5.199589131954449 3.8481890956327557e-16
5.197409467486241 3.8442649872884823e-16
5.195231629680307 3.840285489456658e-16
5.1930556162413595 3.83670640053634e-16
5.190881424877963 3.8345246853344565e-16
5.188709053302512 3.83579225668353e-16
5.186538499231232 8.10843222983796e-16
5.184369760384169 3.8281255750271263e-16
5.182202834485178 3.818416408580209e-16
5.180037719261919 3.815316568916316e-16
5.177874412445849 3.8153279748754137e-16
5.175712911772211 3.804937069708337e-16
5.173553214980031 3.7998645925449216e-16
5.171395319812104 3.795542272480525e-16
5.1692392240149925 3.7916269546244583e-16
5.1670849253390125 3.7887231925129755e-16
5.16493242153823 3.7881001611120365e-16
5.162781710370454 6.576195164689891e-16
5.160632789597222 3.778505373905481e-16
5.1584856569838005 3.770213778389112e-16
5.156340310299173 3.766124386443743e-16
5.154196747316032 3.7620654537166125e-16
5.152054965810772 3.757835868835802e-16
5.149914963563483 3.753110409015552e-16
5.147776738357942 3.751049116980193e-16
5.145640287981602 5.500298582486191e-16
5.143505610225594 3.741956556066704e-16
5.141372702884705 3.7366845824196993e-16
5.139241563757383 3.737154579431398e-16
5.137112190645725 3.729941199725067e-16
5.134984581355467 5.438742596022386e-16
5.132858733695981 4.671320595866357e-16
5.1307346454802625 3.7835516375090653e-16
5.128612314524927 3.895319311229907e-16
5.126491738650203 4.080581931582225e-16
5.124372915679918 3.729339693470503e-16
5.1222558434415 3.851989988443811e-16
5.120140519765964 3.7154775497455125e-16
5.118026942487906 3.6874772032146106e-16
5.115915109445497 3.6834721768060193e-16
5.113805018480476 3.678634467937614e-16
5.111696667438137 3.6747220888261203e-16
5.109590054167331 3.6699764440238948e-16
5.107485176520449 3.666272728751516e-16
5.105382032353424 3.6769750114965733e-16
5.103280619525714 3.503366320372559e-15
5.101180935900304 7.300423092464612e-15
5.0990829793436925 2.6931561919465995e-15
5.096986747725887 3.6665205729201014e-16
5.094892238920395 3.659934680198354e-16
5.092799450804221 8.668052955444457e-16
5.090708381257851 3.6698312490819925e-16
5.088619028165257 4.118576710886699e-16
5.086531389413878 1.0759435606031396e-15
5.084445462894621 8.857831144651562e-16
5.082361246501851 3.733754216072669e-16
5.080278738133384 3.8110358404128567e-16
5.078197935690478 4.0151782489499267e-16
5.076118837077833 3.8231770182729476e-16
5.074041440203574 3.9927824705876857e-16
5.071965742979252 4.201314127448545e-16
5.069891743319833 5.659412853580485e-16
5.067819439143691 4.951282329214554e-16
5.065748828372604 3.88765414488338e-15
5.063679908931745 1.767588582989899e-15
5.061612678749672 9.589253477297613e-16
5.0595471357583275 3.936414867887322e-16
5.057483277893028 6.429289493257241e-16
5.055421103092456 3.6857648069038095e-16
5.0533606092986565 3.689092937841764e-16
5.051301794457028 3.7026127362768844e-16
5.049244656516312 2.7480909571576433e-15
5.047189193428597 1.2015267194814808e-15
5.045135403149299 3.8622111605797557e-16
5.043083283637164 3.2659825585465256e-15
5.0410328328542535 2.1834042845916536e-15
5.038984048765949 1.2522349652793314e-14
5.036936929340932 5.78807538193736e-16
5.034891472551188 3.618882281874237e-16
5.032847676371992 3.6073219781060096e-16
5.030805538781905 3.6096092300912046e-16
5.028765057762772 3.7867119635294643e-16
5.026726231299707 4.335103473025977e-16
5.024689057381092 3.7004204400035607e-16
5.022653533998567 3.6166686840792254e-16
5.020619659147026 3.6868091798861733e-16
5.01858743082461 3.5994693305508994e-16
5.016556847032699 3.5717081412701023e-16
5.014527905775908 3.5776541705767877e-16
5.012500605062075 3.629791002283361e-16
5.010474942902265 3.5975083535535174e-16
5.008450917310749 3.5645227700317263e-16
5.006428526305012 3.550744106758334e-16
5.004407767905734 3.545626533303784e-16
5.002388640136796 3.541462532392613e-16
5.0003711410252585 3.537269006171388e-16
4.9983552686013715 3.5330682687328684e-16
4.996341020898557 3.5291473943202615e-16
4.994328395953405 3.5262236902497637e-16
4.992317391805666 3.5217707865682194e-16
4.990308006498251 3.522407085125377e-16
4.988300238077219 3.5170493497528763e-16
4.98629408459177 3.5310239504909853e-16
4.984289544094245 3.508713835826523e-16
4.982286614640111 3.504624440227048e-16
4.980285294287962 3.4999986941360024e-16
4.978285581099511 3.490870706647253e-16
4.976287473139582 3.4857670876192604e-16
4.974290968476104 3.481363866607605e-16
4.972296065180102 3.478648956213927e-16
4.970302761325703 3.4838229510469746e-16
4.968311054990113 3.480023841269363e-16
4.9663209442536225 3.465670458916871e-16
4.9643324271995946 3.461768330791357e-16
4.962345501914462 3.455017499055898e-16
4.96036016648772 3.450102866195638e-16
