WAVELENGTH FLUX
4.96036016648772 3.138367528097171e-17
4.962345501914462 3.1457097020818864e-17
4.9643324271995946 3.15316485563426e-17
4.9663209442536225 3.1604054919728585e-17
4.968311054990113 3.1683341640097086e-17
4.970302761325703 3.175521856378263e-17
4.972296065180102 3.182077544552359e-17
4.974290968476104 3.189146715161079e-17
4.976287473139582 3.196308758902576e-17
4.978285581099511 3.2048792424123475e-17
4.980285294287962 3.221367340465078e-17
4.982286614640111 3.228008881983356e-17
4.984289544094245 3.226601336033297e-17
4.98629408459177 3.23336145884203e-17
4.988300238077219 3.239562442891484e-17
4.990308006498251 3.248995873889161e-17
4.992317391805666 3.2534761483560644e-17
4.994328395953405 3.2600034390401057e-17
4.996341020898557 3.2669053186263055e-17
4.9983552686013715 3.2738534585458465e-17
5.0003711410252585 3.280799996831679e-17
5.002388640136796 3.2877327662388766e-17
5.004407767905734 3.294628094580691e-17
5.006428526305012 3.3033973500226796e-17
5.008450917310749 3.329053439766329e-17
5.010474942902265 3.3916605114924917e-17
5.012500605062075 3.4548303561285094e-17
5.014527905775908 3.351294796984441e-17
5.016556847032699 3.338407807389319e-17
5.01858743082461 3.393193896179007e-17
5.020619659147026 3.5707349729024475e-17
5.022653533998567 3.425292118860998e-17
5.024689057381092 3.590084329612657e-17
5.026726231299707 4.849277393549323e-17
5.028765057762772 3.7607277811302546e-17
5.030805538781905 3.409338862015887e-17
5.032847676371992 3.4020190590293546e-17
5.034891472551188 3.6927015053406966e-17
5.036936929340932 5.3687150850254293e-17
5.038984048765949 5.587835808064564e-16
5.0410328328542535 1.8251393226707249e-16
5.043083283637164 3.6659338302212523e-16
5.045135403149299 4.3172578079863566e-17
5.047189193428597 1.3013647348687959e-16
5.049244656516312 3.1797693331711317e-16
5.051301794457028 3.4885003159727677e-17
5.0533606092986565 3.5307947590223366e-17
5.055421103092456 4.025203812655442e-17
5.057483277893028 6.627761747518944e-17
5.0595471357583275 4.6524745982747e-17
5.061612678749672 1.3167989874506202e-16
5.063679908931745 1.1450592447743877e-16
5.065748828372604 3.157381191292098e-16
5.067819439143691 5.2475697310795215e-17
5.069891743319833 5.495517568034244e-17
5.071965742979252 4.2740713663528365e-17
5.074041440203574 3.8822219415746523e-17
5.076118837077833 3.7090641996917366e-17
5.078197935690478 3.9251320315700106e-17
5.080278738133384 3.721591763392561e-17
5.082361246501851 3.715282301203563e-17
5.084445462894621 1.1622333975695675e-16
5.086531389413878 1.6290188667026725e-16
5.088619028165257 4.349562553043676e-17
5.090708381257851 3.764467324701235e-17
5.092799450804221 1.3320641386518669e-16
5.094892238920395 3.612287658101071e-17
5.096986747725887 3.7396796646473096e-17
5.0990829793436925 4.8343977763195815e-16
5.101180935900304 3.706224118563912e-16
5.103280619525714 6.524571316890594e-16
5.105382032353424 3.6497418205091634e-17
5.107485176520449 3.6433546174230154e-17
5.109590054167331 3.6521416548413764e-17
5.111696667438137 3.6628903575535285e-17
5.113805018480476 3.6693883938385575e-17
5.115915109445497 3.68058726926934e-17
5.118026942487906 3.685883844061695e-17
5.120140519765964 3.7395578503815964e-17
5.1222558434415 4.002304133772874e-17
5.124372915679918 4.0095080054719323e-17
5.126491738650203 5.383977141372978e-17
5.128612314524927 4.399395493288507e-17
5.1307346454802625 4.074807638877556e-17
5.132858733695981 5.299733610576668e-17
5.134984581355467 5.198300800037062e-17
5.137112190645725 3.9782438069740313e-17
5.139241563757383 3.770229467538815e-17
5.141372702884705 3.7750155584982165e-17
5.143505610225594 3.894335575176372e-17
5.145640287981602 4.5258639620006724e-17
5.147776738357942 3.933859187621231e-17
5.149914963563483 3.8086065561981994e-17
5.152054965810772 3.818976173860383e-17
5.154196747316032 3.830809089075734e-17
5.156340310299173 3.8391066967854055e-17
5.1584856569838005 3.847764008652337e-17
5.160632789597222 4.029594732816394e-17
5.162781710370454 5.005374295140891e-17
5.16493242153823 4.0863020683971986e-17
5.1670849253390125 3.892186901836974e-17
5.1692392240149925 3.8968007708205695e-17
5.171395319812104 3.9059874411700014e-17
5.173553214980031 3.919877206291135e-17
5.175712911772211 3.9533350231699275e-17
5.177874412445849 4.125026432203708e-17
5.180037719261919 4.0275200785305854e-17
5.182202834485178 4.005537220610312e-17
5.184369760384169 4.2440835638696834e-17
5.186538499231232 5.755264583593006e-17
5.188709053302512 4.307192380337613e-17
5.190881424877963 3.991051718549877e-17
5.1930556162413595 3.9991704683761544e-17
5.195231629680307 4.008229601357806e-17
5.197409467486241 4.0177195565435436e-17
5.199589131954449 4.026551762320587e-17
5.201770625384061 4.035532364906454e-17
5.203953950078074 4.044620533821887e-17
5.206139108343353 4.152066635110271e-17
5.208326102490633 4.711656095734256e-17
5.210514934834541 4.358035747260419e-17
5.212705607693593 5.187192091591755e-17
5.2148981233902045 4.30555607816688e-17
5.217092484250701 4.1867014559739026e-17
5.2192886926053275 4.123720324032164e-17
5.2214867507882525 4.124245014009649e-17
5.223686661137577 8.140119973014985e-17
5.225888425995347 4.1567131075494374e-17
5.2280920477075545 4.153009916254473e-17
5.230297528624155 4.1539327679401844e-17
5.23250487109907 4.165329113552864e-17
5.2347140774901915 4.174112080607072e-17
5.236925150159402 4.179096569290973e-17
5.239138091472571 4.1868674321687296e-17
5.241352903799573 4.19550448658865e-17
5.243569589514288 4.204152172290865e-17
5.245788150994614 4.212756553897849e-17
5.248008590622479 4.22137547764158e-17
5.2502309107838405 4.22990666215517e-17
5.252455113868701 4.2384728114238135e-17
5.254681202271115 4.2478458154388307e-17
5.256909178389199 4.257887795502669e-17
5.259139044625135 4.2681641800383716e-17
5.2613708033851845 4.2785619150278606e-17
5.263604457079696 4.289019528234407e-17
5.265840008123109 4.300199184604218e-17
5.2680774589339725 4.3116832900156894e-17
5.2703168119349435 4.322771909730149e-17
5.272558069552802 4.334419779306882e-17
5.274801234218455 4.345185440031227e-17
5.277046308366952 4.356515291519678e-17
5.279293294437488 4.3678587896501974e-17
5.281542194873413 4.3783463860998145e-17
5.283793012122244 4.403888694474267e-17
5.286045748635671 1.2973981750197084e-16
5.288300406869569 4.4987436235653385e-17
5.290556989284002 4.434971611923092e-17
5.292815498343234 4.4338055922453595e-17
5.295075936515744 4.451064462544266e-17
5.297338306274224 4.472903023592202e-17
5.2996026100955955 4.4754645352183884e-17
5.301868850461019 4.4817304724193703e-17
5.304137029855897 4.490036647842372e-17
5.306407150769891 4.512223643779016e-17
5.308679215696924 4.5110954648612413e-17
5.310953227135192 4.519180861821333e-17
5.313229187587175 4.5299439031159573e-17
5.315507099559642 4.5414388750751864e-17
5.317786965563666 4.557215139814904e-17
5.320068788114627 4.563438754957613e-17
5.322352569732225 4.5768281890840466e-17
5.324638312940491 4.599034585763294e-17
5.326926020267789 4.611546700889562e-17
5.329215694246833 4.6086804371537846e-17
5.331507337414695 4.618446122595667e-17
5.333800952312808 4.636972991024197e-17
5.336096541486985 4.6405794626848224e-17
5.338394107487421 4.6502573161625736e-17
5.340693652868706 4.660498000338854e-17
5.342995180189832 4.671121102493032e-17
5.345298692014206 4.6818308285117685e-17
5.3476041909096566 4.6932546384205944e-17
5.349911679448446 4.708855327376603e-17
5.352221160207273 4.7191516480302845e-17
5.354532635767295 4.72509417416128e-17
5.356846108714125 4.734782875014327e-17
5.3591615816378475 4.745327979658177e-17
5.361479057133028 4.755779188265049e-17
5.363798537798722 4.76633311404368e-17
5.366120026238482 4.777427757331348e-17
5.368443525060375 4.787694143647891e-17
5.370769036876981 4.800780781374997e-17
5.373096564305413 4.8085997460188146e-17
5.3754261099673215 4.819701076545867e-17
5.377757676488905 4.829511099509973e-17
5.38009126650092 4.8399217604396e-17
5.382426882638694 4.8523172110635396e-17
5.3847645275421305 4.860643650754493e-17
5.387104203855719 4.870535916191448e-17
5.389445914228552 4.879747964850654e-17
5.391789661314327 4.898183336951392e-17
5.394135447771359 5.16313961610295e-17
5.396483276262595 6.315046815312696e-17
5.398833149455614 5.2719536464898024e-17
5.401185070022652 4.9547902491711e-17
5.403539040640594 2.3988507684384925e-16
5.405895063991002 4.992355936579275e-17
5.408253142760111 5.185661479410548e-17
5.410613279638846 5.0141652389650535e-17
5.412975477322836 4.9858917242451147e-17
5.4153397385124125 4.998042922241975e-17
5.417706065912632 5.010190316063147e-17
5.420074462233281 5.0223928732076915e-17
5.422444930188881 5.035255594749176e-17
5.424817472498711 5.0633857547364495e-17
5.427192091886809 5.219167610666797e-17
5.429568791081983 5.625661704605977e-17
5.431947572817824 8.750247309318427e-17
5.4343284398327185 5.345671243761063e-17
5.4367113948698504 5.106510991028061e-17
5.439096440677224 5.117975623015636e-17
5.441483580007662 5.129729178550489e-17
5.443872815618824 5.141120830555589e-17
5.446264150273216 5.184459715734424e-17
5.448657586738201 5.630950492323646e-17
5.451053127786005 7.464055934397647e-17
5.453450776193734 1.5398563218269846e-16
5.455850534743383 6.322336785800347e-17
5.4582524062218445 5.321342790208761e-17
5.46065639342092 5.2270732867587236e-17
5.463062499137332 5.233389468046627e-17
5.465470726172738 5.246235064177341e-17
5.467881077333733 5.256052505644217e-17
5.470293555431867 5.26699328054824e-17
5.472708163283652 5.278141714605185e-17
5.475124903710582 5.2893477321722345e-17
5.477543779539128 5.3005265270263475e-17
5.479964793600764 5.3116632433807036e-17
5.4823879487319696 5.322760469396814e-17
5.4848132477742455 5.334947605596949e-17
5.487240693574122 5.3539948958916955e-17
5.489670288983169 5.369145848740291e-17
5.492102036858011 5.373357768116634e-17
5.494535940060337 5.3892616896666326e-17
5.496972001456909 5.391148624344505e-17
5.4994102239195755 5.4018059197089777e-17
5.501850610325284 5.566151981269623e-17
5.504293163556091 6.436269578386988e-17
5.506737886499171 5.620341526643545e-17
5.509184782046833 5.449196204186697e-17
5.511633853096525 5.4623448870889275e-17
5.5140851025508555 5.475572740629515e-17
5.516538533317593 5.48865072678194e-17
5.5189941483096865 5.501979323088159e-17
5.5214519504452735 5.516237598803902e-17
5.523911942647691 5.530589407963115e-17
5.52637412784549 5.5448913070715694e-17
5.528838508972445 5.560735845212832e-17
5.531305088967563 5.584532740922999e-17
5.533773870775101 5.59409511862682e-17
5.536244857344574 5.64911725029011e-17
5.538718051630767 6.151910454569076e-17
5.5411934565937475 9.219711272949372e-17
5.543671075198879 1.0884153241069208e-16
5.546150910416827 5.657527082704052e-17
5.548632965223579 5.671304558807418e-17
5.551117242600448 5.685098861485911e-17
5.553603745534093 5.788754677229645e-17
5.5560924770165245 6.344933231954921e-17
5.558583440045118 7.853171731897037e-17
5.5610766376226275 1.1644649754224176e-16
5.563572072757197 2.1942661537754093e-16
5.566069748462372 6.796622356686876e-17
5.568569667757112 6.187107474878585e-17
5.571071833665801 5.840525958954227e-17
5.573576249218265 5.807512604367034e-17
5.576082917449776 5.820923704675689e-17
5.578591841401075 5.834410136611897e-17
5.581103024118371 5.848225135685512e-17
5.583616468653365 5.862073693373558e-17
5.586132178063257 5.875880878481504e-17
5.5886501554107575 5.889633044220417e-17
5.591170403764104 5.903311267455153e-17
5.59369292619707 5.916954283447922e-17
5.596217725788978 5.930571432637856e-17
5.598744805624713 5.944127412452627e-17
5.601274168794735 5.95897493883435e-17
5.603805818395092 5.980283291920962e-17
5.60633975752743 5.986433029135225e-17
5.608875989299009 5.998331116959971e-17
5.611414516822713 6.011831058055831e-17
5.613955343217068 6.025279862007072e-17
5.616498471606244 6.038677630757929e-17
5.61904390512008 6.052029160934382e-17
5.621591646894089 6.065337905992103e-17
5.624141700069474 6.07859572560125e-17
5.6266940677931405 6.091810547326794e-17
5.62924875321771 6.104980429489916e-17
5.631805759501528 6.118115785796838e-17
5.634365089808687 6.1312301667316e-17
5.6369267473090305 6.144296468445761e-17
5.639490735178168 6.157312080370002e-17
5.6420570565974915 6.170275540235363e-17
5.644625714754185 6.183189215307453e-17
5.647196712841244 6.196239530607961e-17
5.649770054057477 6.210091259413886e-17
5.6523457416075304 6.221851806473408e-17
5.654923778701895 6.234365093601559e-17
5.657504168556923 6.247064445024364e-17
5.660086914394839 6.259713473636285e-17
5.662672019443755 6.272312619760858e-17
5.665259486937682 6.28486173567435e-17
5.667849320116545 6.297365112842703e-17
5.670441522226198 6.309820905121041e-17
5.673036096518433 6.322226362874467e-17
5.675633046250996 6.334582369051163e-17
5.678232374687606 6.349498990141632e-17
5.680834085097956 6.973331433943401e-16
5.683438180757741 6.376216809901624e-17
5.6860446649486605 6.522120258080052e-17
5.688653540958439 7.301410206144299e-17
5.691264812080839 6.574079418235606e-17
5.693878481615672 6.424260650954768e-17
5.696494552868812 6.439100320704656e-17
5.699113029152214 6.454293366716377e-17
5.701733913783924 6.469398708472906e-17
5.704357210088095 6.484457133477994e-17
5.706982921395002 6.499460519561265e-17
5.709611051041052 6.514406122926502e-17
5.712241602368802 6.529294014578227e-17
5.714874578726969 6.544124808959367e-17
5.7175099834704515 6.558905406532164e-17
5.720147819960338 6.573656935851054e-17
5.722788091563919 6.588278108194565e-17
5.72543080165471 6.602870453344169e-17
5.728075953612457 6.617413551700872e-17
5.730723550823157 6.631901577504289e-17
5.733373596679068 6.646339385741472e-17
5.736026094578728 6.663949761485725e-17
5.738681047926966 6.6962661998243e-17
5.741338460134916 6.693264191941669e-17
5.743998334620035 6.704379588277827e-17
5.746660674806118 6.717871080443461e-17
5.749325484123307 6.731814333039196e-17
5.751992766008111 6.745964367247097e-17
5.754662523903419 6.848894654301291e-17
5.757334761258516 7.599125358237729e-17
5.760009481529093 1.8211733307644714e-16
5.762686688177272 9.44748156062627e-17
5.7653663846716094 1.166839506938299e-16
5.768048574487119 8.057126979434198e-17
5.770733261105281 9.581538193246498e-17
5.773420448014066 9.2037341172213e-17
5.7761101387079385 7.220540636015981e-17
5.778802336687881 6.891764865647099e-17
5.781497045461406 6.976588364540727e-17
5.784194268542572 7.512730255614476e-17
5.786894009451995 8.087401749123128e-17
5.789596271716871 8.548205191748946e-17
5.792301058870985 1.0663969170778522e-16
5.795008374454729 1.0478090397102881e-16
5.797718222015119 1.2369173484953866e-16
5.800430605105805 7.12094217639442e-17
5.803145527287094 7.181396567869815e-17
5.8058629921259595 1.7048542675630128e-16
5.80858300319606 8.902444119128949e-17
5.811305564077755 7.406251630804503e-17
5.814030678358119 7.287256346870419e-17
5.816758349630957 6.849994382732446e-16
5.819488581496825 1.2494599582479862e-16
5.822221377563037 7.523430314027054e-17
5.824956741443689 7.944876022380353e-17
5.827694676759673 7.350492735885852e-17
5.830435187138689 7.813033008314076e-17
5.833178276215268 1.18652300811985e-16
5.83592394763078 1.453758347338336e-16
5.838672205033456 1.350221614201243e-16
5.841423052078404 8.219637520760212e-17
5.84417649242762 7.306796542538415e-17
5.846932529750011 7.32361003391218e-17
5.8496911677214065 7.548676674325323e-17
5.852452410024576 8.744900318628737e-17
5.855216260349247 1.0183686161797892e-16
5.85798272239212 7.4633190435819e-17
5.860751799856885 7.661457034477017e-17
5.863523496454238 7.48193893614078e-17
5.866297815901899 7.520828653583438e-17
5.869074761924627 7.503472618728968e-17
5.871854338254235 7.510538406313784e-17
5.874636548629612 7.639356345577334e-17
5.877421396796735 7.652710137810598e-17
5.8802088865086874 7.9631715965027e-17
5.882999021525677 8.205067023944344e-17
5.88579180561505 7.670029254306802e-17
5.888587242551312 7.579653990335128e-17
5.891385336116141 7.596597414248037e-17
5.8941860900984056 7.613544672372642e-17
5.896989508294185 7.631051824943668e-17
5.899795594506782 7.648123834730289e-17
5.902604352546745 7.663905075573865e-17
5.9054157862318775 7.680596504636059e-17
5.908229899387263 7.696803169199606e-17
5.911046695845281 7.713220504423149e-17
5.91386617944562 7.729695044136901e-17
5.9166883540352995 7.746239205815104e-17
5.919513223468686 7.763546684582132e-17
5.9223407916075095 7.778711519102179e-17
5.925171062320884 7.795292033935869e-17
5.92800403948532 7.816010533332792e-17
5.930839726984748 7.828688475383211e-17
5.933678128710533 7.84360789106971e-17
5.936519248561493 7.859296929756398e-17
5.939363090443916 7.875743398843117e-17
5.9422096582715795 7.883650493384295e-17
5.945058955965767 7.893069697252228e-17
5.947910987455288 7.907975157654502e-17
5.950765756676493 7.923745279711055e-17
5.953623267573294 7.939456061479218e-17
5.956483524097182 7.955081164620043e-17
5.959346530207247 7.97065350889489e-17
5.96221228987019 7.986209632085632e-17
5.9650808070603505 8.012295170791138e-17
5.967952085759718 8.10494247550227e-17
5.970826129957953 8.167224412146727e-17
5.973702943652403 8.069789054792385e-17
5.976582530848126 8.063217788663608e-17
5.979464895557906 8.078470797788474e-17
5.98235004180227 8.09378102502827e-17
5.98523797360951 8.108816973886278e-17
5.988128695015699 8.123747415203068e-17
5.9910222100647115 8.138744529732231e-17
5.993918522808243 8.153671368374451e-17
5.996817637305826 8.168487614281227e-17
5.9997195576248545 8.18332726660956e-17
6.002624287840593 8.200106913819239e-17
6.005531832036207 8.233723816887465e-17
6.008442194302776 8.339155684368325e-17
6.011355378739314 8.271689999643569e-17
6.014271389452786 8.270453144139967e-17
6.017190230558132 8.310392500541794e-17
6.0201119061782835 8.452406262043244e-17
6.023036420444184 8.350841458834954e-17
6.025963777494807 8.34284241487297e-17
6.028893981477179 8.360898153399935e-17
6.031827036546392 8.378922124462541e-17
6.034762946865633 8.396942855454707e-17
6.037701716606193 8.449799271637485e-17
6.040643349947499 8.660195195316811e-17
6.04358785107712 8.492464033713897e-17
6.046535224190799 8.469803390327853e-17
6.049485473492465 8.499100185640683e-17
6.052438603194256 8.57847022008804e-17
6.05539461751654 8.5378935244303e-17
6.058353520687934 8.543818172911162e-17
6.061315316945323 8.564967500694734e-17
6.0642800105338805 8.634404694842133e-17
6.067247605707095 8.949139094658498e-17
6.070218106726777 8.68116847870296e-17
6.073191517863093 8.636141882367034e-17
6.07616784339458 8.65274103554228e-17
6.079147087608162 8.671637708908603e-17
6.08212925479918 8.692416919697322e-17
6.085114349271405 8.713197779955447e-17
6.088102375337061 8.733900376209983e-17
6.091093337316848 8.754521645219447e-17
6.094087239539959 8.775071866101399e-17
6.097084086344102 8.795614520323568e-17
6.100083882075527 8.816159031919254e-17
6.103086631089035 8.837270496033331e-17
6.106092337748008 8.94968123012291e-17
6.109101006424431 9.465273111114618e-17
6.112112641498905 9.014431327830546e-17
6.115127247360678 8.927693883871492e-17
6.11814482840766 8.94912429789357e-17
6.1211653890464435 8.971522552994404e-17
6.124188933692331 8.993830808555171e-17
6.127215466769353 9.016046712781133e-17
6.130244992710287 9.038183435092027e-17
6.133277515956684 9.060319820381296e-17
6.136313040958887 9.082384325275045e-17
6.139351572176055 9.104136529032851e-17
6.142393114076182 9.125766861889779e-17
6.14543767113612 9.147412814028939e-17
6.148485247841605 9.168987379073131e-17
6.15153584868727 9.190469508728251e-17
6.1545894781766775 9.211864205444091e-17
6.157646140822334 9.23319824501112e-17
6.160705841145717 9.255954360557824e-17
6.1637685836772915 9.286270807715836e-17
6.166834372956542 9.306635510589707e-17
6.169903213531984 9.337089897730271e-17
6.172975109961191 9.43810654497927e-17
6.1760500668108245 1.1152928626668753e-16
6.1791280886566415 1.0200690602387756e-16
6.182209180083531 9.667900712823174e-17
6.185293345685527 9.791430471657544e-17
6.188380590065839 9.628866505474924e-17
6.19147091783687 9.564269526548387e-17
6.194564333620242 9.523753230532878e-17
6.197660842046816 9.571240785490977e-17
6.200760447756717 9.618565012614973e-17
6.20386315539936 9.58148371363923e-17
6.206968969633468 9.574028772553742e-17
6.210077895127097 9.592818106667004e-17
6.213189936557665 9.613080544497064e-17
6.216305098611963 9.637682900361259e-17
6.219423385986195 9.656416120231197e-17
6.2225448033859845 9.67613193389552e-17
6.225669355526412 9.717704322741497e-17
6.22879704713203 9.839621689661317e-17
6.231927882936892 9.76196384283757e-17
6.235061867684575 9.756362273795591e-17
6.238199006128197 9.775719291887385e-17
6.241339303030458 9.809288288697439e-17
6.244482763163641 9.911741462226353e-17
6.247629391309655 9.910354213877772e-17
6.250779192260049 9.900921990985185e-17
6.2539321708160465 9.91693655956961e-17
6.2570883317885535 9.901415034734641e-17
6.260247679998199 9.974066720872965e-17
6.263410220275348 1.0320813582308662e-16
6.266575957460137 1.0022964655922188e-16
6.269744896402492 9.972669762429042e-17
6.272917041962151 9.99189629383367e-17
6.276092399008692 1.0011023850984162e-16
6.279270972421561 1.0030068218187372e-16
6.282452767090094 1.0049078529730337e-16
6.285637787913537 1.0068264459498531e-16
6.28882603980108 1.0086741002870108e-16
6.292017527671882 1.0105366069650485e-16
6.295212256455084 1.0124027370851963e-16
6.298410231089849 1.0142490150700406e-16
6.301611456525381 1.0161028749079601e-16
6.3048159377209485 1.0179820992735412e-16
6.308023679645917 1.0197781162500528e-16
6.311234687279764 1.0233130335954462e-16
6.314448965612121 1.3912348439336406e-16
6.317666519642777 1.03297599964489e-16
6.320887354381724 1.0276389437091509e-16
6.324111474849176 1.02829964715608e-16
6.327338886075596 1.0300964827632258e-16
6.330569593101716 1.0318954747272837e-16
6.333803600978571 1.0336851851930072e-16
6.337040914767527 1.035739663905854e-16
6.340281539540293 1.039011377010404e-16
6.34352548037897 1.0393212989807027e-16
6.3467727423760545 1.0408203786676094e-16
6.350023330634483 1.0429785664459675e-16
6.353277250267647 1.0460091016021738e-16
6.3565345063994245 1.0565625614279333e-16
6.35979510416421 1.0795424465712857e-16
6.363059048706936 1.0569410486064069e-16
6.366326345183103 1.0538745494071048e-16
6.369596998758805 1.056077603205476e-16
6.372871014610757 1.0582767845284231e-16
6.376148397926327 1.0618933190006348e-16
6.379429153903557 1.0723760711128772e-16
6.382713287751186 1.0804340482630353e-16
6.386000804688697 1.1403709277356802e-16
6.389291709946323 1.1046768808373522e-16
6.392586008765085 1.0786035020733111e-16
6.395883706396824 1.0868966541498548e-16
6.399184808104218 1.078681721069104e-16
6.402489319160815 1.0786545394061433e-16
6.405797244851066 1.080915757895849e-16
6.409108590470344 1.0834583947041211e-16
6.412423361324983 1.0891269562204604e-16
6.415741562732293 1.1085557946632178e-16
6.419063200020602 1.0947944117135835e-16
6.422388278529275 1.0937830959169198e-16
6.425716803608748 1.0963474166380521e-16
6.429048780620551 1.0989606209016774e-16
6.432384214937344 1.1015486337277008e-16
6.4357231119429406 1.1040553254856264e-16
6.43906547703234 1.1079648367275301e-16
6.442411315611754 1.1186737904251185e-16
6.445760633098635 1.1184542560993142e-16
6.44911343492171 1.1456224713093053e-16
6.452469726521005 1.123010567963632e-16
6.455829513347879 1.1201999006335028e-16
6.459192800865046 1.1229306751516783e-16
6.462559594546616 1.1256600029275265e-16
6.4659298998781125 1.1283815331147933e-16
6.4693037223565115 1.1311134111047807e-16
6.472681067490266 1.133901668911495e-16
6.476061940799343 1.136559315611972e-16
6.479446347815239 1.1397824405237344e-16
6.4828342940810275 1.147237745672876e-16
6.48622578515138 1.1653502078430735e-16
6.489620826592595 1.2026650926217121e-16
6.4930194239826315 1.1675132438360162e-16
6.496421582911144 1.20448155480757e-16
6.499827308979504 1.1645348717992221e-16
6.503236607800836 1.1590639600782752e-16
6.5066494850000485 1.1704775784491073e-16
6.510065946213864 1.2007909904209543e-16
6.513485997090846 1.3077501002147357e-16
6.516909643291439 1.2015318591919173e-16
6.520336890487995 1.1748888186117212e-16
6.523767744364801 1.1737837915738911e-16
6.527202210618115 1.175862655140644e-16
6.5306402949562 1.1784874917382892e-16
6.534082003099346 1.181103674944798e-16
6.537527340779916 1.1837078487359687e-16
6.540976313742363 1.1863003356281808e-16
6.544428927743272 1.1888829977607082e-16
6.547885188551388 1.191454360011623e-16
6.551345101947648 1.1940143906972603e-16
6.554808673725215 1.1965625024675452e-16
6.558275909689509 1.1991033855328767e-16
6.56174681565824 1.201650245045016e-16
6.565221397461442 1.204187168408667e-16
6.568699660941501 1.2067120405192973e-16
6.572181611953193 1.2092250923637285e-16
6.5756672563637135 1.2268282847481057e-16
6.579156600052711 1.3118685367017158e-16
6.582649648912326 1.234231931170251e-16
6.586146408847211 1.2192293548112465e-16
6.589646885774575 1.2217304459347874e-16
6.593151085624213 1.2242209171523162e-16
6.596659014338543 1.2267017478698115e-16
6.600170677872633 1.2291648761620483e-16
6.60368608219424 1.231621872923156e-16
6.60720523328384 1.2340719319145666e-16
6.610728137134665 1.2365103836556314e-16
6.614254799752739 1.2389375647944406e-16
6.6177852271569035 1.241355888259275e-16
6.621319425378861 1.2437570765455814e-16
6.624857400463205 1.246204950761637e-16
6.628399158467456 1.2488722997499626e-16
6.631944705462093 1.251187786112815e-16
6.635494047530592 2.3639245223337254e-16
6.6390471907694595 1.258342224495515e-16
6.642604141288268 1.6167791272329181e-16
6.646164905209686 2.3196411790595396e-16
6.649729488669521 6.174383882734632e-15
6.653297897816747 1.5395824308780221e-15
6.656870138813554 1.3841032487830822e-15
6.66044621783536 5.246813488076419e-16
6.6640261410708685 1.6126674785432345e-15
6.6676099147220915 1.2858252758965155e-16
6.671197545004392 1.2805635356458036e-16
6.6747890381465185 1.2911242033345533e-16
6.678384400390636 3.08281440799566e-16
6.681983637992365 4.796561873105566e-16
6.685586757220829 5.439500496258435e-16
6.689193764358668 2.015409733124571e-15
6.692804665702093 2.533478010231556e-16
6.696419467560921 1.5070576135393e-16
6.700038176258603 1.3986423419715444e-16
6.703660798132271 1.4067555424395513e-16
6.707287339532762 1.411485303589722e-16
6.710917806824671 1.3237453606316704e-16
6.714552206386376 1.3202418486191301e-16
6.718190544610085 5.995043874672198e-16
6.721832827901857 3.704188501845382e-16
6.725479062681667 1.5912828543291737e-16
6.729129255383412 3.5271706201795173e-16
6.7327834124549755 1.3374635019381444e-16
6.736441540358246 2.0486806466111762e-16
6.74010364556917 5.197719265895205e-15
6.743769734577781 1.8934305659891744e-15
6.747439813888239 1.3374206321319598e-16
6.751113890018872 1.3294286589588759e-16
6.7547919695022145 1.332824935429689e-16
6.758474058885042 1.3394239428965913e-16
6.762160164728412 1.3384539024425563e-16
6.765850293607708 1.3401617991620145e-16
6.7695444521126715 1.3430855638368263e-16
6.77324264684744 2.1572900074255313e-16
6.776944884430599 1.3731832193510273e-16
6.780651171495204 1.4823618753913513e-16
6.784361514688834 1.434242732713172e-16
6.7880759206736245 1.7687988914230869e-16
6.791794396126309 1.5704633694097513e-16
6.7955169477382595 1.4558452950060003e-16
6.799243582215524 1.3864455150396456e-16
6.802974306278872 1.3778721237663882e-16
6.80670912666383 1.9219917461349104e-16
6.810448050120726 1.3833332068263824e-16
6.8141910834147215 1.3819331288066809e-16
6.817938233325865 1.3855078504861359e-16
6.821689506649129 1.3898299807855864e-16
6.82544491019444 1.3961166965471118e-16
6.829204450786733 1.3966611945593089e-16
6.8329681352659914 1.400757000331008e-16
6.836735970487282 1.4031442812374351e-16
6.840507963320799 1.406079992828315e-16
6.844284120651909 1.409340014776851e-16
6.848064449381189 1.4169256787947727e-16
6.851848956424475 1.443678696946789e-16
6.855637648712892 1.42646937548699e-16
6.85943053319291 1.4237060123424635e-16
6.863227616826372 1.427315660866412e-16
6.867028906590556 1.434456200677912e-16
6.870834409478196 1.4336316178654858e-16
6.87464413249754 1.4360662912622174e-16
6.878458082672388 1.4393641247735792e-16
6.882276267042136 1.443062549755058e-16
6.886098692661818 1.4493302835867506e-16
6.88992536660215 1.4545137879469319e-16
6.893756295949573 1.4532838844050044e-16
6.8975914878063 1.4561337497434836e-16
6.901430949290353 1.6774199149161126e-16
6.905274687535619 1.8635727096982662e-16
6.909122709691879 1.46824504468384e-16
6.912975022924861 1.4683501757145539e-16
6.916831634416292 1.4715826691877747e-16
6.920692551363923 1.4748326245003364e-16
6.924557780981591 1.4781042583182461e-16
6.928427330499255 1.4813030782374647e-16
6.9323012071630465 1.4844857421567434e-16
6.936179418235312 1.488016662065252e-16
6.940061970994656 1.4936513977717641e-16
6.943948872735989 1.497098355833117e-16
6.947840130770579 1.497844843553343e-16
6.951735752426083 1.502030024618252e-16
6.955635745046608 1.5037135246088083e-16
6.959540115992748 1.506951654580284e-16
6.963448872641633 1.5105826997571716e-16
6.967362022386978 1.5189933828143983e-16
6.971279572639124 1.5171307679666275e-16
6.975201530825089 1.52145214731144e-16
6.979127904388613 1.5256325610199203e-16
6.983058700790207 1.5254849631242235e-16
6.9869939275072 1.5284412713388793e-16
6.990933592033785 1.5308738431687568e-16
6.994877701881064 1.533738071816778e-16
6.998826264577104 1.5366848085298215e-16
7.002779287666978 1.539626598837341e-16
7.006736778712812 1.5425609214063669e-16
7.010698745293837 1.5454683333518557e-16
7.01466519500644 1.5488929729294767e-16
7.018636135464207 1.5546742629685137e-16
7.022611574297973 1.554730518980496e-16
7.026591519155871 1.556982826509365e-16
7.030575977703381 1.5599686520865245e-16
7.034564957623387 1.561417559314941e-16
7.038558466616209 1.54762229302016e-16
7.042556512399667 1.5336041809275646e-16
7.0465591027091286 1.5338300347594446e-16
7.050566245297555 1.5365710137929058e-16
7.054577947935553 1.5392961711625143e-16
7.058594218411424 1.5420088833206875e-16
7.06261506453122 1.5447652843308468e-16
7.066640494118781 1.5475730461095677e-16
7.070670515015802 1.5503716404265851e-16
7.074705135081874 1.5531916622288178e-16
7.078744362194538 1.5561320838468388e-16
7.082788204249331 1.5587324819512174e-16
7.086836669159851 1.5614431307193495e-16
7.090889764857791 1.5641719431893767e-16
7.094947499293005 1.5669175115736322e-16
7.099009880433552 1.5697032867431245e-16
7.103076916265753 1.5725008665186963e-16
7.107148614794238 2.5185244323224613e-16
7.1112249840420025 1.578343909823393e-16
7.11530603205046 1.9460404854045792e-16
7.119391766879496 1.583791432678943e-16
7.1234821966075135 1.58608565404248e-16
7.127577329331497 1.5890538401582743e-16
7.131677173167058 2.1068248569712935e-16
7.135781736248494 1.5944235261068747e-16
7.139891026728839 1.596743859148969e-16
7.1440050527799155 1.5993273179977792e-16
7.148123822592395 1.6025708854443367e-16
7.152247344375846 2.416158336035882e-16
7.156375626358791 1.6085911570111827e-16
7.160508676788767 1.6124435442333823e-16
7.164646503932369 1.6148013542081103e-16
7.1687891160753106 1.634788242201315e-16
7.172936521522485 1.6700802666367416e-16
7.177088728598012 1.6552714787134766e-16
7.1812457456452945 1.6375318391214557e-16
7.185407581027082 2.880211334687957e-16
7.189574243125518 1.636138865545194e-16
7.193745740342204 1.6413279731266048e-16
7.197922081098245 1.6439733929401249e-16
7.202103273834317 1.6447613696583834e-16
7.206289327010721 1.6479455789471696e-16
7.2104802491074365 1.6514896126069966e-16
7.214676048624181 1.655130505387293e-16
7.218876734080469 1.6586113007551198e-16
7.223082314015667 1.6624736308217153e-16
7.227292796989054 1.6668995103218851e-16
7.231508191579877 1.6756599740546992e-16
7.235728506387412 3.738465057263826e-16
7.2399537500310185 1.6796082073876934e-16
7.244183931150201 1.687440690150134e-16
7.248419058404668 1.720446208702587e-16
7.252659140474392 1.7020826289373717e-16
7.256904186059666 1.6965765773485203e-16
7.2611542038811665 1.6995611442688377e-16
7.265409202680006 1.7043449591276055e-16
7.2696691912178 1.72163768378275e-16
7.273934178276732 1.7392075796905513e-16
7.278204172659595 1.7618647302477794e-16
7.282479183189875 1.7257188267748334e-16
7.286759218711793 1.724114334143885e-16
7.2910442880903785 1.7411436633014963e-16
7.295334400211525 1.7322805149595548e-16
7.29962956398205 1.734158765278535e-16
7.3039297883297625 1.7371652053018328e-16
7.308235082203522 5.796924285757262e-16
7.312545454573295 1.7661715309126394e-16
7.316860914430226 1.7743488109767968e-16
7.321181470786696 1.7561927418157374e-16
7.325507132676386 1.7559514086870275e-16
7.329837909154337 1.7596773842359444e-16
7.334173809297021 1.7634097021451696e-16
7.338514842202393 1.7671137722367074e-16
7.342861016989963 1.7708052174856664e-16
7.34721234280086 1.7745023313327112e-16
7.351568828797892 1.7783037228628006e-16
7.355930484165612 1.7821020500054567e-16
7.360297318110379 1.7858795023841544e-16
7.364669339860432 1.7897321269235088e-16
7.36904655866595 1.7939827474757743e-16
7.373428983799109 1.7971942335390734e-16
7.377816624554162 1.8007791037653104e-16
7.382209490247496 1.8044517919837247e-16
7.386607590217698 1.8081041539697946e-16
7.391010933825627 1.8117387168445628e-16
7.395419530454469 1.815355053634795e-16
7.399833389509818 1.8189502856860446e-16
7.404252520419734 1.8225251803092574e-16
7.408676932634809 1.8260794601869765e-16
7.413106635628241 1.8296267612363736e-16
7.417541638895895 1.833179647452976e-16
7.4219819519563766 1.8367174996483117e-16
7.426427584351097 1.840224377334002e-16
7.430878545644338 1.843716288374117e-16
7.435334845423326 1.8471890931034838e-16
7.439796493298303 1.8506422973193387e-16
7.444263498902588 1.854080405106271e-16
7.448735871892651 1.8574860558189878e-16
7.453213621948177 1.8608771842327666e-16
7.457696758772149 1.8642566208155336e-16
7.462185292090904 1.8675989730558212e-16
7.466679231654212 1.8709276815730895e-16
7.47117858723534 1.042254358706682e-15
7.475683368631128 1.9171888086447326e-16
7.48019358566206 1.8881023095831887e-16
7.484709248172329 1.8923232878927573e-16
7.489230366029922 2.051359805773795e-16
7.493756949126674 1.9416986291568316e-16
7.498289007378356 1.902428597462489e-16
7.5028265507247385 1.8979948473407446e-16
7.507369589129663 1.9012047777244853e-16
7.511918132581127 1.9043616514191908e-16
7.516472191091341 1.9066703022883912e-16
7.521031774696813 1.909025554082435e-16
7.52559689345842 1.9122246784153948e-16
7.530167557461475 1.9155555860567968e-16
7.534743776815812 1.9191689645634902e-16
7.5393255616558585 1.9345075077658737e-16
7.543912922140701 1.992439269923715e-16
7.5485058684541695 2.4203321109843514e-16
7.5531044108049095 1.9320522240045518e-16
7.55770855942646 1.9351120874293624e-16
7.5623183245773244 1.9383024721322238e-16
7.566933716541052 1.9414814828966635e-16
7.57155474562631 1.9516092527602221e-16
7.576181422166965 1.9975216736049682e-16
7.580813756522159 3.195988298493655e-16
7.585451759076377 2.074467331429498e-16
7.590095440239542 1.9828173994544265e-16
7.594744810447081 1.976966285674124e-16
7.599399880160003 1.9660710914106128e-16
7.604060659864983 1.9661959997953123e-16
7.608727160074437 1.9727624041455137e-16
7.613399391326603 1.9953959103124725e-16
7.61807736418562 1.9803617313159306e-16
7.622761089241607 1.980041906536601e-16
7.6274505771107375 1.9838165958442657e-16
7.632145838435333 1.9933569924834632e-16
7.636846883883933 2.1763874860813362e-16
7.641553724151375 2.0015728179888498e-16
7.6462663699588855 1.999321571612571e-16
7.65098483205415 2.0020227469187755e-16
7.655709121211401 2.005422187527344e-16
7.660439248231498 2.0095036231545447e-16
7.665175223942015 2.0137601134027163e-16
7.66991705919731 2.0267693383904887e-16
7.674664764878625 2.0784256314181977e-16
7.6794183518941574 2.0370167356175277e-16
7.684177831179147 2.0388518697852727e-16
7.688943213695959 2.0895237522151913e-16
7.693714510434169 2.2446161490380823e-16
7.698491732410649 2.9296571873789087e-16
7.703274890669651 2.0495246177588866e-16
7.708063996282888 2.054086481773763e-16
7.712859060349628 2.0586157083890168e-16
7.7176600939967726 2.0665664813359728e-16
7.722467108378944 2.4314965777583787e-16
7.727280114678575 2.8615100548264807e-16
7.732099124105992 3.4294980609640855e-16
7.7369241478995034 2.2525282008543945e-16
7.741755197325491 2.1153226206146734e-16
7.746592283678487 2.0939898232260867e-16
7.7514354182812735 2.2227860399079855e-16
7.756284612484966 1.0659356979920578e-15
7.761139877669099 3.3912807833726615e-16
7.766001225241722 3.9482563785002167e-16
7.770868666639485 2.280164741470272e-16
7.775742213327723 3.707267212270725e-16
7.7806218768005575 2.122724809043289e-16
7.785507668580977 2.1263237511397692e-16
7.790399600220935 2.147391544967846e-16
7.795297683301431 2.3096756713413354e-16
7.800201929432615 2.385914507334075e-16
7.805112350253868 4.478185964084396e-16
7.810028957433903 2.5103565041256674e-16
7.814951762670846 2.2432952110376316e-16
7.819880777692344 2.177241776599793e-16
7.824816014255645 2.170285618663344e-16
7.829757484147695 2.204562514778005e-16
7.834705199185237 2.3452351824789257e-16
7.839659171214904 2.2050490130428106e-16
7.8446194121133015 2.52526574695837e-16
7.84958593378712 2.794345800986867e-15
7.854558748173219 2.2148769795410127e-16
7.859537867238728 2.3336997081661243e-16
7.864523302981138 2.382264035211661e-16
7.869515067428401 3.034002555410862e-16
7.874513172639024 9.265043353379671e-16
7.879517630702174 2.2144782534512998e-16
7.884528453737762 2.2123457654712773e-16
7.889545653896552 2.2165621059497137e-16
7.894569243360256 2.2207459813400444e-16
7.899599234341631 2.224914643419224e-16
7.90463563908458 2.22904996723118e-16
7.909678469864247 2.239940384729408e-16
7.914727738987126 2.280469013832142e-16
7.919783458791151 2.249606349413268e-16
7.924845641645801 2.2496118920029886e-16
7.9299142999522045 2.2558532524216993e-16
7.934989446143231 2.283062279883799e-16
7.940071092683601 2.2630476059029636e-16
7.94515925206999 2.26274517871976e-16
7.9502539368311185 2.270676378300442e-16
7.95535515952787 2.271363578838574e-16
7.960462932753383 2.2745141515985326e-16
7.965577269133159 2.2784596036521497e-16
7.970698181325167 2.28247908566749e-16
7.975825682019949 2.2934437196760527e-16
7.9809597839407225 2.334823987057816e-16
7.98610049984348 2.3024117259674497e-16
7.99124784251711 2.29982278539984e-16
7.996401824783487 2.305767505724945e-16
8.001562459497592 2.3077797818692834e-16
8.006729759547602 2.3108419708003657e-16
8.01190373785502 2.314475768336764e-16
8.017084407374762 2.3442545180736275e-16
8.022271781095274 2.7843330847498915e-16
8.02746587203864 2.3615781223546794e-16
8.032666693260694 2.3743618713434706e-16
8.037874257851126 3.0083354794246173e-16
8.04308857893359 2.342601131978894e-16
8.048309669665814 2.341312143742167e-16
8.05353754323972 3.454794631404474e-16
8.058772212881522 2.791111598972946e-16
8.064013691851843 2.358045811719018e-16
8.069261993445837 8.110727183479067e-16
8.074517130993282 2.7784358979713435e-16
8.079779117858708 2.385938941562435e-16
8.085047967441502 2.3706344963519835e-16
8.090323693176028 2.371115603456843e-16
8.095606308531735 2.377870697012974e-16
8.100895827013279 2.380124503556512e-16
8.106192262160631 2.3841017725859927e-16
8.111495627549193 2.3888689746095724e-16
8.116805936789925 2.395047186852323e-16
8.12212320352944 2.401805739039857e-16
8.127447441450146 2.553449486472951e-16
8.132778664270344 2.6355476438937945e-16
8.138116885744354 2.4132456110483846e-16
8.143462119662633 2.4145987957343964e-16
8.148814379851895 2.4192738805624066e-16
8.154173680175223 2.4260557217039515e-16
8.159540034532197 2.4293976692447593e-16
8.164913456859013 2.4319410815531313e-16
8.170293961128596 2.4414760123708006e-16
8.175681561350732 2.532068446700208e-16
8.181076271572183 2.4505051773067596e-16
8.186478105876809 2.44785044987318e-16
8.191887078385692 2.451863652469956e-16
8.19730320325726 2.456303253759857e-16
8.20272649468741 2.460939334225264e-16
8.208156966909634 2.4655456213474374e-16
8.213594634195132 2.470257031403944e-16
8.219039510852957 2.475619171994149e-16
8.224491611230123 2.4811097749352234e-16
8.229950949711741 2.4880346970681125e-16
8.235417540721139 2.502103507714666e-16
8.240891398719993 2.4988843001393073e-16
8.246372538208458 2.502311819659511e-16
8.251860973725288 2.507553668465722e-16
8.257356719847964 2.51273783708272e-16
8.262859791192836 2.517899350912481e-16
8.268370202415243 2.523032438604489e-16
8.273887968209635 2.528132440573578e-16
8.279413103309722 2.533886157391448e-16
8.284945622488591 2.5426289943702654e-16
8.290485540558844 2.5457140571683845e-16
8.296032872372733 2.6327757265688807e-16
8.301587632822276 2.563399894217152e-16
8.307149836839418 2.5599732931927117e-16
8.312719499396136 2.563793125603034e-16
8.318296635504598 2.5729486687885324e-16
8.323881260217279 2.5742580904661657e-16
8.329473388627108 2.5822780193301915e-16
8.335073035867598 2.5829636150434724e-16
8.340680217112984 2.587052483563892e-16
8.346294947578365 2.5924920702186955e-16
8.35191724251983 2.597004883390328e-16
8.357547117234612 2.6018368476710696e-16
8.363184587061209 2.606797776236609e-16
8.368829667379542 2.6117145304305672e-16
8.374482373611077 2.61661011406785e-16
8.380142721218977 2.6215058453533137e-16
8.385810725708245 2.6277869128152815e-16
8.391486402625848 2.644049005806627e-16
8.397169767560886 2.664388601570792e-16
8.402860836144706 2.6659429649515383e-16
8.408559624051072 2.871641624565072e-16
8.414266146996288 3.375142215451554e-16
8.419980420739357 7.71860207286142e-16
8.425702461082114 5.243948180910471e-16
8.43143228386938 3.065535262100822e-16
8.437169904989108 2.949597870282469e-16
8.442915340372528 2.8333778922184797e-16
8.448668605994285 2.999112661199893e-16
8.454429717872609 2.7524583915316975e-16
8.460198692069445 4.2744785849690977e-16
8.465975544690608 2.68365053044667e-16
8.471760291885928 2.689884468501149e-16
8.47755294984942 2.691865204618996e-16
8.483353534819406 2.7051593691007596e-16
8.489162063078686 2.700920104826345e-16
8.49497855095469 2.9507840229890796e-16
8.500803014819619 2.711076312773656e-16
8.506635471090615 2.713215249611593e-16
8.512475936229897 2.958849941011463e-16
8.518324426744936 2.9591940872440624e-16
8.524180959188593 2.909227222728266e-16
8.530045550159283 2.7903006725928946e-16
8.53591821630113 2.7665510313158116e-16
8.54179897430413 2.8684689075334203e-16
8.547687840904302 2.7683455297980026e-16
8.553584832883846 3.5558405411115473e-16
8.559489967071311 2.9345771592557904e-16
8.565403260341744 2.7912855501488494e-16
8.571324729616864 2.764398315437285e-16
8.57725439186521 2.770695310108624e-16
8.58319226410231 2.7792893077260323e-16
8.589138363390845 3.171650316089722e-16
8.59509270684081 2.782140815792093e-16
8.601055311609672 2.786577857283123e-16
8.607026194902552 2.790771480097779e-16
8.613005373972372 3.2946954380165613e-16
8.618992866120033 2.7997060540954254e-16
8.624988688694568 3.404264859322064e-16
8.630992859093334 2.810018292083911e-16
8.637005394762157 2.816514260304383e-16
8.643026313195508 2.843531247676752e-16
8.649055631936678 2.8270606453425093e-16
8.655093368577944 2.831029584347948e-16
8.661139540760738 2.838618054827846e-16
8.667194166175827 2.873754824670427e-16
8.673257262563473 2.8519556828323913e-16
8.679328847713615 2.868957707107183e-16
8.685408939466047 3.8670379362196655e-16
8.691497555710582 2.8666512743424797e-16
8.69759471438723 2.8745565185030967e-16
8.703700433486384 2.8701087226769683e-16
8.709814731048983 2.873643863889798e-16
8.7159376251667 2.8775978698913634e-16
8.722069133982115 2.8859965536922295e-16
8.728209275688895 2.9118233264453234e-16
8.734358068531977 2.902598638585086e-16
8.740515530807748 2.898001815197231e-16
8.746681680864219 3.311039195047179e-16
8.75285653710122 2.909691841373739e-16
8.759040117970573 2.911760713098965e-16
8.765232441976279 2.9169853947623295e-16
8.771433527674702 2.9207906730711205e-16
8.777643393674758 2.925414028511321e-16
8.783862058638094 2.9316367567765833e-16
8.790089541279286 4.778726333948394e-16
8.79632586036601 2.9421131538523757e-16
8.80257103471925 2.946384833731075e-16
8.808825083213472 2.9518889942979637e-16
8.81508802477682 2.95815849671557e-16
8.82135987839131 2.9633375154815125e-16
8.827640663093014 2.967147444920798e-16
8.833930397972264 2.9719205972877407e-16
8.840229102173831 2.977443940725024e-16
8.846536794897133 3.7461865739500844e-16
8.85285349539642 2.9876034560551625e-16
8.859179222980973 2.996827556195263e-16
8.86551399701531 2.9992683637760437e-16
8.87185783691936 3.00449125093709e-16
8.878210762168694 3.010343738165994e-16
8.884572792294692 3.016228758810954e-16
8.89094394688477 3.021915994593519e-16
8.89732424558256 3.027557285922389e-16
8.903713708088125 3.033371833485754e-16
8.910112354158159 3.0391370062692425e-16
8.916520203606186 3.047471398634048e-16
8.92293727630277 3.0502166534612e-16
8.929363592175722 3.055183020618467e-16
8.935799171210292 3.060628257303197e-16
8.942244033449397 3.06600668851373e-16
8.948698198993815 3.071615331986633e-16
8.955161688002399 3.0769888020479466e-16
8.96163452069228 3.0818556531907944e-16
8.968116717339093 3.087008340059341e-16
8.974608298277174 3.092575110213906e-16
8.981109283899773 6.853160307861105e-16
8.987619694659283 3.1120018050161404e-16
8.994139551067436 3.109590939806795e-16
9.000668873695528 3.1133408020561283e-16
9.007207683174634 3.1191255781544936e-16
9.013756000195826 3.127197225108468e-16
9.020313845510389 3.133903755913881e-16
9.02688123993004 3.1613162259106066e-16
9.033458204327152 3.152876148022558e-16
9.040044759634972 3.1471767574085555e-16
9.046640926847841 3.1513409669019627e-16
9.053246727021426 3.156472458627997e-16
9.05986218127293 3.16196784429924e-16
9.066487310781332 3.168632218807569e-16
9.073122136787598 3.172414703677813e-16
9.079766680594924 3.1772595319597927e-16
9.086420963568953 3.183277886808235e-16
9.093085007138 3.199187482522364e-16
9.099758832793304 3.2153473578964415e-16
9.106442462089229 3.0937713220431574e-16
9.113135916643516 3.0749988946219747e-16
9.119839218137516 3.0804406326689145e-16
9.126552388316412 3.0834124916773234e-16
9.133275448989465 3.0958617764463155e-16
9.140008422030245 3.407449671074101e-16
9.146751329376873 3.2756277457860055e-16
9.15350419303225 4.140993865973529e-16
9.160267035064305 4.775847349478376e-16
9.167039877606237 1.7328070342667663e-14
9.173822742856744 2.2678320190840797e-15
9.180615653080281 2.6727459092424516e-15
9.187418630607292 8.249235055319753e-16
9.194231697834459 1.9524134232006097e-15
9.20105487722495 3.1532817882056e-16
9.207888191308662 3.170148734670082e-16
9.21473166268247 5.331289780676263e-16
9.221585314010477 6.829387424560236e-16
9.228449168024268 4.378502781166941e-15
9.23532324752315 6.95059944502299e-16
9.242207575374417 4.345180705900569e-16
9.249102174513594 5.296241412621187e-16
9.256007067944699 4.94785871194218e-16
9.262922278740495 3.211547312679121e-16
9.269847830042748 3.2619391737779397e-16
9.276783745062485 3.33670285497263e-16
9.28373004708025 1.0156066906894261e-15
9.290686759446372 6.376652963687603e-16
9.29765390558122 4.527865960871116e-16
9.304631508975469 3.3192883349946967e-16
9.311619593190361 1.181272819295145e-14
9.318618181857975 2.279893008602497e-15
9.32562729868149 3.305853451845905e-16
9.332646967435453 3.2550691679449694e-16
9.339677211966048 3.282070199625063e-16
9.346718056191365 3.2600497026858033e-16
9.353769524101676 3.257086758053304e-16
9.360831639759695 8.750935358072627e-16
9.367904427300875 3.2859862207833955e-16
9.374987910933658 3.2997615326111267e-16
9.38208211493976 3.321442281714704e-16
9.38918706367446 3.296917745929653e-16
9.396302781566858 3.6731473790200493e-16
9.403429293120176 3.294925351790242e-16
9.410566622912022 3.304115428849411e-16
9.41771479559468 3.333134896231694e-16
9.424873835895399 3.329803283570265e-16
9.432043768616664 1.3976853212652644e-15
9.4392246186365 3.3348912453664143e-16
9.446416410908746 3.3623635347286314e-16
9.45361917046335 3.404141590936492e-16
9.460832922406656 3.3424444631133844e-16
9.468057691921702 3.351582699822032e-16
9.475293504268503 3.376362352097587e-16
9.48254038478436 1.3202701792819189e-15
9.489798358884139 3.3694854022063207e-16
9.49706745206058 3.3790805329279225e-16
9.504347689884591 3.3805806565062695e-16
9.51163909800555 3.38963454928014e-16
9.5189417021516 3.3907227821842055e-16
9.526255528129964 3.3951693842496766e-16
9.533580601827234 3.400708726983724e-16
9.540916949209688 3.406314429033899e-16
9.548264596323591 3.4172638258610944e-16
9.555623569295504 3.4515653574719865e-16
9.562993894332598 3.4297979997799117e-16
9.570375597722958 3.4322403952271297e-16
9.5777687058359 3.8134972427704855e-16
9.585173245122286 3.4399596339267037e-16
9.592589242114835 3.4467358080440253e-16
9.600016723428444 3.5112032656240594e-16
9.607455715760505 3.5004487927548645e-16
9.614906245891223 3.472443298526369e-16
9.622368340683943 3.471171423546289e-16
9.629842027085466 3.477699835781664e-16
9.637327332126375 3.4849145116653315e-16
9.644824282921363 3.5664654647112015e-16
9.652332906669562 3.4995737548353185e-16
9.659853230654871 3.7564812144330597e-16
9.667385282246283 3.594566178440769e-16
9.67492908889821 3.543121975873946e-16
9.682484678150843 3.707113274494601e-16
9.690052077630456 3.620324734936322e-16
9.697631315049764 3.6314107798716285e-16
9.705222418208248 2.4951080075690525e-15
9.712825414992505 3.6029696787771997e-16
9.720440333376587 4.69923403592616e-16
9.728067201422332 3.577385523994846e-16
9.73570604727973 3.607310907833967e-16
9.743356899187258 3.5718003122028564e-16
9.75101978547222 3.576268685564171e-16
9.758694734551108 3.5828807505328085e-16
9.766381774929954 3.5905243073036104e-16
9.774080935204674 3.598307147278162e-16
9.781792244061432 3.606884017500906e-16
9.789515730276989 3.7255197551358375e-16
9.797251422719064 3.6704134084350313e-16
9.804999350346696 3.632394539929651e-16
9.812759542210598 3.6351359403043217e-16
9.820532027453531 3.6275930437118194e-16
9.828316835310659 3.6184776443392817e-16
9.836113995109919 3.6225771907368926e-16
9.843923536272392 3.6341201916909237e-16
9.851745488312668 3.7769709300443763e-16
9.85957988083922 3.7048950608186684e-16
9.867426743554782 3.673699033563965e-16
9.875286106256718 3.654635687154175e-16
9.883157998837403 3.6562323746782076e-16
9.891042451284596 3.662706611889471e-16
9.898939493681832 3.673311139954822e-16
9.906849156208793 3.737812602092332e-16
9.914771469141698 3.710780019976326e-16
9.922706462853695 3.687572627888419e-16
9.930654167815234 3.688575096057804e-16
9.938614614594469 3.694797193537648e-16
9.946587833857649 3.7059480097614185e-16
9.954573856369509 3.703470451862265e-16
9.962572712993662 3.707650095753869e-16
9.97058443469301 3.7127342920411975e-16
9.978609052530125 7.64470094873121e-16
9.986646597667665 3.738302479382047e-16
9.994697101368772 4.051291126467732e-16
10.002760594997474 3.87137098751899e-16
10.0108371100191 3.882986380083078e-16
10.018926678000684 4.4232653780677574e-16
10.027029330611377 1.4489008714573893e-15
10.035145099622861 4.0613141536754918e-16
10.043274016909765 4.24654908852692e-16
10.051416114450078 3.9308159958624934e-16
10.059571424325576 4.140375192634123e-16
10.067739978722233 3.942899942271957e-16
10.075921809930659 3.843735891605709e-16
10.084116950346507 3.815531764683798e-16
10.09232543247092 3.82614269952697e-16
10.100547288910947 3.921405418640086e-16
10.108782552379974 8.09509545311869e-16
10.117031255698171 9.554452748116285e-16
10.125293431792917 3.856938946355213e-16
10.133569113699235 3.855074426198118e-16
10.141858334560245 3.868811680788188e-16
10.1501611276276 3.871288775786358e-16
10.158477526261928 4.1687681220494395e-16
10.166807563933276 3.9105055647444514e-16
10.175151274221575 5.591946429996345e-16
10.18350869081707 3.9717325449277566e-16
10.19187984752079 4.4331216548365053e-16
10.200264778244994 3.919849718523984e-16
10.208663517013635 4.0071651307959984e-16
10.217076097962819 3.894286496698673e-16
10.225502555341256 3.901022410427261e-16
10.233942923510751 3.9131152682328673e-16
10.242397236946639 6.5138254940262266e-15
10.25086553023828 3.918882151924122e-16
10.259347838089518 3.9241006146831734e-16
10.267844195319162 3.9299403865099393e-16
10.276354636861448 3.9400697671231037e-16
10.284879197766541 4.0577043389443176e-16
10.293417913200996 3.9651292202107784e-16
10.301970818448252 3.9614650018090546e-16
10.310537948909111 5.318389513613989e-16
10.319119340102235 4.656673377616951e-16
10.327715027664631 4.013211827529626e-16
10.336325047352142 3.9981884526248604e-16
10.344949435039956 4.0492193663808173e-16
10.353588226723083 4.71499555432944e-16
10.362241458516875 6.478623238752124e-16
10.370909166657517 3.902702379220047e-16
10.379591387502545 3.823764609859928e-16
10.388288157531338 3.8223084412914163e-16
10.396999513345646 1.8548632524797836e-15
10.405725491670086 3.8254650513374566e-16
10.414466129352675 3.830972915181265e-16
10.423221463365339 3.8391187412853285e-16
10.431991530804433 3.9925632386836274e-16
10.440776368891276 3.901894700437524e-16
10.449576014972662 5.97400531430409e-16
10.458390506521402 3.880798459936824e-16
10.467219881136849 4.642979730097763e-16
10.476064176545432 4.2377725463569167e-16
10.4849234306012 6.602943214209257e-16
10.493797681286356 3.939184176492919e-16
10.502686966711805 3.512672325195295e-15
10.511591325117694 7.13688769689937e-16
10.520510794873958 4.121665584454922e-16
10.529445414480884 4.0660063838391216e-16
10.538395222569655 1.4382322829093142e-15
10.547360257902902 4.241343909235467e-16
10.556340559375279 4.506791817534275e-16
10.565336166014012 1.3200966205084655e-15
10.57434711697947 4.0146983360134195e-16
10.583373451565729 4.378117424531836e-16
10.592415209201153 3.995249448589521e-16
10.601472429448956 4.422970747239046e-16
10.610545152007791 4.1958315965324483e-16
10.619633416712313 4.1369572371549496e-16
10.628737263533784 4.005734973304426e-16
10.63785673258064 4.0084371927273014e-16
10.646991864099094 1.641812683920856e-15
10.656142698473712 2.87511298837239e-15
10.665309276228028 4.0257666658145326e-16
10.674491638025124 4.1220743643416423e-16
10.683689824668248 4.1185531248617606e-16
10.692903877101402 4.0326946116297966e-16
10.702133836409958 4.105895854897391e-16
10.711379743821276 4.1544359967348987e-16
10.720641640705294 4.0477053964933024e-16
10.729919568575177 4.1437727757781895e-16
10.73921356908791 4.1031027899286627e-16
10.748523684044937 4.053591485368913e-16
10.757849955392786 4.061523093258368e-16
10.767192425223687 7.132499260373194e-15
10.776551135776222 4.091753757156847e-16
10.785926129435953 4.464030501036617e-16
10.795317448736057 4.1109797589725e-16
10.804725136357984 4.114821405818229e-16
10.814149235132085 4.685325804310553e-16
10.82358978803828 4.0961891074470564e-16
10.833046838206698 4.1082990809066397e-16
10.842520428918338 4.231911409997417e-16
10.852010603605732 4.3213306636495594e-16
10.861517405853611 4.446705444820478e-16
10.87104087939956 4.1510438779701286e-16
10.880581068134699 4.14046199123206e-16
10.890138016104359 4.1461869483124294e-16
10.899711767508753 4.148027301989413e-16
10.909302366703656 4.1928819853051063e-16
10.918909858201104 4.166794564849252e-16
10.928534286670066 4.167298530401736e-16
10.938175696937144 4.174103405618817e-16
10.947834133987266 4.184870524099772e-16
10.957509642964395 4.186028362998212e-16
10.967202269172217 4.1949911102245615e-16
10.976912058074864 4.204352859891821e-16
10.986639055297609 4.2388671730716263e-16
10.996383306627592 4.781096869844795e-15
11.006144858014537 6.780494283038377e-15
11.015923755571473 1.2680774114540313e-15
11.025720045575454 2.049312877239867e-15
11.035533774468298 7.295600455151783e-16
11.045364988857322 4.253715524021703e-16
11.055213735516064 6.638124301549081e-16
11.06508006138505 4.636921566983133e-16
11.07496401357251 4.76182092271311e-16
11.084865639355156 1.8221144398220163e-15
11.094784986178919 5.001279971161578e-16
11.104722101659712 4.3308604898553377e-16
11.114677033584188 4.335443822468387e-16
11.124649829910513 4.3028349512701876e-16
11.13464053876913 8.078365101236482e-15
11.144649208463536 4.317382696443372e-16
11.154675887471058 5.727510044404076e-16
11.16472062444364 4.358432786646929e-16
11.17478346820863 4.511279709133534e-16
11.184864467769561 5.029768316034504e-16
11.194963672306963 4.60974732757583e-15
11.205081131179146 6.224831702482854e-16
11.215216893923015 4.542401791404757e-16
11.22537101025488 4.370475957343647e-16
11.235543530071258 6.104352153072236e-16
11.2457345034497 5.498906397810465e-16
11.255943980649606 1.0834235778698612e-14
11.26617201211306 4.473100136125894e-16
11.276418648465652 4.3980333742891886e-16
11.286683940517317 5.0025159641593285e-16
11.29696793926317 4.752479383820622e-16
11.307270695884366 8.713527724799857e-16
11.317592261748928 4.612457043812648e-16
11.327932688412611 1.4740983678321686e-15
11.33829202761977 4.4152526452504057e-16
11.348670331304202 4.421633521464102e-16
11.35906765159003 4.4249434975464047e-16
11.36948404079257 4.434046769396565e-16
11.379919551419208 4.462738559292914e-16
11.390374236170285 4.788159315238104e-16
11.400848147939985 5.440928447910802e-16
11.411341339817216 4.461352518558361e-16
11.421853865086529 1.2266951635353926e-15
11.432385777228992 5.565464957184277e-16
11.44293712992312 1.0504129841890253e-15
11.453507977045778 6.346914233395511e-16
11.464098372673092 4.529163391156261e-16
11.474708371081391 4.486850262780451e-16
11.485338026748103 4.483757254205962e-16
11.49598739435272 4.488739221702821e-16
11.506656528777713 4.494756706069083e-16
11.517345485109484 4.547350786483585e-16
11.528054318639315 1.4252454494927453e-15
11.538783084864312 1.2245608558440859e-14
11.549531839488383 4.53573994591988e-16
11.560300638423177 4.709184406042351e-16
11.571089537789074 6.122271501761079e-16
11.581898593916147 4.545780854088413e-16
11.592727863345154 4.687627547931624e-16
11.603577402828508 4.953025102646831e-16
11.614447269331286 4.556076279394979e-16
11.625337520032215 4.566809919239891e-16
11.636248212324675 4.579480612324747e-16
11.647179403817713 5.355955302338289e-16
11.658131152337049 4.59199619589442e-16
11.669103515926105 4.845108204631539e-16
11.680096552847024 4.740417820820335e-16
11.691110321581698 4.639750004041722e-16
11.702144880832819 4.636894096127714e-16
11.713200289524904 4.623644577462299e-16
11.724276606805356 4.864211786478613e-16
11.735373892045516 4.772636988176378e-16
11.746492204841722 4.918756798837653e-16
11.757631605016382 4.880039729974898e-16
11.768792152619032 4.873392326332439e-16
11.779973907927435 4.722770339669292e-16
11.791176931448648 4.673240406921227e-16
11.80240128392013 4.682024814782275e-16
11.813647026310825 4.693537717987369e-16
11.824914219822276 4.687409082109057e-16
11.836202925889726 4.94166104433488e-16
11.847513206183246 4.834088675262397e-16
11.858845122608848 5.467350611540271e-16
11.870198737309623 4.889662649621417e-16
11.881574112666867 5.310647883928909e-16
11.892971311301235 4.750396567977392e-16
11.904390396073877 4.729171762311987e-16
11.915831430087605 6.590969698675785e-16
11.927294476688056 4.765991280359181e-16
11.938779599464844 1.0106855167228449e-15
11.950286862252758 4.753382920671127e-16
11.961816329132933 4.86123066573375e-16
11.973368064434036 4.788331172680747e-16
11.984942132733476 4.848997024828118e-16
11.996538598858592 4.825530243981756e-16
12.008157527887874 4.799725506016057e-16
12.019798985152176 4.891185827270999e-16
12.031463036235941 4.834309971312736e-16
12.043149746978433 5.101035946002337e-16
12.054859183474974 4.812956787163979e-16
12.066591412078198 4.828967923397304e-16
12.078346499399286 5.206600282731857e-16
12.090124512309254 5.757057277029066e-16
12.101925517940192 4.854085149614661e-16
12.113749583686559 8.516427870818838e-16
12.125596777206464 2.4724286134716294e-14
12.137467166422947 3.671554203564072e-14
12.149360819525283 1.4851347884521838e-15
12.161277804970288 1.0322978639343793e-15
12.173218191483633 9.00700938426286e-16
12.185182048061167 1.0703770759274249e-15
12.197169443970235 4.914454490093009e-16
12.20918044875103 4.979466478941745e-16
12.221215132217925 4.957082527262272e-16
12.233273564460834 4.93048832834967e-16
12.24535581584657 5.18947702645405e-16
12.257461957020215 7.565027906135854e-16
12.269592058906492 2.0685973194342117e-14
12.281746192711148 4.970426337257921e-16
12.293924429922368 4.98313100123866e-16
12.30612684231215 1.0503163419362912e-15
12.318353501937729 5.114795552164076e-16
12.330604481142991 7.855760723700862e-16
12.342879852559907 4.99940738001877e-16
12.355179689109958 1.3091469643894074e-15
12.367504064005583 5.005074733101804e-16
12.379853050751636 9.75456495758154e-16
12.392226723146845 5.179662608281708e-15
12.404625155285277 5.037551762188346e-16
12.417048421557821 5.831993089239248e-16
12.42949659665368 3.2232211052230395e-15
12.441969755561853 6.075131589537935e-16
12.45446797357267 1.0847363757569124e-15
12.466991326279274 5.157521467420097e-16
12.479539889579156 5.072494188323604e-16
12.492113739675705 5.072846076054158e-16
12.504712953079725 5.082043880077798e-16
12.517337606611003 9.336940193170889e-16
12.529987777399871 5.310993293476105e-16
12.54266354288877 4.630619715998498e-15
12.555364980833826 2.049177337330827e-15
12.56809216930645 5.137374469380327e-16
12.580845186694939 7.236115108090306e-16
12.593624111706069 5.191373288100795e-16
12.606429023366738 5.3367297593041875e-16
12.619260001025571 5.120549265183459e-16
12.632117124354581 5.164978168976333e-16
12.6450004733508 9.287113213593973e-16
12.657910128337944 1.317357785520197e-15
12.670846169968092 5.220259182926438e-16
12.683808679223354 5.169953254843409e-16
12.696797737417562 2.4239639564354856e-15
12.709813426197973 5.177386689291343e-16
12.722855827546981 5.179192385400424e-16
12.735925023783837 5.365335512635674e-16
12.74902109756638 5.768703388676026e-16
12.762144131892782 5.710312656593525e-16
12.775294210103295 5.375048003592811e-16
12.788471415882022 5.270947876257864e-16
12.801675833258694 5.936890447276044e-16
12.814907546610451 6.73734747600697e-16
12.828166640663628 5.256162195822903e-16
12.841453200495597 6.432442516589925e-16
12.854767311536548 5.448949774713838e-16
12.868109059571351 5.371506150300913e-16
12.881478530741372 6.116839066897475e-16
12.894875811546347 5.363604933620628e-16
12.908300988846243 5.464166021073078e-16
12.921754149863126 5.523801080019854e-16
12.935235382183066 5.429980227845517e-16
12.948744773758014 5.692374515211569e-16
12.962282412907742 5.479616938217081e-16
12.975848388321749 5.328990666744782e-16
12.9894427890612 5.382078032543865e-16
13.003065704560893 5.772296397532163e-16
13.016717224631183 5.999703331849505e-16
13.030397439460002 5.345122356407516e-16
13.0441064396148 5.39245314003372e-16
13.05784431604458 5.43215833780944e-16
13.071611160081886 5.416357981513564e-16
13.085407063444844 5.44704938090495e-16
13.099232118239184 5.507689864544363e-16
13.11308641696029 5.523721658087219e-16
13.126970052495281 5.398412200468577e-16
13.140883118125068 5.584292425358062e-16
13.154825707526449 2.1748393020841746e-15
13.168797914774217 5.396908241573677e-16
13.182799834343262 5.408622324852981e-16
13.196831561110724 5.410709643751222e-16
13.210893190358101 5.437237616494388e-16
13.224984817773448 5.838479761062371e-16
13.239106539453509 5.654309729027474e-16
13.253258451905927 5.532018191209948e-16
13.267440652051425 5.469090781947975e-16
13.281653237226042 5.535185255746496e-16
13.295896305183325 5.85215423989467e-16
13.310169954096605 5.604744866430712e-16
13.324474282561232 8.530440051910683e-16
13.33880938959685 5.508878400269473e-16
13.353175374649686 7.183448692312535e-16
13.367572337594845 5.54645068416595e-16
13.38200037873862 8.178115017300159e-16
13.39645959882084 5.631018939755545e-16
13.410950099017187 6.950974185488418e-16
13.425471980941582 5.97979245284778e-16
13.440025346648545 6.038980414142573e-14
13.454610298635584 3.948311010357233e-15
13.469226939845619 3.452922547557685e-15
13.483875373669385 3.308837267108355e-15
13.49855570394787 6.868472700017493e-16
13.513268034974793 8.135290507674381e-16
13.528012471499038 6.88361818011075e-16
13.54278911872717 8.497561360042451e-16
13.557598082325923 1.1962557963484027e-14
13.572439468424715 8.2907669622034e-16
13.587313383618195 5.726226927567352e-16
13.602219934968792 5.939298392985171e-16
13.617159230009278 5.625680114863567e-16
13.632131376745354 1.4543719751411164e-15
13.647136483658269 1.0994270907353421e-15
13.662174659707407 8.497625019516087e-16
13.677246014332955 7.815966244546528e-16
13.692350657458553 3.794078758767472e-14
13.70748869949395 1.8803227625331417e-15
13.722660251337711 5.664683124516996e-16
13.73786542437992 5.66544382179416e-16
13.753104330504899 6.007864842866624e-16
13.768377082093957 5.731293217407669e-16
13.783683792028167 1.6207201293486701e-15
13.79902457369112 7.649875518266595e-16
13.81439954097175 6.078908897644027e-16
13.829808808267128 1.1874744830504739e-14
13.845252490485324 6.431355309704103e-16
13.860730703048244 5.830279426934407e-16
13.876243561894515 1.1889509916277572e-15
13.89179118348238 3.420435482653842e-15
13.90737368479261 6.165363974815093e-16
13.922991183331431 5.817396894083796e-16
13.938643797133494 7.605568447542822e-16
13.954331644764833 1.2292498080187765e-15
13.970054845325867 6.782303153940146e-16
13.985813518454412 6.824008644439905e-16
14.00160778432872 1.2366873400338974e-15
14.017437763670515 1.2628756076328843e-15
14.033303577748104 6.250994166263333e-16
14.04920534837943 1.9554954317989645e-15
14.065143197935235 8.98217690073943e-16
14.081117249342162 1.698241350954176e-15
14.097127626085934 8.33219432256233e-16
14.113174452214531 1.0003790951742018e-15
14.129257852341398 7.422757882079089e-16
14.145377951648667 7.436286602021917e-16
14.161534875890402 9.355683437431752e-16
14.177728751395868 5.937154491334625e-16
14.193959705072844 7.777299256229887e-16
14.210227864410909 8.16888339132771e-15
14.226533357484794 5.396367173807375e-16
14.242876312957746 4.668404340904591e-16
14.259256860084903 2.0305526026700648e-15
14.275675128716719 4.91417632185448e-16
14.292131249302367 4.709308892166998e-16
14.308625352893216 4.553833472538079e-16
14.325157571146313 4.518116180110632e-16
14.341728036327861 1.304588281876485e-15
14.358336881316779 4.700589683551623e-16
14.374984239608217 2.9444191192893132e-15
14.391670245317174 8.717920908759133e-16
14.408395033182066 1.3263528556313848e-15
14.425158738568364 8.415256716856262e-16
14.441961497472251 8.397523628365685e-16
14.458803446524293 2.499495681805317e-15
14.475684722993153 5.282098272882382e-16
14.492605464789296 4.982556730675697e-16
14.509565810468782 4.719611879949849e-16
14.526565899237012 4.131903541011541e-15
14.54360587095255 4.596721502304512e-16
14.560685866130969 8.68277639820438e-16
14.577806025948698 1.2471098279951446e-15
14.594966492246922 4.638970542416895e-16
14.612167407535493 6.556133165814513e-16
14.629408914996871 4.0233415705063494e-15
14.646691158490112 4.888807282304553e-16
14.66401428255486 6.945652819192552e-16
14.681378432415366 6.261177549040615e-16
14.698783753984571 5.084441690990914e-16
14.716230393868173 4.643470842578046e-16
14.733718499368743 4.958556736869163e-16
14.75124821848988 7.490514844360962e-16
14.768819699940394 4.926574300176195e-16
14.786433093138484 4.811119081155077e-16
14.804088548215999 4.854652787774919e-16
14.821786216022693 7.1002363158168704e-15
14.839526248130522 4.722625844634379e-16
14.857308796837966 4.692406088420052e-16
14.875134015174401 6.417419993922171e-16
14.893002056904479 7.69140719431341e-16
14.91091307653255 5.336323040663968e-16
14.928867229307109 5.358087964877688e-16
14.946864671225297 1.1373869985188362e-14
14.964905559037415 6.8944671326091e-16
14.982990050251466 5.966399184888851e-16
15.001118303137732 4.931128585348582e-16
15.019290476733424 1.297833532099572e-13
15.037506730847294 4.925261002754831e-16
15.055767226064352 1.3202109540774687e-14
15.074072123750554 1.854028677376093e-15
15.092421586057583 4.979532895442027e-16
15.11081577592762 5.580555492860713e-16
15.129254857098173 4.816666997227403e-16
15.14773899410694 5.013780124291456e-16
15.16626835229669 2.6570916633105077e-15
15.184843097820204 1.4084904081849308e-14
15.203463397645244 5.355086706323437e-16
15.222129419559534 1.8357723069543526e-15
15.24084133217584 7.938850885594735e-16
15.259599304937002 4.153271316648986e-14
15.278403508121082 5.241955874495796e-16
15.297254112846499 6.119603073275942e-16
15.316151291077222 9.015549716935967e-16
15.335095215628012 6.248801050483139e-16
15.354086060169667 1.12551279741524e-15
15.373123999234354 2.2410458779335997e-15
15.392209208220939 5.50005695807705e-15
15.411341863400375 2.0378580394283988e-15
15.43052214192114 1.1249210541402047e-15
15.449750221814691 1.3006231013406959e-14
15.469026282000979 5.290857515354351e-16
15.488350502293995 3.371563737124939e-15
15.507723063407372 2.10485558266579e-15
15.527144146960005 1.2128097172390165e-15
15.546613935481727 7.105966049986972e-16
15.566132612419047 6.956340747511593e-16
15.58570036214088 6.793627496461669e-16
15.605317369944384 5.855785104314811e-16
15.624983822060779 3.1827427717534753e-15
15.644699905661266 2.613967315930091e-15
15.664465808862955 6.8454582777841e-16
15.684281720734838 5.500785506689373e-16
15.704147831303832 9.109179195679054e-16
15.724064331560854 5.07407866324183e-16
15.744031413466923 1.852633614529156e-15
15.764049269959347 1.20732129643274e-15
15.784118094957932 6.48146327834561e-16
15.804238083371235 5.236510671323546e-16
15.824409431102891 2.034139747380925e-15
15.84463233505795 5.684415683537102e-16
15.864906993149305 1.5293615002739152e-15
15.885233604304135 5.278960403198434e-16
15.905612368470413 5.901822511459798e-16
15.926043486623467 1.1049853990639795e-15
15.946527160772584 5.146071141295022e-16
15.967063593967666 5.288920104822639e-16
15.98765299030594 2.708987206760581e-15
16.008295554938723 3.9073272869989546e-14
16.028991494078227 5.193907857311025e-16
16.049741015004443 8.592249020972374e-16
16.070544326072042 4.5968714954038556e-15
16.091401636717354 5.934721703914994e-16
16.11231315746541 6.335403971145102e-16
16.133279099937 5.132995332853775e-16
16.15429967685584 1.2757303792320213e-15
16.175375102055742 4.968781495465938e-16
16.196505590487877 5.214020084898204e-16
16.217691358228098 5.539813239974535e-16
16.238932622484256 2.2655289673803445e-15
16.260229601603687 5.282807771759446e-16
16.281582515080643 5.280336865820471e-16
16.30299158356386 5.455535161572417e-16
16.324457028864146 7.995603996041392e-16
16.34597907396205 2.8293768933437873e-15
16.367557943015573 5.66404579507884e-16
16.38919386136796 5.397116176146738e-16
16.41088705555554 4.990056762343998e-16
16.432637753315635 5.031643511102232e-16
16.45444618359452 6.057941380430046e-16
16.47631257655547 6.668045476255509e-16
16.498237163586836 5.279833018739956e-16
16.52022017731024 5.046173054638861e-16
16.542261851588773 5.23735669916953e-16
16.564362421535296 7.781184789432142e-15
16.58652212352081 5.792042034964453e-16
16.608741195182862 5.1753358637261235e-16
16.63101987543407 4.714580809007603e-15
16.65335840447065 7.739389986015951e-16
16.675757023781085 4.256898791526642e-15
16.698215976154792 5.521075326546e-16
16.72073550569092 5.180506672273555e-16
16.743315857807186 6.012355496632708e-16
16.765957279248788 5.520632045402996e-16
16.788660018097396 7.360068295385278e-14
16.811424323780198 8.712504405284295e-16
16.834250447079068 7.12180289933193e-16
16.857138640139738 6.161332761631163e-16
16.88008915648111 1.2227591531365454e-15
16.90310225100459 8.534515145947079e-16
16.926178180003564 5.018787356338873e-16
16.94931720117287 1.544089851098767e-15
16.972519573618413 6.622819242450679e-16
16.99578555786683 1.1791394468686113e-15
17.019115415875266 1.00132491092017e-15
17.042509411041145 9.403517442088859e-14
17.065967808212157 1.1680525572011166e-15
17.089490873696196 8.194702332316447e-14
17.11307887527147 5.952847821756189e-16
17.136732082196634 7.936971120024039e-16
17.160450765221075 1.0071755091006512e-15
17.184235196595203 8.339120410890644e-16
17.208085650080893 2.1018699242540097e-15
17.23200240096197 5.282343763619422e-16
17.25598572605482 1.01276973488439e-15
17.28003590371906 6.272945365212866e-16
17.304153213868293 5.810686717025336e-16
17.328337937981 7.150622112404621e-16
17.352590359111467 8.680168851516365e-16
17.37691076190082 5.92607515179228e-16
17.401299432588196 3.319550624869688e-15
17.425756659021935 1.9570610638297798e-15
17.450282730670935 6.218185807026217e-16
17.474877938636034 7.524643397140856e-16
17.49954257566158 1.3733573086718515e-15
17.52427693614699 6.08983992222828e-16
17.549081316158514 5.614618026233759e-16
17.57395601344101 6.898010192262361e-16
17.59890132742987 1.0753908217084307e-15
17.62391755926305 2.245792743056769e-15
17.649005011793157 7.975895032241338e-16
17.674163989599702 9.119496784089599e-16
17.699394799001414 6.551883859188231e-16
17.724697748068657 6.5536842171556e-16
17.75007314663599 5.840386347201727e-16
17.77552130631481 3.628072773530615e-15
17.8010425405061 6.79220971689354e-16
17.826637164413285 5.2831783295543205e-16
17.852305495055237 9.252876914736298e-16
17.87804785127935 5.24667340788451e-16
17.903864553774728 6.836424128957904e-16
17.92975592508552 5.508979996137458e-16
17.95572228962435 5.516967349700125e-16
17.981763973685858 5.630393905022106e-16
18.00788130546038 5.185799012012033e-16
18.034074615047714 5.968923764891652e-16
18.060344234471067 5.357911806484447e-16
18.08669049769103 5.59436661139229e-16
18.113113740619784 5.906021600320295e-16
18.139614301135328 5.453993822852153e-16
18.16619251909592 5.694097655609106e-16
18.192848736354577 5.390901822293081e-16
18.219583296773763 5.319375750232746e-16
18.24639654624013 5.727618992308033e-16
18.273288832679487 5.402498464483703e-16
18.300260506071805 5.131806288060354e-16
18.327311918466417 5.475962984865415e-16
18.354443423997356 5.057194706948157e-16
18.381655378898767 5.300856301470737e-16
18.408948141520526 6.436544296401038e-16
18.43632207234397 9.238715260275362e-16
18.463777533997753 6.626684424072476e-16
18.49131489127387 5.189279022535991e-16
18.51893451114382 6.692209753612009e-16
18.546636762774884 8.227654054223488e-16
18.574422017546603 7.456118349655855e-15
18.602290649067346 5.179291679759756e-16
18.63024303319107 7.803743965217159e-15
18.658279548034226 5.036641384310472e-16
18.68640057399279 5.675890407859882e-16
18.71460649375947 5.242834643161746e-16
18.74289769234108 1.880296044638245e-15
18.77127455707604 5.554782556206644e-16
18.799737477652076 6.554040122902317e-16
18.82828684612403 5.420920696681618e-16
18.85692305693188 1.9526677472580085e-15
18.885646506918906 7.038634067418106e-16
18.914457595350015 5.135064372020621e-16
18.943356723930236 2.0590616216992305e-15
18.972344296823398 1.730218702184969e-13
19.001420720670982 2.8093982002562258e-15
19.030586404611107 2.8697183985936818e-15
19.059841760297754 2.655766754582315e-15
19.0891872019201 5.525403504349915e-16
19.118623146222095 1.105815897942916e-15
19.14815001252217 5.217778785359225e-16
19.177768222733153 5.905865083536917e-16
19.207478201382376 8.969234583823817e-16
19.237280375631936 5.391118321715862e-16
19.267175175299194 5.263514386377531e-16
19.297163032877414 1.0722842828358052e-15
19.327244383556636 8.524892127502359e-16
19.35741966524472 8.029271843363919e-16
19.3876893185886 1.2956149953367042e-15
19.41805378699573 6.247068426530818e-16
19.448513516655744 5.711624329944932e-16
19.47906895656229 5.708249520809566e-16
19.509720558535125 5.591024171327978e-16
19.540468777242342 6.016899299271575e-16
19.5713140702229 6.553634918625828e-16
19.602256897909278 6.503249943712492e-16
19.63329772365041 7.048745497307223e-16
19.664437013734798 6.025518816112094e-16
19.69567523741387 6.213966180783312e-16
19.727012866925545 5.622940769872539e-16
19.75845037751804 5.812088496275303e-16
19.789988247473882 8.178576646083439e-16
19.82162695813417 1.1214170954059844e-15
19.85336699392306 5.64056866970316e-16
19.885208842372503 9.083998215369385e-16
19.917152994147173 6.703557824759988e-16
19.949199943069715 5.71569996406853e-16
19.98135018614616 5.59973312179621e-16
20.013604223591624 8.137766296734701e-16
20.045962558856267 5.667848688156011e-16
20.07842569865146 6.204338444759723e-16
20.110994152976264 6.100676483838528e-16
20.143668435144107 5.948785889861432e-16
20.17644906180979 6.195496117681174e-16
20.209336552996675 5.970197492262236e-16
20.24233143212422 5.777973634449356e-16
20.275434226035735 6.14663880402678e-16
20.308645465026412 5.968800089057335e-16
20.341965682871667 6.539235698246121e-16
20.375395416855703 5.597330710048619e-16
20.40893520780043 7.066874607330491e-16
20.44258560009459 7.165496965122558e-16
20.47634714172325 7.126873609726743e-16
20.510220384297508 6.609540778523207e-16
20.54420588308456 6.468148318406921e-16
20.57830419703805 7.206311063987899e-16
20.61251588882868 7.592596746501743e-16
20.646841524875192 6.249587077631728e-16
20.68128167537561 7.511914460643154e-16
20.71583691433882 6.70765520343763e-16
20.750507819616463 6.126568860006758e-16
20.78529497293513 6.024247635963613e-16
20.820198959928923 6.942513121286979e-16
20.855220370172294 8.274786472185147e-16
20.890359797213264 7.7578579234823095e-16
20.92561783860693 2.1444141362896145e-15
20.96099509594936 3.2035532457126317e-15
20.996492174911797 8.224884040653638e-16
21.032109685275227 6.228405474242781e-16
21.0678482409653 5.670950422134508e-16
21.103708460087596 6.796511682382791e-16
21.139690964963265 6.703055340257486e-16
21.175796382165032 6.366072082293761e-16
21.21202534255355 5.907038908548332e-16
21.24837848131416 3.221528568858197e-15
21.28485643799401 6.005130637488259e-16
21.321459856539544 2.65265762798737e-15
21.358189385334423 6.26910510521259e-16
21.395045677237793 6.728741445847811e-16
21.432029389622947 8.802774158214559e-16
21.469141184416458 6.463505462386441e-16
21.50638172813762 6.049953755915011e-16
21.54375169193839 5.830059330919889e-16
21.581251751643677 6.01825987901131e-16
21.618882587792093 3.1215360734809274e-14
21.656644885677135 1.034464451425895e-15
21.694539335388765 8.036984980715388e-16
21.732566631855455 7.349847358124224e-16
21.770727474886673 6.849117898546221e-16
21.80902256921581 5.029279612293196e-15
21.847452624543543 6.044260931009075e-16
21.886018355581715 6.385453179169716e-16
21.924720482097612 6.351271058605277e-16
21.96355972895875 6.744600241180987e-16
22.002536826178133 6.904981198003288e-16
22.04165250895999 9.477421528377087e-16
22.080907517746002 1.741712801229371e-14
22.12030259826202 7.343822999389997e-16
22.15983850156528 7.52491179762199e-16
22.199515984092162 7.040288297720117e-16
22.239335807706397 5.990116451364944e-16
22.279298739747862 6.275837152310042e-16
22.319405553081843 6.448590391770916e-16
22.359657026148877 7.166947552623614e-16
22.40005394301511 6.223746618480161e-16
22.440597093423207 6.344289874424005e-16
22.481287272843826 5.916462308593917e-16
22.52212528252762 6.531278267203752e-16
22.563111929557856 5.962042290776441e-16
22.604248026903576 6.056650414459439e-16
22.64553439347334 6.305328788314763e-16
22.68697185416958 6.111122515817111e-16
22.728561239943527 1.566880449669355e-15
22.770303387850767 6.487531260741034e-16
22.812199141107396 8.391551759305105e-16
22.85424934914679 9.1387157189489e-16
22.896454867677033 7.180582833420509e-16
22.938816558738942 6.751274284434081e-16
22.981335290764775 6.131210040083798e-16
23.024011938637553 1.1245920008692857e-15
23.0668473837511 6.025499448360096e-16
23.109842514070692 6.281463035228201e-16
23.15299822419443 6.49853545827173e-16
23.196315415415295 6.814172362337283e-16
23.239794995783864 6.77326824296524e-16
23.2834378801718 7.247523749636236e-16
23.32724499033599 6.429810323184767e-16
23.37121725498346 6.110605834486771e-16
23.415355609836983 6.648354561452808e-16
23.459660997701477 1.264035154322465e-15
23.504134368531123 8.3047394672397765e-16
23.548776679497244 6.740178833674486e-16
23.593588895057017 8.677193976908232e-16
23.638571987022885 6.334577178414389e-16
23.683726934632826 5.85695242834473e-16
23.72905472462142 6.122353168488055e-16
23.774556351291707 6.350251236692314e-16
23.820232816587907 7.801318095621463e-16
23.866085130168948 6.37800473981962e-16
23.912114309482877 6.794420426044064e-16
23.958321379842108 7.8462915527118735e-16
24.004707374499556 6.392621016181086e-16
24.051273334725654 1.0051218668111218e-15
24.098020309886273 1.4602567886561855e-15
24.144949357521543 1.573910974221318e-15
24.192061543425606 8.043663198215892e-16
24.239357941727295 8.166569771485716e-16
24.28683963497178 1.0431358746990204e-15
24.33450771420315 6.503116610481012e-16
24.382363279047986 6.138501528306001e-16
24.43040743779992 9.10800321035547e-16
24.478641307505185 5.944107093838838e-16
24.527066014049215 7.34776017927702e-16
24.575682692244207 8.544134075819765e-16
24.62449248591781 6.254107295272518e-16
24.673496548002802 6.752107203529658e-16
24.72269604062789 1.1680570312189173e-15
24.77209213520956 7.69120960340571e-15
24.821686012545076 6.780121825881843e-16
24.87147886290652 7.984218312719291e-16
24.921471886136075 7.84686218602733e-16
24.971666291742373 9.89768141592328e-16
25.022063298998027 7.296320599532275e-16
25.07266413703838 7.091968730236208e-16
25.123470044961426 6.158762060595749e-16
25.174482271928937 7.756021704637208e-16
25.22570207726887 6.045848129490177e-16
25.277130730578975 5.960169314063053e-16
25.328769511831712 6.763188272988435e-16
25.380619711480424 6.813711895791776e-16
25.432682630566852 5.944091486148344e-16
25.484959580829955 7.725139632991903e-16
25.53745188481607 1.301978751214457e-15
25.59016087599044 7.434990659050789e-16
25.643087898850144 7.681979687336999e-16
25.696234309038413 8.373413977956461e-16
25.74960147346036 7.573869270618018e-16
25.803190770400192 7.870894371391074e-16
25.857003589639856 8.474011820658631e-16
25.911041332579185 7.120317263687984e-16
25.96530541235755 1.0106614909632144e-15
26.01979725397705 1.4078427292467784e-15
26.07451829442723 5.9954631307615e-16
26.129469982811443 6.831655882491183e-16
26.184653780474733 5.77610020515627e-16
26.240071161133393 6.086472786956817e-16
26.295723611006135 9.060046729053464e-16
26.351612628946995 1.0111163145839e-15
26.40773972657985 6.536284197397916e-16
26.464106428434732 6.683335871505947e-16
26.520714272085854 6.176572833796985e-16
26.577564808291417 7.722836223636812e-16
26.634659601135244 7.8374259330699e-16
26.69200022817017 9.151882363179208e-16
26.7495882805634 6.293777622878355e-16
26.807425363243645 8.82217102276825e-16
26.86551309505027 6.111590650412639e-16
26.923853108884263 6.288112116698738e-16
26.982447051861307 1.2246822797627268e-15
27.041296585466775 1.3403569105624485e-15
27.100403385712763 5.635090802322967e-16
27.15976914329723 7.940167543485858e-16
27.21939556376516 7.949882925087974e-16
27.279284367671956 5.729107075658679e-16
27.33943729074888 8.156594792118163e-16
27.39985608407078 1.0200280039037315e-15
27.46054251422599 1.8490847709894836e-15
27.521498363488526 7.383745133513271e-16
27.582725429992557 6.264356573699631e-16
27.644225527909224 8.701363662418511e-16
27.70600048762582 5.770753615308228e-16
27.768052155927386 8.606903447360013e-16
27.830382396180763 6.008364993464878e-16
27.892993088521088 9.488812283469283e-16
27.95588613004086 1.2923639988956604e-15
28.019063434981547 6.597686272217478e-16
28.082526934927795 6.769510667940843e-16
28.146278579004306 6.125859734079533e-16
28.210320334075362 8.768318713780815e-16
28.274654184947092 6.636007649931703e-16
28.339282134572564 1.1246585517238876e-15
28.404206204259633 7.778608021500962e-16
28.469428433881664 1.696496182362858e-15
28.53495088209119 6.76657735548979e-16
28.60077562653652 5.609293241226564e-16
28.666904764081323 6.366101459328213e-16
28.73334041102731 5.557473267635695e-16
28.80008470333997 9.895142213485254e-16
28.867139796877524 6.676987494895783e-16
28.93450786762301 8.652727878197389e-16
29.002191111919704 6.328325917139541e-16
29.070191746709746 6.081065174250617e-16
29.138512009776285 1.8688544072390606e-15
29.207154159988878 1.2149985081189e-15
29.276120477552503 5.728343240399402e-16
29.345413264260007 6.126069051761668e-16
29.415034843748224 6.568696813173423e-16
29.484987561757706 7.446592507281118e-16
29.555273786396164 9.652553657511686e-16
29.625895908405735 7.13668904213889e-16
29.69685634143401 5.417553122040336e-16
29.768157522309057 5.877776122526225e-16
29.839801911318332 9.770748478465417e-16
29.911791992491683 5.953194748190207e-16
29.98413027388846 6.91725501982873e-16
30.05681928788874 6.650809408626728e-16
30.12986159148889 5.280316019046291e-16
30.203259766601366 5.761696524099631e-16
30.277016420358976 5.738953788794981e-16
30.351134185423536 6.789456058085689e-16
30.425615720299156 1.7344717584651802e-15
30.50046370965007 1.0099972199150978e-15
30.575680864623223 5.541969599476931e-16
30.651269923175633 5.730635356007841e-16
30.727233650406585 5.29366750156008e-16
30.80357483889484 6.154601105080925e-16
30.88029630904081 6.627148102729285e-16
30.95740090941394 7.778187096515833e-16
31.034891517105248 8.94142393437455e-16
31.112771038085146 7.248313578606438e-16
31.19104240756678 5.171711459967905e-16
31.269708590374762 6.8710205852138435e-16
31.3487725813195 1.0591665504081661e-15
31.42823740557731 5.167830292059319e-16
31.508106119076196 5.249273085275197e-16
31.588381808887654 5.40819861761642e-16
31.669067593624387 7.200700563696291e-16
31.750166623844166 5.609533696694871e-16
31.831682082459935 5.580040497720779e-16
31.91361718515621 5.758704955843494e-16
31.995975180811932 7.461510254987925e-16
32.07875935192993 5.280934061686016e-16
32.16197301507299 9.36510113527815e-16
32.2456195213068 1.253431609551131e-15
32.32970225664979 5.091855858635432e-16
32.41422464253002 1.373987413739885e-15
32.49919013624931 6.067116649492718e-16
32.584602231454596 1.9199504500416612e-15
32.67046445861684 7.470585966809844e-16
32.75678038551742 5.215586822277266e-16
32.84355361774239 6.563064142824637e-16
32.93078779918447 8.144976190196895e-16
33.018486612553176 5.972466562838584e-16
33.10665377989303 4.915487519954303e-16
33.195293063110185 5.254503517298455e-16
33.28440826450746 8.112700354329005e-16
33.37400322732804 7.970819271130955e-16
33.46408183630799 5.520571704831084e-16
33.55464801823773 1.2786847839379142e-15
33.64570574253267 5.827153444814075e-16
33.73725902181315 4.7512462661534384e-15
33.829311912493836 6.922607022537678e-16
33.92186851538287 7.298578814101609e-16
34.01493297629081 4.804617628847772e-16
34.108509486649695 5.720617000346893e-16
34.20260228414225 4.927893697722792e-16
34.297215653341674 5.337590643872071e-16
34.39235392636194 4.708470692286823e-16
34.48802148351901 5.555709776495029e-16
34.584222754003186 4.684597385071762e-16
34.680962216562584 5.518965532398683e-16
34.77824440019826 5.014922715363169e-16
34.876073884871 6.887838695583816e-16
34.97445530222008 5.759837170139718e-16
35.07339333629421 7.429907757506497e-16
35.17289272429498 5.87466070794376e-16
35.272958257332924 4.76237309231795e-16
35.37359478119656 4.8745993876288895e-16
35.474807197134645 4.923214376923306e-16
35.57660046265189 5.144207994201905e-16
35.67897959231837 5.608249987825235e-16
35.781949658593035 5.276014596175823e-16
35.88551579266145 4.470677251906225e-16
35.98968318528815 6.010152729048773e-16
36.09445708768389 4.4315699740954397e-16
36.19984281238809 4.659313279190702e-16
36.30584573416677 5.345468701967795e-16
36.41247129092632 9.016086106047091e-16
36.51972498464339 6.530177955020573e-16
36.627612382311334 4.996130692764752e-16
36.73613911690339 1.7232857891425565e-15
36.8453108883531 7.052109488441995e-16
36.95513346455221 4.762289203575094e-16
37.065612682366584 4.951489173208519e-16
37.17675444867021 4.284741802563919e-16
37.288564741398005 4.712938027779965e-16
37.401049610617676 4.2615779314091937e-16
37.514215179620955 4.741859489548002e-16
37.62806764603479 4.985826561493251e-16
37.74261328295275 1.1584345299950234e-15
37.85785844008724 4.2778298083905216e-16
37.973809544942846 4.453049232574459e-16
38.0904731040113 4.1606099185500836e-16
38.20785570398858 4.53927431511906e-16
38.325964013014534 4.590904464634032e-16
38.44480478193564 4.413778491875996e-16
38.5643848455912 4.545036460293791e-16
38.68471112412381 4.757852063129858e-16
38.805790624314234 4.958860486830141e-16
38.9276304409416 5.58764998212565e-16
39.05023775816913 4.643205231376247e-16
39.17361985095633 4.1813454967092024e-16
39.29778408649787 5.589321956767017e-16
39.42273792569 4.175592835033754e-16
39.54848892462503 4.3734316364196663e-16
39.67504473611451 4.500446246690156e-16
39.802413111241634 6.818654184916414e-16
39.93060190094386 3.9836515058407773e-16
40.05961905762604 4.0709822301827355e-16
40.18947263680492 1.152307643537926e-15
40.32017079878588 4.786958238229459e-16
40.451721810372334 3.9145790161141025e-16
40.58413404660878 5.109843540752426e-16
40.717415992558216 3.9547452473900736e-16
40.85157624511462 9.92481825649735e-16
40.98662351485146 7.344229287012414e-16
41.12256662790695 4.2449688720187774e-16
41.259414527906955 4.076834960693038e-16
41.3971762779264 3.9296611855332363e-16
41.535861062490156 4.3391153596295403e-16
41.675478189614246 4.4006549042361076e-16
41.81603709288832 3.79204724757899e-16
41.95754733360053 5.303195978002175e-16
42.10001860290554 3.793013423483261e-16
42.243460724037035 6.852781887400809e-16
42.38788365456541 3.9206451123006335e-16
42.53329748870214 4.4128093984080503e-16
42.6797124596516 3.7513800005353613e-16
42.82713894201167 3.7425458317881035e-16
42.97558745422432 3.6776498177456945e-16
43.125068661077215 3.7060149013219906e-16
43.275593376257866 3.861706445252334e-16
43.42717256496133 3.8719068171514154e-16
43.57981734655298 3.975569258670133e-16
43.73353899728759 6.17605455314205e-16
43.888348953086215 3.8902149288894894e-16
44.044258812372206 8.268007998882075e-16
44.20128033896795 1.1045078766096841e-15
44.35942546505375 4.273337667709978e-16
44.51870629419043 3.548860185281484e-16
44.67913510440743 3.6907536971629394e-16
44.84072435135769 3.98943259484095e-16
45.00348667154148 3.618688736584419e-16
45.16743488560051 3.710490825540013e-16
45.33258200168442 3.66704716473134e-16
45.498941218891375 5.083532934007317e-16
45.66652593078465 6.731437045007932e-16
45.83534972898727 3.532588479927224e-16
46.00542640685665 3.4626887089725095e-16
46.17676996324139 4.688586074019572e-16
46.3493946063223 5.674606986831257e-16
46.52331475753989 3.8876842866780517e-16
46.6985450556107 9.768522435880576e-16
46.875100360634626 4.2629638924351346e-16
47.052995758295864 3.7124603433683135e-16
47.23224656415985 4.0965632668310136e-16
47.41286832806877 3.331115799345163e-16
47.59487683863835 3.8976090552398353e-16
47.7782881278586 3.387083124722594e-16
47.96311847580135 3.4588886511180126e-16
48.149384415437495 3.396309096288386e-16
48.33710273756686 3.59652157533182e-16
48.52629049586395 3.3442831464104043e-16
48.71696501204259 3.20893966204631e-16
48.9091438811428 3.8531268621103087e-16
49.102844976943324 4.560547056547743e-16
49.298086457503295 3.9779910432485033e-16
49.49488677083663 3.5403353673647046e-16
49.69326466072287 3.223025242334389e-16
49.89323917265835 3.8363147869888676e-16
50.09482965995165 3.611885516016864e-16
50.29805578996738 1.2359850525435194e-15
50.50293755052262 8.199466841504239e-16
50.70949525644024 4.03966288662452e-16
50.91774955626389 3.656130019058937e-16
51.12772143913884 3.8540474933321097e-16
51.3394322418641 3.1549808556880554e-16
51.5529036561203 3.071220484021839e-16
51.76815773587863 2.956054864822605e-16
51.98521690499628 2.9126222461898094e-16
52.204103965003696 3.7870483175820967e-16
52.424842103089425 3.3115086125502397e-16
52.647454900288466 3.7868461421123704e-16
52.87196633987995 6.043123243923497e-16
53.09840081600085 3.3434306347870957e-16
53.326783142481844 2.934270184567832e-16
53.55713856191219 2.8630322319473757e-16
53.78949275494069 2.9231275800274027e-16
54.023871849819606 8.219853569944326e-16
54.26030243219947 2.900821242744772e-16
54.49881155518198 3.0191375734009747e-16
54.739426749639364 1.3069122130305523e-15
54.98217603480823 3.8293229416739644e-16
55.227087929166636 2.8722311945223376e-16
55.474191461603105 2.8134900289526695e-16
55.72351618288689 3.155437724741506e-16
55.97509217744891 3.012477225501554e-16
56.22895007548331 3.1855129750617726e-16
56.48512106537979 2.9500002797204974e-16
56.74363690649739 2.8937510070293963e-16
57.00452994229059 2.66274477359247e-16
57.26783311379925 2.7524053415289973e-16
57.53357997351417 2.7137070305089547e-16
57.80180469963048 5.341138648359584e-16
58.07254211070156 2.7788717664803385e-16
58.34582768070685 3.0630793896010563e-16
58.621697554547055 2.802032060675436e-16
58.900188563981004 2.98715429274708e-16
59.1813382440191 2.9059292758904156e-16
59.46518484978834 5.282405242946468e-16
59.751767373885144 2.619685019175601e-16
60.04112556423242 2.527306664962879e-16
60.333299942457934 2.455376509125578e-16
60.628331822812015 2.714891979948328e-16
60.92626333164297 2.560792454112831e-16
61.22713742744961 2.6284507261495165e-16
61.530997921530926 2.40145408809246e-16
61.837889499253706 2.441511730163841e-16
62.147857741959776 2.4733429964658783e-16
62.46094914953553 2.4016497686285e-16
62.777211163667104 7.18920993568195e-16
63.09669219180562 3.0233466311866207e-16
63.4194416318681 3.926320362256384e-16
63.74550989770021 1.1958704158087197e-15
64.07494844532876 3.305392137763597e-16
64.40780980003235 2.2120452897822264e-16
64.74414758426045 2.385746812623726e-16
65.08401654643149 2.204131613913073e-16
65.42747259064325 2.2969503506629747e-16
65.77457280732858 3.2945511781354684e-16
66.12537550489245 7.255488839924575e-16
66.47994024236671 9.358460949726527e-16
66.83832786312115 2.1002154948597045e-16
67.20060052967094 2.410212208398484e-16
67.56682175962221 2.319177427791868e-16
67.93705646279946 2.246882305558137e-16
68.31137097960047 1.9820102190340933e-16
68.68983312062612 2.1153981479411077e-16
69.07251220763497 2.136678903927001e-16
69.45947911587467 1.9467737243228474e-16
69.85080631784419 6.978980630494654e-16
70.24656792854388 2.2005328583903642e-16
70.6468397522727 2.1750961776821895e-16
71.05169933103444 1.9618982719196172e-16
71.46122599461826 2.4655436216647674e-16
71.87550091242099 1.992551792871068e-16
72.29460714708279 1.8797961683357792e-16
72.71862971001029 1.8042069186043366e-16
73.14765561886526 1.7949513700560127e-16
73.58177395710055 3.696257798198792e-16
74.02107593562872 1.7410726456311558e-16
74.46565495671305 2.096100554018304e-16
74.91560668017522 2.180253376110962e-16
75.37102909201771 2.027575657669876e-16
75.83202257556484 2.2517045206532254e-16
76.2986899852306 2.602544658341314e-16
76.77113672302734 2.091603980835548e-16
77.24947081793475 1.6321568795906933e-16
77.73380300825468 1.8891657062638026e-16
78.2242468270838 1.7211606089024666e-16
78.72091869104246 1.594884547509491e-16
79.22393799240565 1.7330914886073525e-16
79.73342719478906 1.5600697047737592e-16
80.24951193255129 1.6068543437552717e-16
80.77232111408196 1.6397836958536754e-16
81.30198702915375 1.6105070409909262e-16
81.83864546052628 1.7215504325359567e-16
82.38243579999997 1.4971111613317415e-16
82.9335011691275 1.5835285923358931e-16
83.49198854480316 1.491673417661653e-16
84.05804888996137 1.4055697335807922e-16
84.63183728962815 1.3925529657815574e-16
85.21351309258381 1.3354605738045426e-16
85.80324005890802 1.4641057008364814e-16
86.40118651369461 1.4336610657368078e-16
87.00752550723921 1.3002440658452765e-16
87.62243498201974 1.304478117567502e-16
88.24609794680848 2.0201620470894626e-16
88.87870265827335 1.3148161650816772e-16
89.52044281044726 1.2886407585951436e-16
90.17151773246586 1.3869519365174325e-16
90.83213259499783 1.425342472451083e-16
91.50249862581697 1.2951270874417186e-16
92.18283333499168 1.6570303723780828e-16
92.87336075019637 1.1290177207616495e-16
93.57431166267939 3.193505698819932e-16
94.28592388445522 1.0945189708351602e-16
95.00844251732235 1.0696692444106948e-16
95.74212023434703 1.0879642541491924e-16
96.48721757449125 1.1581117052276793e-16
97.24400325110726 1.0559763108091112e-16
98.01275447506559 1.6799774563118152e-16
98.79375729333331 1.0568242901322585e-16
99.58730694387096 9.978077383013994e-17
100.39370822777339 1.1005745263575113e-16
101.21327589964012 1.1486793777729132e-16
102.04633507722528 1.3127412023736927e-16
102.89322167148758 1.4831477018025865e-16
103.75428283823527 1.3694871878100642e-16
104.62987745264205 8.683594270986636e-17
105.5203766079965 8.330490028620039e-17
106.42616414014145 1.100884338435475e-16
107.34763717916039 7.965137171855646e-17
108.28520672997709 8.556105002033942e-17
109.23929828365159 7.847769016835183e-17
110.21035246128316 7.4392062815815e-17
111.19882569256755 7.186358447101447e-17
112.20519093120393 7.096776045184912e-17
113.2299384095079 6.856507440185698e-17
114.27357643476043 6.754311921948819e-17
115.33663223001035 7.47708229861547e-17
116.41965282225355 6.528852002482491e-17
117.52320598113208 6.512943876212166e-17
118.64788121153846 6.006059280373687e-17
119.79429080377145 7.054533620634716e-17
120.96307094517418 5.700256803570138e-17
122.15488289749563 6.113828141697647e-17
123.37041424455447 5.838108515027193e-17
