WAVELENGTH FLUX
123.37041424455447 8.846027361389509e-17
122.15488289749563 8.728785924601311e-16
120.96307094517418 8.603041683816911e-17
119.79429080377145 3.0861812828930357e-16
118.64788121153846 5.444064963135737e-16
117.52320598113208 1.2652754894032253e-15
116.41965282225355 9.847098265274808e-17
115.33663223001035 7.172128865460277e-17
114.27357643476043 2.4908560742200786e-16
113.2299384095079 1.517191389041736e-16
112.20519093120393 2.196150853718961e-16
111.19882569256755 7.631795367261913e-17
110.21035246128316 3.89399249346957e-16
109.23929828365159 1.0250225081576083e-16
108.28520672997709 1.6637279573841854e-15
107.34763717916039 1.0187336357215526e-16
106.42616414014145 1.254957425278038e-16
105.5203766079965 8.453881816323834e-17
104.62987745264205 9.279046990910535e-17
103.75428283823527 4.0925591244025346e-16
102.89322167148758 1.0544746438596411e-16
102.04633507722528 7.087036756118479e-16
101.21327589964012 6.142442995475256e-16
100.39370822777339 1.5257326881019796e-16
99.58730694387096 9.807263670455922e-17
98.79375729333331 1.0867511760339538e-16
98.01275447506559 4.382715192156685e-16
97.24400325110726 9.723614624637773e-17
96.48721757449125 1.2064329831144853e-16
95.74212023434703 1.8502645744499723e-16
95.00844251732235 9.511230312058123e-17
94.28592388445522 1.7589063444695328e-16
93.57431166267939 1.6063640620731365e-15
92.87336075019637 1.0620956164478461e-16
92.18283333499168 1.5030362698541083e-16
91.50249862581697 2.80194007359626e-16
90.83213259499783 4.3594181411651824e-16
90.17151773246586 1.294549766039689e-16
89.52044281044726 1.222236643462995e-16
88.87870265827335 1.6490940391102797e-16
88.24609794680848 1.4544109615838867e-16
87.62243498201974 1.2021235899020862e-16
87.00752550723921 1.1573652224366492e-16
86.40118651369461 1.2092985859957875e-16
85.80324005890802 1.2274477196484273e-16
85.21351309258381 1.1893331811274654e-16
84.63183728962815 1.2278680478878622e-16
84.05804888996137 1.354452390974059e-16
83.49198854480316 1.534936867823427e-16
82.9335011691275 2.757571016206213e-16
82.38243579999997 1.2892810888214983e-16
81.83864546052628 1.471507594579974e-16
81.30198702915375 1.364198016072571e-16
80.77232111408196 1.5224264880801288e-16
80.24951193255129 1.3870041971414608e-16
79.73342719478906 1.3905005521305504e-16
79.22393799240565 1.3908865076860908e-16
78.72091869104246 1.8060518390231358e-16
78.2242468270838 1.497753102494064e-16
77.73380300825468 1.5183836005646648e-16
77.24947081793475 1.540776813195353e-16
76.77113672302734 1.4990621123172547e-16
76.2986899852306 1.578964528690459e-16
75.83202257556484 1.9408683403228835e-16
75.37102909201771 1.5394661659508563e-16
74.91560668017522 1.5905263145334252e-16
74.46565495671305 1.6589497323217658e-16
74.02107593562872 1.6245685022125264e-16
73.58177395710055 1.6673371194704267e-16
73.14765561886526 1.732854184102977e-16
72.71862971001029 1.6713984304256445e-16
72.29460714708279 1.6744228263670843e-16
71.87550091242099 1.7376175415200573e-16
71.46122599461826 1.7693562014830558e-16
71.05169933103444 1.7277263437320794e-16
70.6468397522727 1.7472540292969246e-16
70.24656792854388 1.7609235463013215e-16
69.85080631784419 1.8223126700158572e-16
69.45947911587467 1.818378802515289e-16
69.07251220763497 1.844383682354166e-16
68.68983312062612 1.9085704468357815e-16
68.31137097960047 1.8626562313196886e-16
67.93705646279946 2.1067323475883113e-16
67.56682175962221 2.0610902167258733e-16
67.20060052967094 2.014014951983299e-16
66.83832786312115 1.9969226115893511e-16
66.47994024236671 2.457927261540223e-16
66.12537550489245 2.3574766090483516e-16
65.77457280732858 2.485288446749217e-16
65.42747259064325 2.639681100638138e-16
65.08401654643149 2.055753878928939e-16
64.74414758426045 2.1104038320749718e-16
64.40780980003235 2.0884285263671772e-16
64.07494844532876 2.3803212135006e-16
63.74550989770021 2.549942380203565e-16
63.4194416318681 2.434653641821417e-16
63.09669219180562 2.279248160462578e-16
62.777211163667104 2.4076799356986345e-16
62.46094914953553 2.177994597231938e-16
62.147857741959776 2.2700217660460653e-16
61.837889499253706 2.3406283094302773e-16
61.530997921530926 2.34321284151826e-16
61.22713742744961 2.423667369810586e-16
60.92626333164297 2.357843832694131e-16
60.628331822812015 2.5155303605328167e-16
60.333299942457934 2.37160262179871e-16
60.04112556423242 2.619712787649397e-16
59.751767373885144 2.6183900615560087e-16
59.46518484978834 2.814191989650273e-16
59.1813382440191 3.18943878430646e-16
58.900188563981004 2.9645577912866996e-16
58.621697554547055 2.6316848625311553e-16
58.34582768070685 2.747315548261504e-16
58.07254211070156 2.652175361065963e-16
57.80180469963048 3.5529253229039176e-16
57.53357997351417 2.687937784330118e-16
57.26783311379925 2.70209474972389e-16
57.00452994229059 2.661637098747856e-16
56.74363690649739 2.8443198373508e-16
56.48512106537979 2.664020681315069e-16
56.22895007548331 2.7025438793924564e-16
55.97509217744891 2.7749851790498284e-16
55.72351618288689 2.7713490812919943e-16
55.474191461603105 2.7922349551138307e-16
55.227087929166636 2.9531212235596073e-16
54.98217603480823 2.8795304434057546e-16
54.739426749639364 3.647124602311867e-16
54.49881155518198 3.146136460984837e-16
54.26030243219947 3.26248080133002e-16
54.023871849819606 3.6810467833244784e-16
53.78949275494069 3.1625623059352294e-16
53.55713856191219 3.5400435474844995e-16
53.326783142481844 3.911687249781584e-16
53.09840081600085 3.754354077086809e-16
52.87196633987995 4.0034377685176925e-16
52.647454900288466 3.901597277774207e-16
52.424842103089425 4.0224102914029684e-16
52.204103965003696 3.524587167293419e-16
51.98521690499628 3.631644854888077e-16
51.76815773587863 3.330027486133456e-16
51.5529036561203 3.1786484063864933e-16
51.3394322418641 3.341608844577469e-16
51.12772143913884 3.622403635037605e-16
50.91774955626389 3.8850309681304847e-16
50.70949525644024 4.277362993621667e-16
50.50293755052262 4.852401210009423e-16
50.29805578996738 4.951616499446809e-16
50.09482965995165 3.6674328857679333e-16
49.89323917265835 4.368624410387052e-16
49.69326466072287 3.8079970577919253e-16
49.49488677083663 3.6076420653237616e-16
49.298086457503295 4.616101195450518e-16
49.102844976943324 4.804855033278757e-16
48.9091438811428 4.1038630078398863e-16
48.71696501204259 4.1959248278595934e-16
48.52629049586395 5.00100528278107e-16
48.33710273756686 4.592228273098037e-16
48.149384415437495 4.1727458694494577e-16
47.96311847580135 5.664761187927222e-16
47.7782881278586 4.501954808680167e-16
47.59487683863835 5.045922934459694e-16
47.41286832806877 4.731954006551004e-16
47.23224656415985 4.17823486235883e-16
47.052995758295864 4.865688075582242e-16
46.875100360634626 6.154279640397498e-16
46.6985450556107 6.158085977399699e-16
46.52331475753989 6.83666483397795e-16
46.3493946063223 5.314298673164201e-16
46.17676996324139 5.476987645790718e-16
46.00542640685665 4.707400821571821e-16
45.83534972898727 5.460231486009989e-16
45.66652593078465 6.847391347188857e-16
45.498941218891375 5.698251518614365e-16
45.33258200168442 4.3309522115391393e-16
45.16743488560051 4.169075197194535e-16
45.00348667154148 4.178576816117676e-16
44.84072435135769 4.1514923631647967e-16
44.67913510440743 4.1843832508438475e-16
44.51870629419043 4.492328356292788e-16
44.35942546505375 5.514881247522395e-16
44.20128033896795 9.969239708769024e-16
44.044258812372206 7.676382953472837e-16
43.888348953086215 5.212015556131948e-16
43.73353899728759 7.520705605650584e-16
43.57981734655298 6.05158758466748e-16
43.42717256496133 9.16157045397452e-16
43.275593376257866 1.061492071434982e-15
43.125068661077215 6.654380668424909e-16
42.97558745422432 6.278892202249502e-16
42.82713894201167 5.284449896265806e-16
42.6797124596516 6.185025193184345e-16
42.53329748870214 5.093140494028133e-16
42.38788365456541 4.850049498565418e-16
42.243460724037035 4.723368118602307e-16
42.10001860290554 4.433414776616106e-16
41.95754733360053 4.939902362660851e-16
41.81603709288832 4.76514860714883e-16
41.675478189614246 4.812341681829045e-16
41.535861062490156 5.288303386254189e-16
41.3971762779264 5.617377640257618e-16
41.259414527906955 5.226592936264775e-16
41.12256662790695 5.145611286291713e-16
40.98662351485146 8.348217934427537e-16
40.85157624511462 1.3383087290253252e-15
40.717415992558216 7.740039598850867e-16
40.58413404660878 8.238259461345757e-16
40.451721810372334 1.0324182810519293e-15
40.32017079878588 6.952250175000432e-16
40.18947263680492 6.762893648240967e-16
40.05961905762604 5.923855244643215e-16
39.93060190094386 5.304816913515744e-16
39.802413111241634 5.76155494924075e-16
39.67504473611451 5.351071658837041e-16
39.54848892462503 5.181596415636203e-16
39.42273792569 5.446076877177672e-16
39.29778408649787 5.116790134619609e-16
39.17361985095633 5.142462504066456e-16
39.05023775816913 5.518619001873878e-16
38.9276304409416 5.400395265357234e-16
38.805790624314234 5.35460230268566e-16
38.68471112412381 5.681353986003588e-16
38.5643848455912 5.870183816433764e-16
38.44480478193564 5.517431821270031e-16
38.325964013014534 5.875898300179729e-16
38.20785570398858 5.921320417163068e-16
38.0904731040113 6.088854110534792e-16
37.973809544942846 6.464634607205646e-16
37.85785844008724 7.650733204225451e-16
37.74261328295275 6.827775676897699e-16
37.62806764603479 6.28488941211825e-16
37.514215179620955 7.029579203754857e-16
37.401049610617676 5.979281247753985e-16
37.288564741398005 6.278253509672496e-16
37.17675444867021 7.30803076676069e-16
37.065612682366584 6.599847049829975e-16
36.95513346455221 6.915615083868142e-16
36.8453108883531 6.233321686234848e-16
36.73613911690339 7.403839545909792e-16
36.627612382311334 6.512315677517418e-16
36.51972498464339 6.772838128677428e-16
36.41247129092632 7.755540378131186e-16
36.30584573416677 5.904679529789383e-16
36.19984281238809 5.741365542888075e-16
36.09445708768389 6.346511504116094e-16
35.98968318528815 6.554424065555137e-16
35.88551579266145 6.088045971623879e-16
35.781949658593035 6.203282541187856e-16
35.67897959231837 7.422741960830036e-16
35.57660046265189 8.890028114877624e-16
35.474807197134645 6.136683412858683e-16
35.37359478119656 5.966731665631138e-16
35.272958257332924 6.439792580414659e-16
35.17289272429498 6.01207138654207e-16
35.07339333629421 7.103072889970271e-16
34.97445530222008 5.974307311212774e-16
34.876073884871 6.154860537976371e-16
34.77824440019826 5.917769420901155e-16
34.680962216562584 6.785942842753996e-16
34.584222754003186 6.285592687842608e-16
34.48802148351901 6.419612163238785e-16
34.39235392636194 6.973821488736306e-16
34.297215653341674 6.390075740197737e-16
34.20260228414225 7.042944392592194e-16
34.108509486649695 6.17402173243036e-16
34.01493297629081 7.009563532485586e-16
33.92186851538287 8.283902905252124e-16
33.829311912493836 8.466413686745527e-16
33.73725902181315 3.571337961885646e-15
33.64570574253267 8.385864297361784e-16
33.55464801823773 1.4182139315823066e-15
33.46408183630799 7.634294918307428e-16
33.37400322732804 1.0217070161597976e-15
33.28440826450746 7.622949745102446e-16
33.195293063110185 7.448699289491448e-16
33.10665377989303 7.087533788356019e-16
33.018486612553176 6.683221933647588e-16
32.93078779918447 8.547920366574438e-16
32.84355361774239 6.314317232247598e-16
32.75678038551742 6.336824564204449e-16
32.67046445861684 6.636324873350239e-16
32.584602231454596 1.8435607290989073e-15
32.49919013624931 6.558352216867071e-16
32.41422464253002 1.2792719130615302e-15
32.32970225664979 6.47601598612327e-16
32.2456195213068 7.203790956646499e-16
32.16197301507299 6.869223843863786e-16
32.07875935192993 7.475704848839715e-16
31.995975180811932 7.074999530194737e-16
31.91361718515621 7.651893449341297e-16
31.831682082459935 6.801859208255886e-16
31.750166623844166 7.142597394149709e-16
31.669067593624387 6.861722723180904e-16
31.588381808887654 6.956743799443041e-16
31.508106119076196 7.195981864487155e-16
31.42823740557731 8.279464224305584e-16
31.3487725813195 9.735364834653862e-16
31.269708590374762 9.01339824950779e-16
31.19104240756678 8.042870119675211e-16
31.112771038085146 8.501797896776376e-16
31.034891517105248 1.1111503043339837e-15
30.95740090941394 7.479758654958272e-16
30.88029630904081 8.5640347793718675e-16
30.80357483889484 8.329524039810559e-16
30.727233650406585 7.626436194108287e-16
30.651269923175633 8.229689921289339e-16
30.575680864623223 8.378432261557181e-16
30.50046370965007 1.3565808879405008e-15
30.425615720299156 1.891532266173437e-15
30.351134185423536 7.719879504248262e-16
30.277016420358976 7.719508552097449e-16
30.203259766601366 7.400454632411791e-16
30.12986159148889 7.24590262200409e-16
30.05681928788874 7.23282152946425e-16
29.98413027388846 7.09213073325474e-16
29.911791992491683 7.232990574308733e-16
29.839801911318332 7.859990173874226e-16
29.768157522309057 7.382103236052968e-16
29.69685634143401 7.618516556426082e-16
29.625895908405735 8.354756544224376e-16
29.555273786396164 9.269016367643531e-16
29.484987561757706 8.723087399130996e-16
29.415034843748224 7.995650306695702e-16
29.345413264260007 7.461499549524603e-16
29.276120477552503 7.708147957802353e-16
29.207154159988878 8.444424789681373e-16
29.138512009776285 7.9244051689533005e-16
29.070191746709746 8.877188440885118e-16
29.002191111919704 8.956361508886126e-16
28.93450786762301 8.352963596458346e-16
28.867139796877524 7.869314614322908e-16
28.80008470333997 8.047262958947088e-16
28.73334041102731 7.733506145668468e-16
28.666904764081323 8.166331498348804e-16
28.60077562653652 8.000001320068726e-16
28.53495088209119 8.941750646575134e-16
28.469428433881664 1.5769979424937682e-15
28.404206204259633 9.967510399245755e-16
28.339282134572564 9.610205972431192e-16
28.274654184947092 8.929027306890969e-16
28.210320334075362 8.315879540741048e-16
28.146278579004306 9.035631264019534e-16
28.082526934927795 8.214668403476527e-16
28.019063434981547 8.028556731625066e-16
27.95588613004086 9.20496835726561e-16
27.892993088521088 1.0018773173248292e-15
27.830382396180763 9.153992246486855e-16
27.768052155927386 8.338968093177472e-16
27.70600048762582 7.999374052989793e-16
27.644225527909224 7.835647933494771e-16
27.582725429992557 8.534920526694553e-16
27.521498363488526 9.951404024864375e-16
27.46054251422599 8.674362072249667e-16
27.39985608407078 8.041411668957993e-16
27.33943729074888 8.956438628503233e-16
27.279284367671956 8.001657898041705e-16
27.21939556376516 8.324066690176765e-16
27.15976914329723 8.51510755034666e-16
27.100403385712763 8.76382652578739e-16
27.041296585466775 1.031031369227225e-15
26.982447051861307 1.1966214754207684e-15
26.923853108884263 9.130318433936434e-16
26.86551309505027 1.0072177984699217e-15
26.807425363243645 8.549615854175399e-16
26.7495882805634 8.335798939147765e-16
26.69200022817017 8.59620602874897e-16
26.634659601135244 9.121385532814382e-16
26.577564808291417 8.661108373436202e-16
26.520714272085854 8.376609036640475e-16
26.464106428434732 1.0095439409761837e-15
26.40773972657985 8.794784705709085e-16
26.351612628946995 1.0241964665222446e-15
26.295723611006135 8.730008027955909e-16
26.240071161133393 8.564592298425065e-16
26.184653780474733 8.622717095504281e-16
26.129469982811443 8.686766271525533e-16
26.07451829442723 8.589463274763728e-16
26.01979725397705 1.0445150897100557e-15
25.96530541235755 9.371241779872018e-16
25.911041332579185 8.835497845935088e-16
25.857003589639856 9.414122903415084e-16
25.803190770400192 9.655794355689524e-16
25.74960147346036 9.272046608639523e-16
25.696234309038413 1.2788031687440546e-15
25.643087898850144 9.348910283594497e-16
25.59016087599044 9.021802213123941e-16
25.53745188481607 1.0625432901039968e-15
25.484959580829955 9.173433812046878e-16
25.432682630566852 8.882726490580603e-16
25.380619711480424 9.124993384994178e-16
25.328769511831712 9.249281290542411e-16
25.277130730578975 9.007168349805386e-16
25.22570207726887 9.135207843029658e-16
25.174482271928937 9.10809693698862e-16
25.123470044961426 9.120079262567838e-16
25.07266413703838 1.177289787190966e-15
25.022063298998027 1.0103164976863428e-15
24.971666291742373 1.7024344357558963e-15
24.921471886136075 9.278434140554993e-16
24.87147886290652 1.3517637871743854e-15
24.821686012545076 9.06891183571069e-16
24.77209213520956 5.33262039443324e-15
24.72269604062789 1.0839144869752975e-15
24.673496548002802 9.123355012954076e-16
24.62449248591781 9.128679072691118e-16
24.575682692244207 1.0145685119513815e-15
24.527066014049215 1.0941905801501485e-15
24.478641307505185 9.158316646376113e-16
24.43040743779992 9.790501694075873e-16
24.382363279047986 9.393269357787219e-16
24.33450771420315 9.231955636310854e-16
24.28683963497178 1.3000737144331614e-15
24.239357941727295 9.559765197115477e-16
24.192061543425606 1.1044507967445096e-15
24.144949357521543 9.882536126603545e-16
24.098020309886273 9.33206349438421e-16
24.051273334725654 9.337458477287444e-16
24.004707374499556 9.384775758471596e-16
23.958321379842108 9.461507700540055e-16
23.912114309482877 9.602357967896775e-16
23.866085130168948 9.984782988893362e-16
23.820232816587907 9.896067105073114e-16
23.774556351291707 9.589889297063915e-16
23.72905472462142 1.0719875907735418e-15
23.683726934632826 9.542624185473257e-16
23.638571987022885 9.552315449083575e-16
23.593588895057017 9.911502078890564e-16
23.548776679497244 1.3416270321449576e-15
23.504134368531123 1.6969818390636705e-15
23.459660997701477 9.600617192114927e-16
23.415355609836983 9.621066743857122e-16
23.37121725498346 9.70146020368629e-16
23.32724499033599 9.740420211871025e-16
23.2834378801718 9.728366031396641e-16
23.239794995783864 1.0122038410153398e-15
23.196315415415295 1.0105591702034462e-15
23.15299822419443 9.753646293517992e-16
23.109842514070692 9.875611557246963e-16
23.0668473837511 9.80687378386388e-16
23.024011938637553 1.5780109957320962e-15
22.981335290764775 9.869495097240512e-16
22.938816558738942 9.80822742789073e-16
22.896454867677033 9.87310799053669e-16
22.85424934914679 9.840332895436985e-16
22.812199141107396 9.976021852642381e-16
22.770303387850767 1.0133278001843186e-15
22.728561239943527 1.0688876516140872e-15
22.68697185416958 1.0119194414421367e-15
22.64553439347334 1.0154453057910684e-15
22.604248026903576 1.0095861795950962e-15
22.563111929557856 1.0319464523381713e-15
22.52212528252762 1.0086017913111917e-15
22.481287272843826 1.0456163625211035e-15
22.440597093423207 1.027966219696684e-15
22.40005394301511 1.0331035157612057e-15
22.359657026148877 1.04614178946341e-15
22.319405553081843 1.0239688018716137e-15
22.279298739747862 1.0229284921241714e-15
22.239335807706397 1.0509538785922242e-15
22.199515984092162 1.0575159722813307e-15
22.15983850156528 1.448418093725059e-15
22.12030259826202 1.1222619811090071e-15
22.080907517746002 1.9400369821245634e-15
22.04165250895999 1.1306142100149973e-15
22.002536826178133 1.1070611397542774e-15
21.96355972895875 1.0477919146151115e-15
21.924720482097612 1.0478817874180404e-15
21.886018355581715 1.052139817977082e-15
21.847452624543543 1.0568293714111917e-15
21.80902256921581 1.3062452839565864e-15
21.770727474886673 1.1110226047284108e-15
21.732566631855455 1.2468942835236632e-15
21.694539335388765 1.067823728567555e-15
21.656644885677135 1.142837339895475e-15
21.618882587792093 3.1147392610947184e-15
21.581251751643677 1.0874195038077398e-15
21.54375169193839 1.0889272370518527e-15
21.50638172813762 1.084491382060655e-15
21.469141184416458 1.0865770558738186e-15
21.432029389622947 1.2408233312699962e-15
21.395045677237793 1.0758225779595248e-15
21.358189385334423 1.1068255263671647e-15
21.321459856539544 1.1285708951458475e-15
21.28485643799401 1.0861661563785334e-15
21.24837848131416 1.1068421444963197e-15
21.21202534255355 1.0959814774910001e-15
21.175796382165032 1.1645661366116539e-15
21.139690964963265 1.7426529081796302e-15
21.103708460087596 1.1056637799436888e-15
21.0678482409653 1.0859597486921215e-15
21.032109685275227 1.0980863403204082e-15
20.996492174911797 1.0942403582007423e-15
20.96099509594936 1.1238108703368243e-15
20.92561783860693 2.2237405248573625e-15
20.890359797213264 1.1866344609173382e-15
20.855220370172294 1.1366754501240154e-15
20.820198959928923 1.1054947600623725e-15
20.78529497293513 1.1193207616605262e-15
20.750507819616463 1.107140849191311e-15
20.71583691433882 1.1262013628414391e-15
20.68128167537561 1.385815066236445e-15
20.646841524875192 1.175043916210632e-15
20.61251588882868 1.1947260421685852e-15
20.57830419703805 1.1202408064491648e-15
20.54420588308456 1.2301619055357252e-15
20.510220384297508 1.1777900510598573e-15
20.47634714172325 1.1163628271998023e-15
20.44258560009459 1.2010645729836978e-15
20.40893520780043 1.1600085937773044e-15
20.375395416855703 1.1178322837356948e-15
20.341965682871667 1.1530739106313785e-15
20.308645465026412 1.1631369021357296e-15
20.275434226035735 1.1395849530397773e-15
20.24233143212422 1.1382255614862222e-15
20.209336552996675 1.7423560261328886e-15
20.17644906180979 1.1370700722214315e-15
20.143668435144107 1.1407213260363963e-15
20.110994152976264 1.1648304410048318e-15
20.07842569865146 1.162831162116738e-15
20.045962558856267 1.4307178486212324e-15
20.013604223591624 1.156958767690416e-15
19.98135018614616 1.1469294736027605e-15
19.949199943069715 1.16928633288847e-15
19.917152994147173 1.2691482658488891e-15
19.885208842372503 1.1780615260852777e-15
19.85336699392306 1.165303161987175e-15
19.82162695813417 1.5747266371358489e-15
19.789988247473882 2.644155783775081e-15
19.75845037751804 1.152828335625192e-15
19.727012866925545 1.1466873535758964e-15
19.69567523741387 1.2213268251958279e-15
19.664437013734798 1.1527456037607613e-15
19.63329772365041 1.915312975181305e-15
19.602256897909278 1.2948358455991563e-15
19.5713140702229 1.7318783821017555e-15
19.540468777242342 1.1625410330922393e-15
19.509720558535125 1.1595294832528987e-15
19.47906895656229 1.1654842552672726e-15
19.448513516655744 1.164806316663779e-15
19.41805378699573 1.1680048153785854e-15
19.3876893185886 1.240834117679123e-15
19.35741966524472 1.3773376180214296e-15
19.327244383556636 1.1958980179391807e-15
19.297163032877414 1.2241181004716002e-15
19.267175175299194 1.1735304141701868e-15
19.237280375631936 1.1749781365961622e-15
19.207478201382376 1.1926984001116527e-15
19.177768222733153 1.1830509756951357e-15
19.14815001252217 1.174072693933663e-15
19.118623146222095 1.2987660432179645e-15
19.0891872019201 1.1870207676584577e-15
19.059841760297754 1.3639824977641399e-15
19.030586404611107 1.3135717478323047e-15
19.001420720670982 1.6158298081322964e-15
18.972344296823398 1.0564003605904511e-13
18.943356723930236 1.4419301436324742e-15
18.914457595350015 1.1936887508651364e-15
18.885646506918906 1.2660322681442662e-15
18.85692305693188 1.2085476032957653e-15
18.82828684612403 1.238152206981606e-15
18.799737477652076 1.3259566889241345e-15
18.77127455707604 1.2199244345401453e-15
18.74289769234108 1.876193509444442e-15
18.71460649375947 1.2178341559041377e-15
18.68640057399279 2.489319067969351e-15
18.658279548034226 1.2111493558050182e-15
18.63024303319107 2.01153166477247e-15
18.602290649067346 1.2100383227898235e-15
18.574422017546603 1.2785444001306666e-15
18.546636762774884 1.4030182105328367e-15
18.51893451114382 3.6587484666495216e-15
18.49131489127387 1.261278408451298e-15
18.463777533997753 1.231909988940987e-15
18.43632207234397 2.4091923630684157e-15
18.408948141520526 1.2319986872066638e-15
18.381655378898767 1.2950184536157964e-15
18.354443423997356 1.2415089312797185e-15
18.327311918466417 1.2810415582400674e-15
18.300260506071805 1.2538253986000959e-15
18.273288832679487 1.2588035631012321e-15
18.24639654624013 1.7384965672640775e-15
18.219583296773763 1.4993669904365504e-15
18.192848736354577 1.2557009808011637e-15
18.16619251909592 2.3673675587779536e-15
18.139614301135328 1.2735266516947312e-15
18.113113740619784 2.2446612769262286e-15
18.08669049769103 1.2901010833843081e-15
18.060344234471067 1.5694723477630595e-15
18.034074615047714 1.64750622922236e-15
18.00788130546038 1.3504369119863112e-15
17.981763973685858 1.3516543742418431e-15
17.95572228962435 1.3344407719384542e-15
17.92975592508552 1.2904995457182857e-15
17.903864553774728 1.2853955999501544e-15
17.87804785127935 1.4446734885115305e-15
17.852305495055237 1.576388350119262e-15
17.826637164413285 1.282153856668688e-15
17.8010425405061 2.6440272894817702e-15
17.77552130631481 1.6310057130348712e-15
17.75007314663599 1.4226065344645927e-15
17.724697748068657 1.663036637145386e-15
17.699394799001414 1.3267929475806177e-15
17.674163989599702 1.3561191061732231e-15
17.649005011793157 1.3348982139305852e-15
17.62391755926305 3.3930260670242937e-14
17.59890132742987 1.6097274593026037e-15
17.57395601344101 1.325672102148927e-15
17.549081316158514 1.387075926764761e-15
17.52427693614699 2.0217421209323606e-15
17.49954257566158 1.402098742347025e-15
17.474877938636034 1.3343685605927492e-15
17.450282730670935 1.7190287284307881e-15
17.425756659021935 1.5276705329978181e-15
17.401299432588196 2.571975632216316e-15
17.37691076190082 1.3207701662811761e-15
17.352590359111467 1.4323093764700617e-15
17.328337937981 1.4777653256014688e-15
17.304153213868293 1.3353584872017867e-15
17.28003590371906 1.915180287317786e-15
17.25598572605482 2.2165255088191906e-15
17.23200240096197 1.6785350273885093e-15
17.208085650080893 1.4900586927507345e-15
17.184235196595203 1.3651268474134033e-15
17.160450765221075 1.4379746605140414e-15
17.136732082196634 1.5450578308312925e-15
17.11307887527147 1.3443294579635619e-15
17.089490873696196 5.569363524545519e-14
17.065967808212157 1.6168190002064174e-15
17.042509411041145 6.416467177046511e-14
17.019115415875266 1.451990419371494e-15
16.99578555786683 1.832011729355616e-15
16.972519573618413 4.761708961638575e-15
16.94931720117287 1.4548318222544512e-15
16.926178180003564 1.6242654227833402e-15
16.90310225100459 1.4134081777549965e-15
16.88008915648111 1.3833518076815843e-15
16.857138640139738 1.3955975700615127e-15
16.834250447079068 1.6259304943593103e-15
16.811424323780198 2.774881584856874e-15
16.788660018097396 4.8657896664640946e-14
16.765957279248788 4.1512676733233106e-15
16.743315857807186 6.477785497253506e-15
16.72073550569092 1.97534050879578e-15
16.698215976154792 1.6400784449891296e-15
16.675757023781085 1.6593768301304233e-15
16.65335840447065 3.574503527101306e-15
16.63101987543407 1.8995377830638984e-15
16.608741195182862 2.0138877143839254e-15
16.58652212352081 1.503774733064439e-15
16.564362421535296 2.2932861776970083e-15
16.542261851588773 1.4028155058726044e-15
16.52022017731024 1.4293506494416345e-15
16.498237163586836 2.1651822671883165e-15
16.47631257655547 1.780701558355325e-15
16.45444618359452 2.8097389055012943e-15
16.432637753315635 1.5225517037660347e-15
16.41088705555554 1.5698023464659773e-15
16.38919386136796 2.0910540553464172e-15
16.367557943015573 1.600877419544205e-15
16.34597907396205 6.443104200145939e-15
16.324457028864146 1.1000373480055516e-14
16.30299158356386 1.9258827240114125e-15
16.281582515080643 2.1544119903194753e-14
16.260229601603687 1.7086310088616387e-15
16.238932622484256 5.941607141482823e-15
16.217691358228098 1.874638156016243e-15
16.196505590487877 1.7078472490249313e-15
16.175375102055742 1.6310997987183157e-15
16.15429967685584 2.0566547734012824e-14
16.133279099937 1.442200491290255e-15
16.11231315746541 4.489078042113092e-14
16.091401636717354 2.2223601717431898e-15
16.070544326072042 7.173202798935795e-14
16.049741015004443 7.860094997934304e-15
16.028991494078227 3.8396219931881264e-15
16.008295554938723 7.081315433471733e-14
15.98765299030594 3.332478690581901e-15
15.967063593967666 1.88686242449509e-15
15.946527160772584 1.5198774802943041e-15
15.926043486623467 9.712511429297498e-15
15.905612368470413 2.002895407082416e-15
15.885233604304135 1.798963522871997e-15
15.864906993149305 1.9616542692557015e-14
15.84463233505795 4.076588294647738e-15
15.824409431102891 2.752907139801098e-14
15.804238083371235 1.57136733164991e-15
15.784118094957932 2.1592214686638374e-15
15.764049269959347 7.34642609889782e-15
15.744031413466923 1.7520224897869835e-15
15.724064331560854 2.269646822605249e-15
15.704147831303832 2.1915704115575642e-15
15.684281720734838 1.5552277060853813e-15
15.664465808862955 1.9833081198209627e-15
15.644699905661266 2.15343131414898e-15
15.624983822060779 4.641459661411779e-14
15.605317369944384 2.055092739738129e-15
15.58570036214088 1.9473254696399525e-15
15.566132612419047 1.863803793068042e-15
15.546613935481727 1.847957653821042e-15
15.527144146960005 1.7843945334720847e-15
15.507723063407372 8.607062394458717e-15
15.488350502293995 6.472994333975017e-15
15.469026282000979 2.679043228193501e-15
15.449750221814691 8.384403199768902e-15
15.43052214192114 4.875265942236921e-15
15.411341863400375 4.942271161695397e-15
15.392209208220939 3.3549340436455687e-15
15.373123999234354 4.972052046227608e-15
15.354086060169667 8.665496058856403e-15
15.335095215628012 1.0823614271239102e-14
15.316151291077222 1.0484545438086238e-14
15.297254112846499 1.7221205036540727e-15
15.278403508121082 1.8419659949643022e-15
15.259599304937002 4.1273520246775565e-14
15.24084133217584 2.615665251349218e-15
15.222129419559534 2.2499981300801662e-15
15.203463397645244 3.28028559028494e-14
15.184843097820204 1.807263743441631e-14
15.16626835229669 7.155530586535558e-15
15.14773899410694 5.03874390496563e-15
15.129254857098173 5.8026869594416184e-15
15.11081577592762 2.4422279132593723e-15
15.092421586057583 2.6330438032610563e-15
15.074072123750554 4.604274774074961e-14
15.055767226064352 1.2658790490630342e-14
15.037506730847294 2.0947075421948975e-15
15.019290476733424 1.237464578452649e-13
15.001118303137732 8.131652097058393e-15
14.982990050251466 2.6264789820690096e-15
14.964905559037415 3.4702598455136536e-14
14.946864671225297 3.933319806672946e-15
14.928867229307109 8.616600613123754e-15
14.91091307653255 9.318574317640739e-15
14.893002056904479 1.712321844594269e-14
14.875134015174401 1.9978754902574792e-14
14.857308796837966 3.5550143710662214e-15
14.839526248130522 2.4619339801547317e-15
14.821786216022693 1.6437524110359193e-14
14.804088548215999 7.068211249456938e-15
14.786433093138484 5.9694544817863195e-15
14.768819699940394 3.668300693983618e-15
14.75124821848988 2.358854477671577e-14
14.733718499368743 2.1621448846499903e-14
14.716230393868173 2.694197288038185e-15
14.698783753984571 4.333868884474557e-15
14.681378432415366 7.845489503239153e-15
14.66401428255486 5.1908130982675155e-14
14.646691158490112 2.9573314056937085e-15
14.629408914996871 6.41683385385638e-15
14.612167407535493 5.846737765733843e-15
14.594966492246922 5.8122319255050554e-15
14.577806025948698 2.0973501336715822e-14
14.560685866130969 1.1511448015580452e-14
14.54360587095255 4.1344174556873324e-15
14.526565899237012 4.2995618047422474e-14
14.509565810468782 5.914491767661925e-15
14.492605464789296 4.828350964709848e-15
14.475684722993153 7.457090257183366e-15
14.458803446524293 3.13881313421431e-14
14.441961497472251 1.3327503385688664e-14
14.425158738568364 1.3020781301947477e-14
14.408395033182066 1.0630897838602824e-14
14.391670245317174 2.321015590464463e-14
14.374984239608217 5.171308197127923e-14
14.358336881316779 1.8665387675451895e-15
14.341728036327861 2.5137961110792424e-14
14.325157571146313 6.106708509592194e-15
14.308625352893216 4.7230558389691574e-15
14.292131249302367 1.2459152149610392e-14
14.275675128716719 9.053675207951613e-15
14.259256860084903 6.85882775177866e-14
14.242876312957746 2.4059022687416303e-15
14.226533357484794 6.469335735058631e-15
14.210227864410909 2.0551377364395132e-13
14.193959705072844 2.6257485339507728e-15
14.177728751395868 3.954990963887639e-15
14.161534875890402 9.338843487950854e-15
14.145377951648667 1.7882743652306407e-14
14.129257852341398 1.0036820371921004e-14
14.113174452214531 3.8806562724204344e-15
14.097127626085934 7.34359551227409e-15
14.081117249342162 1.9857907188053394e-14
14.065143197935235 1.3283669056452043e-14
14.04920534837943 1.8884114905744313e-14
14.033303577748104 2.521637153496385e-14
14.017437763670515 1.4716387636256378e-14
14.00160778432872 3.2267065693344115e-14
13.985813518454412 6.5292736840702665e-15
13.970054845325867 3.598522394268428e-15
13.954331644764833 2.3713972872266224e-14
13.938643797133494 8.516402374541741e-15
13.922991183331431 7.431881186229349e-15
13.90737368479261 2.7758807720807282e-14
13.89179118348238 4.453851405759764e-15
13.876243561894515 2.640417686219258e-15
13.860730703048244 4.16354206080871e-15
13.845252490485324 2.648047199183502e-14
13.829808808267128 1.9422875316202797e-14
13.81439954097175 9.158328741470033e-15
13.79902457369112 7.875138795212e-14
13.783683792028167 1.3540260419902996e-14
13.768377082093957 2.0208252942747614e-14
13.753104330504899 1.9321157213130148e-14
13.73786542437992 3.2919533019613444e-15
13.722660251337711 3.697919074115111e-15
13.70748869949395 3.475132527968314e-14
13.692350657458553 2.9338577399119084e-14
13.677246014332955 1.0405566525642998e-14
13.662174659707407 3.160273332506235e-15
13.647136483658269 3.4609654159793895e-14
13.632131376745354 2.667262001838596e-14
13.617159230009278 5.5095397895519854e-15
13.602219934968792 1.4723472965808196e-14
13.587313383618195 1.0254124224763777e-14
13.572439468424715 1.3109291412465277e-14
13.557598082325923 1.5576263353487955e-14
13.54278911872717 4.027876246048474e-15
13.528012471499038 3.036702234332321e-14
13.513268034974793 2.153269384942626e-13
13.49855570394787 9.294968171432837e-14
13.483875373669385 5.188129115352818e-15
13.469226939845619 4.7448187987248184e-14
13.454610298635584 1.3417548664532811e-14
13.440025346648545 2.2737531404411196e-14
13.425471980941582 2.4789943981039272e-14
13.410950099017187 1.0188488765565986e-14
13.39645959882084 1.2864816790290571e-14
13.38200037873862 4.90073933295925e-14
13.367572337594845 5.737439172364331e-15
13.353175374649686 2.400309118059817e-14
13.33880938959685 6.8930777508941375e-15
13.324474282561232 1.7963002579696682e-14
13.310169954096605 9.967575453414804e-15
13.295896305183325 1.3072506843634388e-14
13.281653237226042 8.678008057804975e-15
13.267440652051425 2.3647561391195466e-14
13.253258451905927 9.542607468135696e-15
13.239106539453509 2.2415447772503997e-14
13.224984817773448 1.3600151355988626e-14
13.210893190358101 1.0074169013430493e-14
13.196831561110724 2.1917040292640485e-15
13.182799834343262 2.3361326080660275e-14
13.168797914774217 6.6099121422652375e-15
13.154825707526449 3.3955068586111226e-14
13.140883118125068 2.850969291496538e-14
13.126970052495281 1.0147395683449054e-14
13.11308641696029 3.3716910116133243e-15
13.099232118239184 1.9999754127485078e-14
13.085407063444844 7.754994633464565e-15
13.071611160081886 7.503639999103733e-15
13.05784431604458 3.6539125067657483e-14
13.0441064396148 8.239984342788411e-15
13.030397439460002 2.4599782965239035e-14
13.016717224631183 3.4687053444360806e-14
13.003065704560893 6.381242721207084e-15
12.9894427890612 2.251153134835272e-14
12.975848388321749 1.1166237892849501e-14
12.962282412907742 4.384265131672569e-14
12.948744773758014 2.0094000498675864e-14
12.935235382183066 2.460126549377937e-14
12.921754149863126 1.9608402901664025e-14
12.908300988846243 4.3911696826252025e-14
12.894875811546347 4.983947917013598e-15
12.881478530741372 6.7118106271274044e-15
12.868109059571351 1.145962527552497e-13
12.854767311536548 7.606794358273101e-15
12.841453200495597 1.3408033513673246e-13
12.828166640663628 9.323243715982685e-14
12.814907546610451 1.3486225347275548e-14
12.801675833258694 1.1719342135625411e-14
12.788471415882022 6.414324135647941e-15
12.775294210103295 7.30549261525518e-15
12.762144131892782 1.2552099766956041e-14
12.74902109756638 2.920709570398198e-14
12.735925023783837 6.055055561080961e-15
12.722855827546981 1.2126398934127914e-14
12.709813426197973 9.114432201806792e-15
12.696797737417562 5.606025042362497e-15
12.683808679223354 6.689253599889929e-15
12.670846169968092 3.3496614295370414e-15
12.657910128337944 1.1538923398717335e-14
12.6450004733508 1.3091605225034915e-14
12.632117124354581 6.285226941142398e-15
12.619260001025571 1.1246009548430604e-14
12.606429023366738 6.202334332907651e-15
12.593624111706069 6.177842750981514e-15
12.580845186694939 4.3078418936073475e-14
12.56809216930645 3.988250547585453e-15
12.555364980833826 7.125040592633188e-15
12.54266354288877 9.214577001294864e-15
12.529987777399871 1.0559262285410745e-14
12.517337606611003 7.715708338818705e-15
12.504712953079725 3.285298933026144e-14
12.492113739675705 2.670873026335808e-15
12.479539889579156 9.146760046210522e-15
12.466991326279274 2.57748184763155e-14
12.45446797357267 6.822889857931987e-15
12.441969755561853 7.061831294791748e-15
12.42949659665368 7.140252016279195e-14
12.417048421557821 2.3179912556614034e-14
12.404625155285277 9.308332745699314e-15
12.392226723146845 4.980230013899777e-14
12.379853050751636 6.567559849688337e-15
12.367504064005583 1.537895564480442e-14
12.355179689109958 1.0866758326847502e-14
12.342879852559907 8.128698213499034e-15
12.330604481142991 1.2078698691952756e-14
12.318353501937729 6.05405334474439e-15
12.30612684231215 5.6967950989984905e-15
12.293924429922368 5.6188851699133824e-15
12.281746192711148 2.639718676540451e-13
12.269592058906492 3.025809819570131e-14
12.257461957020215 4.192401743064136e-15
12.24535581584657 6.422132621692037e-15
12.233273564460834 8.169887068464567e-15
12.221215132217925 4.2537081074741966e-15
12.20918044875103 2.5901690280236564e-14
12.197169443970235 8.418752855468826e-15
12.185182048061167 8.791824733815636e-15
12.173218191483633 8.548965419279117e-15
12.161277804970288 2.273781350659139e-14
12.149360819525283 4.107049140725647e-15
12.137467166422947 1.4253314771781038e-13
12.125596777206464 3.559378376886191e-14
12.113749583686559 1.0821805806142397e-14
12.101925517940192 2.812063225558714e-15
12.090124512309254 7.647109035723247e-15
12.078346499399286 4.9198771262851975e-15
12.066591412078198 4.957055945441605e-15
12.054859183474974 9.025524982367739e-15
12.043149746978433 1.822730469553067e-14
12.031463036235941 4.0791454458538055e-15
12.019798985152176 4.923469671019216e-15
12.008157527887874 5.770539962166914e-15
11.996538598858592 3.1183257276934822e-15
11.984942132733476 5.487683252561425e-15
11.973368064434036 3.9022652058100643e-14
11.961816329132933 9.386098210860455e-15
11.950286862252758 6.589547965044964e-15
11.938779599464844 7.501523872494313e-15
11.927294476688056 1.8265950162451547e-14
11.915831430087605 5.606559760059346e-15
11.904390396073877 8.657117798613258e-15
11.892971311301235 4.730784867936217e-15
11.881574112666867 9.494088065529208e-15
11.870198737309623 9.455356049524298e-15
11.858845122608848 7.140620709572867e-15
11.847513206183246 1.206639331553713e-14
11.836202925889726 1.6088467969436615e-14
11.824914219822276 2.683683088907477e-15
11.813647026310825 3.4959851870269267e-15
11.80240128392013 1.4783513330349492e-14
11.791176931448648 6.7234553203237034e-15
11.779973907927435 3.474105048959364e-15
11.768792152619032 8.717023647228117e-14
11.757631605016382 1.7228844068927605e-14
11.746492204841722 5.93828496637863e-15
11.735373892045516 3.9090541083014715e-14
11.724276606805356 4.7008996724499176e-15
11.713200289524904 7.690440421765382e-15
11.702144880832819 5.0093455893846515e-15
11.691110321581698 4.414101798421805e-15
11.680096552847024 5.916207047548491e-15
11.669103515926105 3.7798418335985065e-15
11.658131152337049 3.521150089573714e-15
11.647179403817713 7.0284959574117494e-15
11.636248212324675 2.853980352890886e-15
11.625337520032215 4.4543935940068615e-15
11.614447269331286 5.006397728839678e-15
11.603577402828508 3.7870021506867435e-15
11.592727863345154 3.831281535509497e-15
11.581898593916147 3.6881835468103025e-15
11.571089537789074 9.168905525224407e-15
11.560300638423177 8.907639556834608e-15
11.549531839488383 4.661981712079342e-15
11.538783084864312 1.6143665093106597e-14
11.528054318639315 4.2525418078171005e-14
11.517345485109484 7.323792226798483e-15
11.506656528777713 5.9374514702794035e-15
11.49598739435272 2.4104925067850307e-15
11.485338026748103 1.973502740125949e-14
11.474708371081391 4.538823245800395e-15
11.464098372673092 2.8713994837526565e-15
11.453507977045778 9.56587185929149e-15
11.44293712992312 9.834172066563612e-15
11.432385777228992 1.0568875839998458e-14
11.421853865086529 4.8575901856094276e-14
11.411341339817216 3.87262522792705e-15
11.400848147939985 1.056095075078126e-14
11.390374236170285 3.606498509279549e-15
11.379919551419208 2.5077132476600773e-15
11.36948404079257 3.634556580884643e-15
11.35906765159003 2.336970803390285e-15
11.348670331304202 6.610786642923437e-15
11.33829202761977 8.094227808112583e-15
11.327932688412611 4.4865606091949284e-14
11.317592261748928 1.2443514917214893e-14
11.307270695884366 5.4243382441148196e-15
11.29696793926317 8.449817299567316e-15
11.286683940517317 7.892483402850824e-15
11.276418648465652 4.5147826720423915e-15
11.26617201211306 4.777343517165536e-15
11.255943980649606 2.174353277730227e-14
11.2457345034497 3.1169638459817892e-15
11.235543530071258 7.088686131939856e-15
11.22537101025488 6.693902708792311e-15
11.215216893923015 6.482522899617461e-15
11.205081131179146 2.3812291258721335e-15
11.194963672306963 6.067265157466524e-15
11.184864467769561 5.429025232736765e-15
11.17478346820863 7.914324322963946e-15
11.16472062444364 2.7544618594300782e-15
11.154675887471058 3.4144027426131135e-15
11.144649208463536 8.478999078072377e-15
11.13464053876913 1.5646039996884774e-14
11.124649829910513 3.0421458701501008e-15
11.114677033584188 3.842647617568353e-15
11.104722101659712 3.510313532333819e-15
11.094784986178919 3.0497885386745205e-15
11.084865639355156 5.959268741945317e-15
11.07496401357251 4.152986981331356e-15
11.06508006138505 3.476775141636029e-15
11.055213735516064 2.830573307736433e-15
11.045364988857322 3.847447165487284e-15
11.035533774468298 1.4089351873744498e-14
11.025720045575454 1.3177713739350791e-14
11.015923755571473 1.525300041165609e-14
11.006144858014537 1.5438204040015335e-14
10.996383306627592 4.9335491215482184e-15
10.986639055297609 1.7193753490911868e-14
10.976912058074864 1.9965956939444255e-14
10.967202269172217 3.0630585272704734e-15
10.957509642964395 3.4165421060226585e-15
10.947834133987266 2.9924940239418246e-15
10.938175696937144 2.8715175691744723e-15
10.928534286670066 3.9268799459423255e-15
10.918909858201104 4.048150078576897e-15
10.909302366703656 8.339568820504266e-15
10.899711767508753 2.6335704983423877e-15
10.890138016104359 3.65226059039133e-15
10.880581068134699 3.463669913336779e-15
10.87104087939956 6.007633900985227e-15
10.861517405853611 3.904832742303929e-15
10.852010603605732 4.001817540820484e-15
10.842520428918338 3.4662619102156723e-15
10.833046838206698 4.337418887557522e-15
10.82358978803828 2.514531901715378e-15
10.814149235132085 4.561136522875293e-14
10.804725136357984 6.895968888604074e-15
10.795317448736057 7.982516500362678e-15
10.785926129435953 6.046464916833477e-15
10.776551135776222 5.116165362869969e-15
10.767192425223687 1.6023184228434585e-14
10.757849955392786 3.2619890794802962e-15
10.748523684044937 3.2966431565736955e-15
10.73921356908791 2.5687299348935837e-15
10.729919568575177 5.224329434367307e-15
10.720641640705294 6.3759400994638586e-15
10.711379743821276 5.995563474946227e-15
10.702133836409958 5.223498978033701e-15
10.692903877101402 2.960260481610618e-15
10.683689824668248 1.711544746193708e-14
10.674491638025124 7.846241125084539e-15
10.665309276228028 5.740335846245974e-15
10.656142698473712 7.740328048208416e-15
10.646991864099094 6.568391704217306e-15
10.63785673258064 2.3061787739395826e-15
10.628737263533784 2.5378817271904946e-15
10.619633416712313 3.154988764539449e-14
10.610545152007791 3.037041849526336e-14
10.601472429448956 1.8213872030348437e-14
10.592415209201153 2.6782065169828153e-15
10.583373451565729 3.917661277662197e-15
10.57434711697947 2.5186418413226404e-15
10.565336166014012 1.0560908434995801e-14
10.556340559375279 3.658655098826557e-15
10.547360257902902 4.814793179172365e-15
10.538395222569655 2.3434347916425227e-14
10.529445414480884 2.3382452396616123e-15
10.520510794873958 2.1631306437925533e-15
10.511591325117694 3.01729980388572e-15
10.502686966711805 9.613591985227361e-15
10.493797681286356 2.539862832708511e-15
10.4849234306012 3.7161496854080276e-15
10.476064176545432 7.081954518604978e-15
10.467219881136849 5.800150415897818e-15
10.458390506521402 3.2127572794122535e-15
10.449576014972662 1.7783135502882253e-14
10.440776368891276 2.5836597469300163e-15
10.431991530804433 3.938004269442151e-15
10.423221463365339 2.2266979529747507e-15
10.414466129352675 2.2649472624811604e-15
10.405725491670086 2.2344243797473974e-15
10.396999513345646 4.906771446930511e-15
10.388288157531338 2.6589585222971286e-15
10.379591387502545 1.106348591115136e-14
10.370909166657517 2.738803789174738e-15
10.362241458516875 1.432173118697126e-14
10.353588226723083 3.633683820790247e-15
10.344949435039956 2.2865967171224475e-15
10.336325047352142 2.3513677910829674e-15
10.327715027664631 2.51604411457483e-15
10.319119340102235 2.5894565690330655e-15
10.310537948909111 2.855495437140906e-15
10.301970818448252 2.3457106651738384e-15
10.293417913200996 3.042538977866209e-15
10.284879197766541 3.363712976235366e-15
10.276354636861448 3.2256632893090453e-15
10.267844195319162 2.5377953365199547e-15
10.259347838089518 2.466924396516603e-15
10.25086553023828 2.377742863701747e-15
10.242397236946639 3.565841147138143e-14
10.233942923510751 3.3080707371656224e-15
10.225502555341256 2.473779206109731e-15
10.217076097962819 2.739215841121641e-15
10.208663517013635 4.2312478326403244e-15
10.200264778244994 2.4205071971130007e-15
10.19187984752079 2.412416970314856e-15
10.18350869081707 3.045799517743738e-15
10.175151274221575 4.182662239444426e-15
10.166807563933276 5.13300175463098e-15
10.158477526261928 3.775017210884326e-15
10.1501611276276 3.3217529517144017e-15
10.141858334560245 1.039012428819767e-14
10.133569113699235 4.056034521282421e-15
10.125293431792917 2.7441701300029572e-15
10.117031255698171 6.8466904671371874e-15
10.108782552379974 9.407408904134197e-15
10.100547288910947 2.9781641577710896e-15
10.09232543247092 3.848025826431803e-15
10.084116950346507 5.09795485178442e-15
10.075921809930659 2.7554054653176975e-15
10.067739978722233 2.5497897684161085e-15
10.059571424325576 3.859799075843391e-15
10.051416114450078 3.0367648114904474e-15
10.043274016909765 3.084915311216558e-15
10.035145099622861 3.3243008933967252e-15
10.027029330611377 1.9261564729539273e-14
10.018926678000684 2.96047759036592e-15
10.0108371100191 3.724255821627054e-15
10.002760594997474 2.913371454701043e-15
9.994697101368772 3.3350199109031967e-15
9.986646597667665 1.1480978445435137e-14
9.978609052530125 1.078915159363447e-14
9.97058443469301 3.648428285793716e-15
9.962572712993662 4.303095871291545e-15
9.954573856369509 2.6719084830489122e-15
9.946587833857649 4.435821911903565e-15
9.938614614594469 3.1266882584215913e-15
9.930654167815234 2.9147718556914696e-15
9.922706462853695 4.391031293537278e-15
9.914771469141698 2.631650997588734e-15
9.906849156208793 2.550020806010381e-15
9.898939493681832 4.446663732213047e-15
9.891042451284596 2.784838394184722e-15
9.883157998837403 2.8553022262274763e-15
9.875286106256718 4.0497219720212e-15
9.867426743554782 3.312821743036649e-15
9.85957988083922 6.197691371813486e-15
9.851745488312668 2.8120302463599803e-14
9.843923536272392 3.355108850786674e-15
9.836113995109919 4.053134399640307e-15
9.828316835310659 2.464125265813541e-15
9.820532027453531 1.8300201070635145e-14
9.812759542210598 4.97904094777831e-15
9.804999350346696 3.1582950878266793e-15
9.797251422719064 2.5685503201531355e-15
9.789515730276989 3.421457970571036e-15
9.781792244061432 5.9579594397286054e-15
9.774080935204674 3.4828509693363593e-15
9.766381774929954 3.539382497210641e-15
9.758694734551108 2.5867350758346555e-15
9.75101978547222 2.859002374699552e-15
9.743356899187258 2.5695741337520577e-15
9.73570604727973 1.065612945807367e-14
9.728067201422332 1.60673717498258e-14
9.720440333376587 7.06339153295399e-15
9.712825414992505 4.062761791515598e-15
9.705222418208248 1.7822432499324436e-14
9.697631315049764 9.211085740405875e-15
9.690052077630456 1.6004663608046688e-14
9.682484678150843 2.8782897427433846e-15
9.67492908889821 3.0192998689315944e-15
9.667385282246283 4.0640893858493605e-15
9.659853230654871 6.8304023799103044e-15
9.652332906669562 2.6357657322528627e-15
9.644824282921363 4.477757369876893e-15
9.637327332126375 2.692184853952555e-15
9.629842027085466 2.7669418482241e-15
9.622368340683943 2.554189489726299e-15
9.614906245891223 2.711757485738841e-15
9.607455715760505 4.203147248892323e-15
9.600016723428444 3.2727285202700075e-15
9.592589242114835 2.954296356725357e-15
9.585173245122286 2.5422320235285645e-15
9.5777687058359 3.364874969816855e-15
9.570375597722958 2.9831176388086207e-15
9.562993894332598 5.711831139611158e-15
9.555623569295504 9.503599730757345e-15
9.548264596323591 8.214312652402561e-15
9.540916949209688 3.543162807268776e-15
9.533580601827234 2.4018287205595967e-15
9.526255528129964 2.7440080967156598e-15
9.5189417021516 2.7556981365635307e-15
9.51163909800555 8.859340346295635e-15
9.504347689884591 1.1673817337074192e-14
9.49706745206058 4.543422064605806e-15
9.489798358884139 3.090876525084477e-15
9.48254038478436 9.651918450492242e-15
9.475293504268503 4.839233916437686e-15
9.468057691921702 2.3462479248695502e-15
9.460832922406656 6.1481066931700575e-15
9.45361917046335 2.9319996025462903e-15
9.446416410908746 2.711270026758343e-15
9.4392246186365 6.474094476101702e-14
9.432043768616664 2.973838052511321e-15
9.424873835895399 2.5542231251893544e-15
9.41771479559468 3.9744560697770484e-15
9.410566622912022 3.4722712163200918e-15
9.403429293120176 6.082499724605552e-15
9.396302781566858 2.6997147212546456e-15
9.38918706367446 3.1287793133493626e-15
9.38208211493976 4.703772321300449e-15
9.374987910933658 2.2708771416700395e-15
9.367904427300875 4.116368554302414e-15
9.360831639759695 9.129828317569354e-15
9.353769524101676 2.391407542700049e-15
9.346718056191365 2.469039190968574e-15
9.339677211966048 5.883223870717954e-15
9.332646967435453 2.645248004974204e-15
9.32562729868149 2.9174565712887985e-15
9.318618181857975 4.771095186832173e-15
9.311619593190361 3.7882735631328536e-14
9.304631508975469 2.974977672123663e-15
9.29765390558122 2.6237972015902496e-15
9.290686759446372 4.6150947763728015e-15
9.28373004708025 8.830525504137293e-15
9.276783745062485 2.6766995360252872e-15
9.269847830042748 3.297931108205093e-15
9.262922278740495 3.3815087231271817e-15
9.256007067944699 5.836425558185078e-15
9.249102174513594 4.178472360867414e-15
9.242207575374417 2.635735593328896e-15
9.23532324752315 4.085318759370721e-15
9.228449168024268 2.0958779688719698e-14
9.221585314010477 1.027589202184876e-14
9.21473166268247 4.4573815889958325e-15
9.207888191308662 2.9830469150891894e-15
9.20105487722495 7.16424221773347e-15
9.194231697834459 1.7932244486150817e-14
9.187418630607292 7.544519390864827e-15
9.180615653080281 5.215892167074183e-15
9.173822742856744 5.4314858670684495e-15
9.167039877606237 7.983826853346062e-14
9.160267035064305 7.0696377955409864e-15
9.15350419303225 4.8351662490266986e-15
9.146751329376873 3.3294235456696776e-15
9.140008422030245 3.836067988866208e-15
9.133275448989465 2.6280917756783223e-15
9.126552388316412 2.9734383029613692e-15
9.119839218137516 4.012209177219348e-15
9.113135916643516 3.2994258970406708e-15
9.106442462089229 1.191313538777283e-14
9.099758832793304 2.872734970387347e-15
9.093085007138 2.7755812549059905e-15
9.086420963568953 2.3233677665763107e-15
9.079766680594924 2.6407109522884726e-15
9.073122136787598 3.0522469064355237e-15
9.066487310781332 2.336836357661606e-14
9.05986218127293 3.7643653905131265e-15
9.053246727021426 6.518366713885891e-15
9.046640926847841 8.90622637656528e-15
9.040044759634972 3.995836193832636e-15
9.033458204327152 2.9373632784334562e-15
9.02688123993004 3.834984878476689e-15
9.020313845510389 2.820349345037653e-15
9.013756000195826 2.6931415057908188e-15
9.007207683174634 2.7295255996730878e-15
9.000668873695528 3.560366330477262e-15
8.994139551067436 2.8104768952648076e-15
8.987619694659283 2.57691374432365e-15
8.981109283899773 3.4097829963789342e-15
8.974608298277174 2.1951136403405283e-14
8.968116717339093 3.1328248560002356e-15
8.96163452069228 2.9969842472132756e-15
8.955161688002399 3.468354994046841e-15
8.948698198993815 2.6898658635459286e-15
8.942244033449397 3.86863793277258e-15
8.935799171210292 3.1005809627811676e-15
8.929363592175722 5.411115061728651e-15
8.92293727630277 2.468369130668192e-15
8.916520203606186 2.7556787688397344e-15
8.910112354158159 2.2899017734288865e-15
8.903713708088125 5.6194205767492225e-15
8.89732424558256 4.112524153282935e-15
8.89094394688477 3.754169723851544e-15
8.884572792294692 2.6162117947809677e-15
8.878210762168694 3.612742435380453e-15
8.87185783691936 2.6326268530441595e-15
8.86551399701531 2.538113416528019e-15
8.859179222980973 7.776349467622804e-15
8.85285349539642 2.3607742547122266e-15
8.846536794897133 4.374379867773484e-15
8.840229102173831 2.817827112210671e-15
8.833930397972264 4.0677656479970745e-15
8.827640663093014 5.5432952836052955e-15
8.82135987839131 5.392544394090237e-15
8.81508802477682 9.692800364899787e-15
8.808825083213472 3.1398697919189116e-15
8.80257103471925 2.551498600201244e-15
8.79632586036601 3.079683247493267e-15
8.790089541279286 2.532690855826414e-15
8.783862058638094 2.444556911033626e-15
8.777643393674758 2.418880833739264e-15
8.771433527674702 2.874402623690826e-15
8.765232441976279 3.3931711873974197e-15
8.759040117970573 2.385506989009603e-15
8.75285653710122 3.596034020991367e-15
8.746681680864219 3.6748066775884925e-15
8.740515530807748 2.9038416879910004e-15
8.734358068531977 5.835094949449715e-15
8.728209275688895 4.85511750721363e-15
8.722069133982115 3.325063768896312e-15
8.7159376251667 8.673191692357789e-15
8.709814731048983 3.265340594870181e-15
8.703700433486384 5.920955990453284e-15
8.69759471438723 2.6124140913031878e-15
8.691497555710582 2.912534079925292e-15
8.685408939466047 2.7010214942713505e-15
8.679328847713615 2.475065954494319e-15
8.673257262563473 2.6744885789874466e-15
8.667194166175827 2.511179013701524e-15
8.661139540760738 4.5401097583203956e-15
8.655093368577944 2.9719239938791916e-15
8.649055631936678 2.8824742959900016e-15
8.643026313195508 3.680642870560382e-15
8.637005394762157 5.856111366551372e-15
8.630992859093334 2.544499725633102e-15
8.624988688694568 2.6302829869457034e-15
8.618992866120033 4.268164700848389e-15
8.613005373972372 3.994074772799017e-15
8.607026194902552 6.073894109647637e-15
8.601055311609672 2.6505498239791616e-15
8.59509270684081 2.3668146180124995e-15
8.589138363390845 2.4576373024557933e-15
8.58319226410231 3.1689762623430537e-15
8.57725439186521 2.467867017754371e-15
8.571324729616864 2.5834494812275632e-14
8.565403260341744 2.4200473880643913e-15
8.559489967071311 2.4520907554201337e-15
8.553584832883846 5.101640301572612e-15
8.547687840904302 3.68530854361793e-15
8.54179897430413 2.4935359681327227e-15
8.53591821630113 2.363801925265245e-15
8.530045550159283 2.9676101666020026e-15
8.524180959188593 3.8935459278442714e-15
8.518324426744936 3.697905818482647e-15
8.512475936229897 3.4481376545499762e-15
8.506635471090615 2.5514831164826345e-15
8.500803014819619 2.33605713847857e-15
8.49497855095469 3.1794184255385465e-15
8.489162063078686 2.3544244983964387e-15
8.483353534819406 2.6662288900107223e-15
8.47755294984942 2.506707272165779e-15
8.471760291885928 3.0623185551984493e-15
8.465975544690608 2.544003818330454e-15
8.460198692069445 4.7077899849558395e-15
8.454429717872609 2.9462670900681215e-15
8.448668605994285 4.223825289686804e-15
8.442915340372528 2.8522797260820595e-15
8.437169904989108 4.270477816740003e-15
8.43143228386938 4.8811578710265575e-15
8.425702461082114 7.131153864617016e-14
8.419980420739357 1.394199855059263e-13
8.414266146996288 7.242089680759331e-15
8.408559624051072 3.3631586282223357e-15
8.402860836144706 3.4029653646548053e-15
8.397169767560886 2.486720195447755e-15
8.391486402625848 2.375165556065648e-15
8.385810725708245 3.4038091250022192e-15
8.380142721218977 2.5272215867083215e-15
8.374482373611077 3.0785213402664125e-15
8.368829667379542 2.964540194485502e-15
8.363184587061209 3.2025440278017123e-15
8.357547117234612 2.4927992305566182e-15
8.35191724251983 2.3810097985958075e-15
8.346294947578365 2.443904485766136e-15
8.340680217112984 2.3372802166584242e-15
8.335073035867598 4.2510777087309335e-15
8.329473388627108 2.6539448415078408e-15
8.323881260217279 2.596918560940451e-15
8.318296635504598 1.04680845198084e-14
8.312719499396136 2.4057399522920065e-15
8.307149836839418 2.3467986893413564e-15
8.301587632822276 9.092019219489115e-15
8.296032872372733 2.7537678194038982e-15
8.290485540558844 2.3594740921587984e-15
8.284945622488591 2.5681788786566808e-15
8.279413103309722 2.424693967874635e-15
8.273887968209635 2.578630526897742e-15
8.268370202415243 2.9601737777036313e-15
8.262859791192836 2.5645792469609336e-15
8.257356719847964 2.8727307855371578e-15
8.251860973725288 2.859498869299748e-15
8.246372538208458 2.41088754546423e-15
8.240891398719993 2.5317495307958875e-15
8.235417540721139 3.49283894114498e-15
8.229950949711741 3.1330761713290637e-15
8.224491611230123 2.303413623165197e-15
8.219039510852957 2.3333231775707226e-15
8.213594634195132 2.62292124216452e-15
8.208156966909634 2.3216096323012776e-15
8.20272649468741 2.3418825591584685e-15
8.19730320325726 2.3545310651389727e-15
8.191887078385692 2.3812346002085778e-15
8.186478105876809 2.7072472315693008e-15
8.181076271572183 3.0394091004694448e-15
8.175681561350732 2.7433802365736146e-15
8.170293961128596 5.581786211280315e-15
8.164913456859013 3.126288306272219e-15
8.159540034532197 2.321937357703774e-15
8.154173680175223 2.464093253242344e-15
8.148814379851895 2.360971505910788e-15
8.143462119662633 2.4906972387068256e-15
8.138116885744354 2.726031074035454e-15
8.132778664270344 2.9208434442948192e-15
8.127447441450146 2.3559713452204946e-15
8.12212320352944 2.453668295000614e-15
8.116805936789925 2.3331595706071073e-15
8.111495627549193 2.3134594651852147e-15
8.106192262160631 2.827054977656123e-15
8.100895827013279 2.5668315952534895e-15
8.095606308531735 3.2090940504567303e-15
8.090323693176028 9.566745916426818e-15
8.085047967441502 2.444142390880753e-15
8.079779117858708 2.577998460153074e-15
8.074517130993282 2.3801729399070257e-15
8.069261993445837 2.746459969768491e-15
8.064013691851843 2.5407017678771285e-15
8.058772212881522 2.7408451440428554e-15
8.05353754323972 2.3942756810526358e-15
8.048309669665814 2.3209754062462024e-15
8.04308857893359 2.3594734276999157e-15
8.037874257851126 2.4074412173791604e-15
8.032666693260694 2.3315378748152815e-15
8.02746587203864 2.3299729431710833e-15
8.022271781095274 3.1961497973573098e-15
8.017084407374762 2.540986270978611e-15
8.01190373785502 2.764046229657944e-15
8.006729759547602 2.553221537664032e-15
8.001562459497592 2.6950798182601377e-15
7.996401824783487 2.958748373230028e-15
7.99124784251711 2.437337945134346e-15
7.98610049984348 3.58503904278716e-15
7.9809597839407225 2.802516577671547e-15
7.975825682019949 2.3069667986613345e-15
7.970698181325167 2.3166208541861346e-15
7.965577269133159 2.3189811963437226e-15
7.960462932753383 2.3258586261016527e-15
7.95535515952787 2.3935098526265926e-15
7.9502539368311185 2.4834673184260405e-15
7.94515925206999 2.634432714830799e-15
7.940071092683601 2.3817199693109454e-15
7.934989446143231 3.506528677795522e-15
7.9299142999522045 2.7313401198899507e-15
7.924845641645801 2.4724334307411656e-15
7.919783458791151 2.3846290530268716e-15
7.914727738987126 2.3336867447222855e-15
7.909678469864247 2.5170923631249206e-15
7.90463563908458 3.171298669843167e-15
7.899599234341631 4.831284033524923e-15
7.894569243360256 2.419766829567194e-15
7.889545653896552 2.8366922760494295e-15
7.884528453737762 2.591539208007143e-15
7.879517630702174 2.820443358569056e-15
7.874513172639024 9.941232799651721e-15
7.869515067428401 2.4837144007746573e-15
7.864523302981138 5.474416175981804e-15
7.859537867238728 2.793754482725151e-15
7.854558748173219 2.349230711544485e-15
7.84958593378712 2.0665399753105255e-14
7.8446194121133015 2.5474234032568687e-15
7.839659171214904 2.323986705396257e-15
7.834705199185237 2.78337237500564e-15
7.829757484147695 2.719143927739399e-15
7.824816014255645 2.3966715361975363e-15
7.819880777692344 2.4465424486653724e-15
7.814951762670846 2.461521725400346e-15
7.810028957433903 2.4507228410207193e-15
7.805112350253868 5.045253565820278e-15
7.800201929432615 2.437095747831584e-15
7.795297683301431 2.4825058432298014e-15
7.790399600220935 2.3883283773796366e-15
7.785507668580977 2.5800494483528544e-15
7.7806218768005575 2.3990244352432737e-15
7.775742213327723 2.861301804741729e-15
7.770868666639485 2.661140838839172e-15
7.766001225241722 3.0727193616104186e-15
7.761139877669099 3.1399594743756122e-15
7.756284612484966 1.8005477655811995e-14
7.7514354182812735 4.587759696256664e-15
7.746592283678487 2.8317402456934885e-15
7.741755197325491 2.4497960193572713e-15
7.7369241478995034 2.7879651238060577e-15
7.732099124105992 3.2859557564585125e-15
7.727280114678575 2.7185474491463098e-15
7.722467108378944 2.4510509770961333e-15
7.7176600939967726 2.5615305311500822e-15
7.712859060349628 2.5913094025751686e-15
7.708063996282888 2.8254915550390224e-15
7.703274890669651 2.4729279956420855e-15
7.698491732410649 2.8274120043173572e-15
7.693714510434169 2.4288836528148733e-15
7.688943213695959 2.5645051624793902e-15
7.684177831179147 2.9617459694515874e-15
7.6794183518941574 6.1082835283313415e-15
7.674664764878625 2.717737340293449e-15
7.66991705919731 2.4018828467992515e-15
7.665175223942015 2.5841311448366796e-15
7.660439248231498 2.3965013318565884e-15
7.655709121211401 2.39784157638823e-15
7.65098483205415 2.3895069357714052e-15
7.6462663699588855 2.4418607131674427e-15
7.641553724151375 2.435598516090272e-15
7.636846883883933 2.5176778225699202e-15
7.632145838435333 2.410223851901546e-15
7.6274505771107375 2.3915870289785348e-15
7.622761089241607 2.388308711701286e-15
7.61807736418562 2.4036745084786954e-15
7.613399391326603 2.4394927242667558e-15
7.608727160074437 2.43744068809189e-15
7.604060659864983 2.386123705222768e-15
7.599399880160003 2.442027603424937e-15
7.594744810447081 2.4159655438159124e-15
7.590095440239542 2.4008361161773446e-15
7.585451759076377 2.4057872263798586e-15
7.580813756522159 2.4851928458365203e-15
7.576181422166965 2.396346516125156e-15
7.57155474562631 2.4443690756155124e-15
7.566933716541052 2.4033054306992073e-15
7.5623183245773244 2.391285536640486e-15
7.55770855942646 2.3957044309468345e-15
7.5531044108049095 2.401263448215165e-15
7.5485058684541695 2.4921210084939673e-15
7.543912922140701 2.4935017717203842e-15
7.5393255616558585 2.392948968349588e-15
7.534743776815812 2.4003830080802167e-15
7.530167557461475 2.3899065770265324e-15
7.52559689345842 2.4031907426514224e-15
7.521031774696813 2.419013198433132e-15
7.516472191091341 2.388636235123589e-15
7.511918132581127 2.391557809321166e-15
7.507369589129663 2.397856710538548e-15
7.5028265507247385 2.393820932387845e-15
7.498289007378356 3.1867804877781027e-15
7.493756949126674 2.7494868353714784e-15
7.489230366029922 2.561997446948479e-15
7.484709248172329 2.396462456966143e-15
7.48019358566206 5.507309587898961e-15
7.475683368631128 3.814033625990674e-15
7.47117858723534 1.0765730482476584e-14
7.466679231654212 2.4284616543734584e-15
7.462185292090904 2.65015457913465e-15
7.457696758772149 2.549098089603611e-15
7.453213621948177 2.4001482006659758e-15
7.448735871892651 2.509965742630252e-15
7.444263498902588 2.5112426556061647e-15
7.439796493298303 2.4522261776852943e-15
7.435334845423326 2.8562342373263152e-15
7.430878545644338 2.3899595466207313e-15
7.426427584351097 2.388614562274502e-15
7.4219819519563766 2.3945069843050393e-15
7.417541638895895 2.4192681504082256e-15
7.413106635628241 2.3860529903616095e-15
7.408676932634809 2.3847603840382737e-15
7.404252520419734 2.3914183498082346e-15
7.399833389509818 2.3996454496369767e-15
7.395419530454469 2.388432509941367e-15
7.391010933825627 2.3961905451336736e-15
7.386607590217698 2.437880137658619e-15
7.382209490247496 2.3845743852643635e-15
7.377816624554162 2.47585321629374e-15
7.373428983799109 2.430273941819489e-15
7.36904655866595 2.671258603666561e-15
7.364669339860432 2.4267352891538596e-15
7.360297318110379 2.3889786628951348e-15
7.355930484165612 2.3799789117846186e-15
7.351568828797892 2.3845247971651225e-15
7.34721234280086 2.44757095255833e-15
7.342861016989963 2.3860291792969127e-15
7.338514842202393 2.3830020816145627e-15
7.334173809297021 2.5320048638818138e-15
7.329837909154337 3.079889294622422e-15
7.325507132676386 2.3835790790483586e-15
7.321181470786696 2.3795766486671482e-15
7.316860914430226 2.5427022909120416e-15
7.312545454573295 2.3906579645462536e-15
7.308235082203522 6.369560457026344e-15
7.3039297883297625 2.3791737468499254e-15
7.29962956398205 2.4181093226114387e-15
7.295334400211525 2.39085630480264e-15
7.2910442880903785 2.4889024085047826e-15
7.286759218711793 2.3814793234894824e-15
7.282479183189875 2.6880276922315377e-15
7.278204172659595 2.6930014552735295e-15
7.273934178276732 2.8722248373230375e-15
7.2696691912178 2.5339865963756908e-15
7.265409202680006 2.731711014780837e-15
7.2611542038811665 2.4128601411544004e-15
7.256904186059666 2.9139583172648915e-15
7.252659140474392 2.596485613219296e-15
7.248419058404668 2.604618588457843e-15
7.244183931150201 2.3725162645699904e-15
7.2399537500310185 2.370941982679687e-15
7.235728506387412 4.898570550556802e-15
7.231508191579877 2.514891996415406e-15
7.227292796989054 2.385648588688993e-15
7.223082314015667 2.38703907711117e-15
7.218876734080469 2.3843346151725e-15
7.214676048624181 2.44802154298599e-15
7.2104802491074365 2.4353387795786277e-15
7.206289327010721 2.3699694914992686e-15
7.202103273834317 2.3766290400632137e-15
7.197922081098245 2.5099709097271128e-15
7.193745740342204 2.5668513000989855e-15
7.189574243125518 2.4129515472848887e-15
7.185407581027082 4.214865999796686e-15
7.1812457456452945 2.7337226450169614e-15
7.177088728598012 8.957306622609154e-15
7.172936521522485 1.5441443059283443e-14
7.1687891160753106 3.913671584168964e-15
7.164646503932369 2.4029570578127885e-15
7.160508676788767 2.5213467133209033e-15
7.156375626358791 2.392113086731618e-15
7.152247344375846 3.484918600589505e-15
7.148123822592395 2.388502460716358e-15
7.1440050527799155 2.361151963318295e-15
7.139891026728839 2.3567084695453864e-15
7.135781736248494 2.3555482755640514e-15
7.131677173167058 2.8886546101207747e-15
7.127577329331497 2.3563511841638318e-15
7.1234821966075135 2.3670336693704467e-15
7.119391766879496 2.3600427113568817e-15
7.11530603205046 2.771029846165531e-15
7.1112249840420025 2.3563561010390006e-15
7.107148614794238 4.635619488896519e-14
7.103076916265753 2.3555446808986604e-15
7.099009880433552 2.351856259529002e-15
7.094947499293005 2.3516619109808544e-15
7.090889764857791 3.696097280347979e-15
7.086836669159851 2.363233826942162e-15
7.082788204249331 2.448597868403747e-15
7.078744362194538 2.35759071102155e-15
7.074705135081874 2.3780980952614708e-15
7.070670515015802 2.3698595997095882e-15
7.066640494118781 2.5899645063407223e-15
7.06261506453122 2.372626379497249e-15
7.058594218411424 2.529205880861877e-15
7.054577947935553 2.3559780666638864e-15
7.050566245297555 2.3541098391831207e-15
7.0465591027091286 2.355267130866761e-15
7.042556512399667 2.409374102211697e-15
7.038558466616209 2.364705082133988e-15
7.034564957623387 2.601349416384542e-15
7.030575977703381 2.37210282140583e-15
7.026591519155871 2.369290728921645e-15
7.022611574297973 2.371856459029733e-15
7.018636135464207 2.3749305205124875e-15
7.01466519500644 2.371401031201878e-15
7.010698745293837 2.3694212730094483e-15
7.006736778712812 2.3694934358027693e-15
7.002779287666978 2.3699108420478397e-15
6.998826264577104 2.4115743699474235e-15
6.994877701881064 2.398176140989469e-15
6.990933592033785 2.3860240026902982e-15
6.9869939275072 2.3769897215307196e-15
6.983058700790207 2.3740408691800813e-15
6.979127904388613 2.393409652484588e-15
6.975201530825089 2.386404698459629e-15
6.971279572639124 2.4958905085902294e-15
6.967362022386978 2.422674928001341e-15
6.963448872641633 2.369926209999354e-15
6.959540115992748 2.3736972850418305e-15
6.955635745046608 2.3719829939461053e-15
6.951735752426083 2.380106362305453e-15
6.947840130770579 2.3734354578900655e-15
6.943948872735989 2.3880866194472108e-15
6.940061970994656 2.3864919005436537e-15
6.936179418235312 2.3724176567671956e-15
6.9323012071630465 2.369379888820301e-15
6.928427330499255 2.3692710153368457e-15
6.924557780981591 2.368159518308079e-15
6.920692551363923 2.3680698364336567e-15
6.916831634416292 2.3687545274538947e-15
6.912975022924861 2.368949100094539e-15
6.909122709691879 2.3793295286974767e-15
6.905274687535619 2.6378363569288467e-15
6.901430949290353 2.471658137276996e-15
6.8975914878063 2.3671908684942972e-15
6.893756295949573 2.3675995500214252e-15
6.88992536660215 2.372863842808842e-15
6.886098692661818 2.3682640436362906e-15
6.882276267042136 2.36635788472236e-15
6.878458082672388 3.0808277172179878e-15
6.87464413249754 2.3745119634454987e-15
6.870834409478196 2.3927066548329737e-15
6.867028906590556 2.3731193386188693e-15
6.863227616826372 2.3654152697287345e-15
6.85943053319291 2.3745222894743944e-15
6.855637648712892 2.41205331905439e-15
6.851848956424475 2.3851259455071635e-15
6.848064449381189 2.3652633535233252e-15
6.844284120651909 2.3643139968434098e-15
6.840507963320799 2.362317550760531e-15
6.836735970487282 2.365071138989727e-15
6.8329681352659914 2.3714925751473097e-15
6.829204450786733 2.3666933190197145e-15
6.82544491019444 2.3846297994936833e-15
6.821689506649129 2.3654119723887536e-15
6.817938233325865 2.4007545461139384e-15
6.8141910834147215 2.363847574738529e-15
6.810448050120726 2.374602878584921e-15
6.80670912666383 2.747783989051107e-15
6.802974306278872 2.3686417348014444e-15
6.799243582215524 2.3722448322549222e-15
6.7955169477382595 2.3911610949884465e-15
6.791794396126309 2.529427456401648e-15
6.7880759206736245 2.9397756957586927e-15
6.784361514688834 2.387459697907786e-15
6.780651171495204 2.3869924397696902e-15
6.776944884430599 2.358503490163998e-15
6.77324264684744 3.0474307474697793e-15
6.7695444521126715 2.350712675864944e-15
6.765850293607708 2.3500156336885896e-15
6.762160164728412 2.357544180892968e-15
6.758474058885042 2.3945359808261255e-15
6.7547919695022145 2.355298608420414e-15
6.751113890018872 2.4177427373585928e-15
6.747439813888239 2.349512340112672e-15
6.743769734577781 1.116035156715877e-14
6.74010364556917 1.7098500295288876e-13
6.736441540358246 1.9025356649258954e-14
6.7327834124549755 2.347621331073423e-15
6.729129255383412 3.4561643446581283e-15
6.725479062681667 2.4865859083998386e-15
6.721832827901857 3.493359436002626e-15
6.718190544610085 7.688011044972539e-15
6.714552206386376 2.3583574895921317e-15
6.710917806824671 2.3467297894264056e-15
6.707287339532762 2.4745438110553905e-15
6.703660798132271 2.445483773902644e-15
6.700038176258603 2.43639371037811e-15
6.696419467560921 2.5521681084884105e-15
6.692804665702093 3.514752723962687e-15
6.689193764358668 5.749019643155893e-14
6.685586757220829 1.6632402263710013e-14
6.681983637992365 4.5522325502232695e-15
6.678384400390636 3.60344779742926e-15
6.6747890381465185 2.3454194416557996e-15
6.671197545004392 2.335276150803593e-15
6.6676099147220915 2.3422011072160837e-15
6.6640261410708685 1.5848666553018906e-14
6.66044621783536 5.925376060988686e-15
6.656870138813554 1.491789133853084e-14
6.653297897816747 1.732910239859147e-14
6.649729488669521 3.3430727526408636e-13
6.646164905209686 3.2987765282789033e-15
6.642604141288268 2.6600967473940916e-15
6.6390471907694595 2.329412950888688e-15
6.635494047530592 5.87209806832291e-15
6.631944705462093 2.327674644653885e-15
6.628399158467456 2.3260570149131743e-15
6.624857400463205 2.3246596378180824e-15
6.621319425378861 2.3241161564179742e-15
6.6177852271569035 2.3237846465462873e-15
6.614254799752739 2.32323511118123e-15
6.610728137134665 2.3227653967596494e-15
6.60720523328384 2.322313643434221e-15
6.60368608219424 2.32186984281752e-15
6.600170677872633 2.3214737234488024e-15
6.596659014338543 2.3209199069084433e-15
6.593151085624213 2.320441009163972e-15
6.589646885774575 2.320209919110915e-15
6.586146408847211 2.320276131316603e-15
6.582649648912326 2.3212068738058065e-15
6.579156600052711 1.0167346595847337e-14
6.5756672563637135 2.446456279520737e-15
6.572181611953193 2.317370459551124e-15
6.568699660941501 2.3174232229915147e-15
6.565221397461442 2.3180772819755066e-15
6.56174681565824 2.3186714305970762e-15
6.558275909689509 2.31706296324263e-15
6.554808673725215 2.3163230142097073e-15
6.551345101947648 2.315733841451992e-15
6.547885188551388 2.3152066855553902e-15
6.544428927743272 2.3150153120960834e-15
6.540976313742363 2.3147670289819617e-15
6.537527340779916 2.314199637184015e-15
6.534082003099346 2.3136890555391625e-15
6.5306402949562 2.313563662809724e-15
6.527202210618115 2.31243269764069e-15
6.523767744364801 2.311886524695146e-15
6.520336890487995 2.3125865232323988e-15
6.516909643291439 2.3222365578903294e-15
6.513485997090846 2.3597790746854094e-15
6.510065946213864 2.3226487169069847e-15
6.5066494850000485 2.3124561115465062e-15
6.503236607800836 2.3088616943016403e-15
6.499827308979504 2.3079980440711565e-15
6.496421582911144 6.624229502214927e-15
6.4930194239826315 2.3098969369485145e-15
6.489620826592595 2.3244937725763567e-15
6.48622578515138 2.312294953239655e-15
6.4828342940810275 2.3062871738564353e-15
6.479446347815239 2.303918501268239e-15
6.476061940799343 2.3030648764295504e-15
6.472681067490266 2.3024529108657394e-15
6.4693037223565115 2.301694832877973e-15
6.4659298998781125 2.3009596288432616e-15
6.462559594546616 2.30023958380172e-15
6.459192800865046 2.2995195893963376e-15
6.455829513347879 2.2987814913736833e-15
6.452469726521005 2.2983836579536516e-15
6.44911343492171 4.935123727851934e-15
6.445760633098635 2.29749820443975e-15
6.442411315611754 2.299159397258875e-15
6.43906547703234 2.2956424714171096e-15
6.4357231119429406 2.294430515926787e-15
6.432384214937344 2.293679331734666e-15
6.429048780620551 2.2928865027177965e-15
6.425716803608748 2.2920831690782616e-15
6.422388278529275 2.2912929609756285e-15
6.419063200020602 2.2906668029495556e-15
6.415741562732293 4.018934748746654e-15
6.412423361324983 2.289018705747177e-15
6.409108590470344 2.2880454571353642e-15
6.405797244851066 2.287208590085732e-15
6.402489319160815 2.286362467197652e-15
6.399184808104218 2.285587529745045e-15
6.395883706396824 3.3239443261497996e-15
6.392586008765085 2.285653124221656e-15
6.389291709946323 2.2961170259217264e-15
6.386000804688697 2.309559074762273e-15
6.382713287751186 2.2867238602365588e-15
6.379429153903557 3.0295674617661903e-15
6.376148397926327 2.2797186361222037e-15
6.372871014610757 2.2792034625655214e-15
6.369596998758805 2.278451834984677e-15
6.366326345183103 2.279172187342317e-15
6.363059048706936 2.2778676775780993e-15
6.35979510416421 2.2857643343348533e-15
6.3565345063994245 2.278025558002101e-15
6.353277250267647 2.273527803262854e-15
6.350023330634483 2.272602453506284e-15
6.3467727423760545 2.2721692525563926e-15
6.34352548037897 2.2717188293143158e-15
6.340281539540293 2.6213204606123837e-15
6.337040914767527 2.270776755339155e-15
6.333803600978571 2.2705851530072634e-15
6.330569593101716 2.2705225283689902e-15
6.327338886075596 2.270445734633352e-15
6.324111474849176 2.2703695677907204e-15
6.320887354381724 2.2716422715560573e-15
6.317666519642777 2.2838151326746958e-15
6.314448965612121 3.7175737388793106e-15
6.311234687279764 2.3425869536545755e-15
6.308023679645917 2.3473601503253948e-15
6.3048159377209485 2.3528389862641744e-15
6.301611456525381 2.3470001044072176e-15
6.298410231089849 2.346054030029219e-15
6.295212256455084 2.3468392728179703e-15
6.292017527671882 2.345792280528007e-15
6.28882603980108 2.3465546386317852e-15
6.285637787913537 2.3510825353677187e-15
6.282452767090094 2.346102192379416e-15
6.279270972421561 2.345069269958482e-15
6.276092399008692 2.344905447550312e-15
6.272917041962151 2.3447560678946515e-15
6.269744896402492 2.3446727209772573e-15
6.266575957460137 1.0344190592540815e-14
6.263410220275348 2.344193166462927e-15
6.260247679998199 2.344007641717641e-15
6.2570883317885535 2.345726303785126e-15
6.2539321708160465 3.0805298645253392e-15
6.250779192260049 2.943317437213477e-15
6.247629391309655 3.401934054799307e-15
6.244482763163641 4.088897259822835e-15
6.241339303030458 2.343092801229118e-15
6.238199006128197 2.342422662559475e-15
6.235061867684575 2.342077443183141e-15
6.231927882936892 2.4371376470239276e-15
6.22879704713203 4.9054314179526924e-15
6.225669355526412 2.5076766010852454e-15
6.2225448033859845 2.3747417967797555e-15
6.219423385986195 2.355464907160958e-15
6.216305098611963 2.457760889063165e-15
6.213189936557665 2.349387926824502e-15
6.210077895127097 2.3857806373779547e-15
6.206968969633468 2.355625742721001e-15
6.20386315539936 3.0570283210516275e-15
6.200760447756717 5.4249870407911916e-15
6.197660842046816 3.923824092536807e-15
6.194564333620242 3.1733365229458258e-15
6.19147091783687 5.876649666749451e-15
6.188380590065839 7.189118731545009e-15
6.185293345685527 7.07650315441327e-14
6.182209180083531 6.602444323535972e-15
6.1791280886566415 1.4595143517018812e-13
6.1760500668108245 5.597419930200771e-15
6.172975109961191 4.348705131142296e-15
6.169903213531984 2.7853944249753344e-15
6.166834372956542 2.6105569671328146e-15
6.1637685836772915 2.502195546726946e-15
6.160705841145717 2.3396678028989325e-15
6.157646140822334 2.3347864321379808e-15
6.1545894781766775 2.3344856822530717e-15
6.15153584868727 2.3342489214582297e-15
6.148485247841605 2.3340047885828283e-15
6.14543767113612 2.333755722686704e-15
6.142393114076182 2.333504270536841e-15
6.139351572176055 2.3332819676363944e-15
6.136313040958887 2.333041245122958e-15
6.133277515956684 2.3327197208380908e-15
6.130244992710287 2.332400829998445e-15
6.127215466769353 2.3321013255185344e-15
6.124188933692331 2.3317979837666212e-15
6.1211653890464435 2.331488973364943e-15
6.11814482840766 2.3311816770431397e-15
6.115127247360678 2.331178302831724e-15
6.112112641498905 2.331976111281911e-15
6.109101006424431 2.7701742677499287e-15
6.106092337748008 2.3299505154090522e-15
6.103086631089035 2.3295192348479606e-15
6.100083882075527 2.3290948623392476e-15
6.097084086344102 2.3287124760667615e-15
6.094087239539959 2.32833108066317e-15
6.091093337316848 2.3279415806133723e-15
6.088102375337061 2.327544462689178e-15
6.085114349271405 2.3271399501067914e-15
6.08212925479918 2.3267261338305584e-15
6.079147087608162 2.326305734220907e-15
6.07616784339458 2.3259594594061452e-15
6.073191517863093 2.3260276738170972e-15
6.070218106726777 2.326014626156875e-15
6.067247605707095 2.5994215268355997e-15
6.0642800105338805 2.3242972199124933e-15
6.061315316945323 2.3236542990664366e-15
6.058353520687934 2.3231680096838555e-15
6.05539461751654 2.3228456399459235e-15
6.052438603194256 6.318021084620597e-15
6.049485473492465 2.322073721485052e-15
6.046535224190799 2.321196301029676e-15
6.04358785107712 2.3208224832642588e-15
6.040643349947499 2.5026407979347356e-15
6.037701716606193 2.320913105770992e-15
6.034762946865633 2.3192232676757567e-15
6.031827036546392 2.318496466110045e-15
6.028893981477179 2.3179390731457916e-15
6.025963777494807 2.317388389919198e-15
6.023036420444184 2.3169269560018594e-15
6.0201119061782835 2.414100979063085e-15
6.017190230558132 2.3156916106667086e-15
6.014271389452786 2.3150514458436072e-15
6.011355378739314 2.3146189753229525e-15
6.008442194302776 2.3838589583821727e-15
6.005531832036207 2.313305729846732e-15
6.002624287840593 2.312712995314974e-15
5.9997195576248545 2.311941355033637e-15
5.996817637305826 2.3112705732767575e-15
5.993918522808243 2.3106170341692705e-15
5.9910222100647115 2.3099595294825008e-15
5.988128695015699 2.30932478355009e-15
5.98523797360951 2.308674785903147e-15
5.98235004180227 2.308150286733417e-15
5.979464895557906 2.3076260884922067e-15
5.976582530848126 2.307093035422699e-15
5.973702943652403 2.3072974040386372e-15
5.970826129957953 2.310594266346199e-15
5.967952085759718 2.3084363413646997e-15
5.9650808070603505 2.3052427155716617e-15
5.96221228987019 2.304310237857016e-15
5.959346530207247 2.3037324870991553e-15
5.956483524097182 2.3031571674301896e-15
5.953623267573294 2.3025468079303036e-15
5.950765756676493 2.3019407176686746e-15
5.947910987455288 2.3013393991251976e-15
5.945058955965767 2.300978706434907e-15
5.9422096582715795 2.301647837749522e-15
5.939363090443916 2.3025272624337247e-15
5.936519248561493 2.3025420293899358e-15
5.933678128710533 2.301298390635869e-15
5.930839726984748 2.3015213258665646e-15
5.92800403948532 2.3052473657311374e-15
5.925171062320884 2.3000906373444877e-15
5.9223407916075095 2.299932652181854e-15
5.919513223468686 2.3052199206314646e-15
5.9166883540352995 2.2984986388447207e-15
5.91386617944562 2.297145631076731e-15
5.911046695845281 2.2960061655240122e-15
5.908229899387263 2.295591592539084e-15
5.9054157862318775 2.2965292093580372e-15
5.902604352546745 2.2950399198585883e-15
5.899795594506782 2.2988387156047687e-15
5.896989508294185 2.2965896975726318e-15
5.8941860900984056 2.292158721940296e-15
5.891385336116141 2.290887852576592e-15
5.888587242551312 2.2901337002519047e-15
5.88579180561505 2.2894392671547563e-15
5.882999021525677 2.3612887929301994e-15
5.8802088865086874 2.316729721438888e-15
5.877421396796735 2.2963283292266732e-15
5.874636548629612 2.2942095405473144e-15
5.871854338254235 2.289229372753156e-15
5.869074761924627 2.296604576185587e-15
5.866297815901899 2.2866196418693804e-15
5.863523496454238 2.286043132831222e-15
5.860751799856885 2.2968688747117435e-15
5.85798272239212 2.28761561579073e-15
5.855216260349247 2.5081304211238743e-15
5.852452410024576 2.436968024744777e-15
5.8496911677214065 2.282478053904976e-15
5.846932529750011 2.2791209426150432e-15
5.84417649242762 2.2784556451663088e-15
5.841423052078404 2.277766524217793e-15
5.838672205033456 2.5296558112083998e-15
5.83592394763078 4.995817841127728e-15
5.833178276215268 2.4632422262045245e-15
5.830435187138689 2.2783617930263547e-15
5.827694676759673 2.2798261019812468e-15
5.824956741443689 2.3010718808000878e-15
5.822221377563037 2.287894787054582e-15
5.819488581496825 2.7145110981855787e-15
5.816758349630957 7.756680497388043e-15
5.814030678358119 2.2827504894095228e-15
5.811305564077755 2.2696048490299038e-15
5.80858300319606 2.470679996712451e-15
5.8058629921259595 3.1271619566521636e-15
5.803145527287094 2.271684226747634e-15
5.800430605105805 2.2777169670870976e-15
5.797718222015119 2.7405961353277247e-15
5.795008374454729 2.5290302392219843e-15
5.792301058870985 3.2799130229017964e-15
5.789596271716871 2.6384280743539333e-15
5.786894009451995 2.309098492271664e-15
5.784194268542572 2.2909063863798284e-15
5.781497045461406 2.2633964896705633e-15
5.778802336687881 2.2603993883892966e-15
5.7761101387079385 2.2600988393697885e-15
5.773420448014066 2.580070416724281e-15
5.770733261105281 2.3456508463829035e-15
5.768048574487119 2.3042071847274578e-15
5.7653663846716094 2.7223259322472156e-15
5.762686688177272 2.452245463317131e-15
5.760009481529093 7.82197694174191e-15
5.757334761258516 2.3038025575720936e-15
5.754662523903419 2.2569612153814743e-15
5.751992766008111 2.248749873778392e-15
5.749325484123307 2.2477868168574806e-15
5.746660674806118 2.2476218838986524e-15
5.743998334620035 2.2502237418630345e-15
5.741338460134916 2.2456493415469364e-15
5.738681047926966 3.706146706982953e-15
5.736026094578728 2.2430114400535537e-15
5.733373596679068 2.241962602071662e-15
5.730723550823157 2.240996408163505e-15
5.728075953612457 2.2400232129172114e-15
5.72543080165471 2.239042090515432e-15
5.722788091563919 2.2380549085000027e-15
5.720147819960338 2.2371054485441318e-15
5.7175099834704515 2.2365192147944103e-15
5.714874578726969 2.2360347061708275e-15
5.712241602368802 2.2355440002057615e-15
5.709611051041052 2.2350464875679487e-15
5.706982921395002 2.234543838663787e-15
5.704357210088095 2.2340355178485423e-15
5.701733913783924 2.2335215052013605e-15
5.699113029152214 2.233009945345609e-15
5.696494552868812 2.232487385695858e-15
5.693878481615672 2.2319652041056912e-15
5.691264812080839 2.2316112253454802e-15
5.688653540958439 3.1063772905884018e-15
5.6860446649486605 2.231365674674321e-15
5.683438180757741 2.236556343132273e-15
5.680834085097956 7.237282534892135e-14
5.678232374687606 2.233565709217487e-15
5.675633046250996 2.2298075780467085e-15
5.673036096518433 2.22949741070766e-15
5.670441522226198 2.2291809129261512e-15
5.667849320116545 2.228857806448328e-15
5.665259486937682 2.2285282126095766e-15
5.662672019443755 2.2281923312818682e-15
5.660086914394839 2.227850014937368e-15
5.657504168556923 2.227501325180582e-15
5.654923778701895 2.2271459787961113e-15
5.6523457416075304 2.2267940030913736e-15
5.649770054057477 2.2264701097331576e-15
5.647196712841244 2.226049047544777e-15
5.644625714754185 2.2256591351241905e-15
5.6420570565974915 2.2252709953022877e-15
5.639490735178168 2.2248765704964185e-15
5.6369267473090305 2.2244750250540298e-15
5.634365089808687 2.224066870343896e-15
5.631805759501528 2.2236521907292263e-15
5.62924875321771 2.2232310113206627e-15
5.6266940677931405 2.2228030400329535e-15
5.624141700069474 2.222382120223838e-15
5.621591646894089 2.222002664452353e-15
5.61904390512008 2.2215053142830415e-15
5.616498471606244 2.2211538183938357e-15
5.613955343217068 2.220826144188825e-15
5.611414516822713 2.220492200334034e-15
5.608875989299009 2.2201518800759764e-15
5.60633975752743 2.219870285963713e-15
5.603805818395092 2.912447731496004e-15
5.601274168794735 2.21914937892614e-15
5.598744805624713 2.2187395883399624e-15
5.596217725788978 2.218362688526322e-15
5.59369292619707 2.217976612897865e-15
5.591170403764104 2.217591194358726e-15
5.5886501554107575 2.2172039759257503e-15
5.586132178063257 2.2168037542835456e-15
5.583616468653365 2.2163960448934996e-15
5.581103024118371 2.215984462540899e-15
5.578591841401075 2.2155667777209943e-15
5.576082917449776 2.21514257122868e-15
5.573576249218265 2.2147118333953253e-15
5.571071833665801 2.219218381530653e-15
5.568569667757112 2.2461565315352105e-15
5.566069748462372 2.334727641486742e-15
5.563572072757197 3.99174776835899e-15
5.5610766376226275 2.840359390406879e-15
5.558583440045118 2.443229411842956e-15
5.5560924770165245 2.2984336220193063e-15
5.553603745534093 2.2110334735880357e-15
5.551117242600448 2.2105462108433052e-15
5.548632965223579 2.2100509187239034e-15
5.546150910416827 2.2095678662068118e-15
5.543671075198879 2.7384864852439173e-15
5.5411934565937475 2.6415651159424183e-15
5.538718051630767 2.246326317454661e-15
5.536244857344574 2.2126879023876706e-15
5.533773870775101 2.588670852952272e-15
5.531305088967563 2.209989721845423e-15
5.528838508972445 2.2064159859257235e-15
5.52637412784549 2.2053345126851644e-15
5.523911942647691 2.2047865375635557e-15
5.5214519504452735 2.2042333080158686e-15
5.5189941483096865 2.2036739826561722e-15
5.516538533317593 2.20374488320117e-15
5.5140851025508555 2.2060376515946696e-15
5.511633853096525 2.2024892845155725e-15
5.509184782046833 2.201384326501754e-15
5.506737886499171 2.2008358931843416e-15
5.504293163556091 2.3488446250831882e-15
5.501850610325284 2.199818414970774e-15
5.4994102239195755 2.199682986322409e-15
5.496972001456909 2.1989092877406702e-15
5.494535940060337 2.199316766909572e-15
5.492102036858011 2.4393037118750562e-15
5.489670288983169 2.19836976715684e-15
5.487240693574122 2.1973435522068018e-15
5.4848132477742455 2.1959215270139612e-15
5.4823879487319696 2.1950670980869343e-15
5.479964793600764 2.1944345943313793e-15
5.477543779539128 2.1938280250042736e-15
5.475124903710582 2.193183840224659e-15
5.472708163283652 2.1925458820982647e-15
5.470293555431867 2.1919280136397037e-15
5.467881077333733 2.1985134160709462e-15
5.465470726172738 2.3350490960183403e-15
5.463062499137332 2.1958934072746517e-15
5.46065639342092 2.1898850501947886e-15
5.4582524062218445 2.2016119010717432e-15
5.455850534743383 2.253462734470323e-15
5.453450776193734 3.5136820113556693e-15
5.451053127786005 2.5571057408407327e-15
5.448657586738201 2.2967110900425918e-15
5.446264150273216 2.1997168284492043e-15
5.443872815618824 2.186066276135121e-15
5.441483580007662 2.1931377661214517e-15
5.439096440677224 2.1918661706515705e-15
5.4367113948698504 2.2044958947505178e-15
5.4343284398327185 2.249475602058452e-15
5.431947572817824 2.6699849451462828e-15
5.429568791081983 2.2220083902037137e-15
5.427192091886809 2.199001625525703e-15
5.424817472498711 2.186491383011142e-15
5.422444930188881 2.2034175186906213e-15
5.420074462233281 2.181266714988161e-15
5.417706065912632 2.178213333530895e-15
5.4153397385124125 2.17622514467168e-15
5.412975477322836 2.1760926536876133e-15
5.410613279638846 2.174641356537609e-15
5.408253142760111 2.441649601030775e-15
5.405895063991002 2.1892442855666026e-15
5.403539040640594 2.909940003858274e-14
5.401185070022652 2.1818181656149723e-15
5.398833149455614 2.208111814999878e-15
5.396483276262595 2.41207460511999e-15
5.394135447771359 2.1930006974959182e-15
5.391789661314327 2.1972548429228912e-15
5.389445914228552 2.2031283456357768e-15
5.387104203855719 2.727652246786622e-15
5.3847645275421305 2.190384260492099e-15
5.382426882638694 3.28433647795052e-15
5.38009126650092 2.24765679384293e-15
5.377757676488905 2.2237993898787518e-15
5.3754261099673215 2.1929885489113874e-15
5.373096564305413 2.1761650688145287e-15
5.370769036876981 2.1709822183121288e-15
5.368443525060375 2.1688847001119703e-15
5.366120026238482 2.166827061033691e-15
5.363798537798722 2.1658580552032114e-15
5.361479057133028 2.1650429463440482e-15
5.3591615816378475 2.1642223959937993e-15
5.356846108714125 2.1633585350316116e-15
5.354532635767295 2.1625036688837824e-15
5.352221160207273 2.3442349536527484e-15
5.349911679448446 2.3666029268973845e-15
5.3476041909096566 2.1599207789608478e-15
5.345298692014206 2.1590423908067223e-15
5.342995180189832 2.158159996625777e-15
5.340693652868706 2.1607854075167836e-15
5.338394107487421 2.1756424650925665e-15
5.336096541486985 2.158379756578368e-15
5.333800952312808 2.5232044278011856e-15
5.331507337414695 2.153605539934267e-15
5.329215694246833 2.155012861207113e-15
5.326926020267789 2.558006572800742e-15
5.324638312940491 2.6596151988466413e-15
5.322352569732225 2.2194957476830318e-15
5.320068788114627 2.1507943785192895e-15
5.317786965563666 2.398455566089008e-15
5.315507099559642 2.1469130179472256e-15
5.313229187587175 2.1459843104379293e-15
5.310953227135192 2.145063894368683e-15
5.308679215696924 2.1441383400892297e-15
5.306407150769891 2.7256488291816e-15
5.304137029855897 2.1422897077076377e-15
5.301868850461019 2.1414908229127863e-15
5.2996026100955955 2.1406962561187244e-15
5.297338306274224 2.140005261582684e-15
5.295075936515744 2.138744926926268e-15
5.292815498343234 2.13761308219857e-15
5.290556989284002 2.1372675126256523e-15
5.288300406869569 2.1414693511398095e-15
5.286045748635671 1.5949360795427528e-14
5.283793012122244 2.1356959705730462e-15
5.281542194873413 2.1327589497076854e-15
5.279293294437488 2.1317707688775627e-15
5.277046308366952 2.1307760401623296e-15
5.274801234218455 2.1297790352771827e-15
5.272558069552802 2.1287966944482604e-15
5.2703168119349435 2.1277565808040732e-15
5.2680774589339725 2.1267241457115648e-15
5.265840008123109 2.1256904985979133e-15
5.263604457079696 2.1246524054569385e-15
5.2613708033851845 2.123605540196853e-15
5.259139044625135 2.1225521587187697e-15
5.256909178389199 2.1214916912331897e-15
5.254681202271115 2.120423823191288e-15
5.252455113868701 2.1193488008089227e-15
5.2502309107838405 2.1182670532967347e-15
5.248008590622479 2.1171819142756816e-15
5.245788150994614 2.1160898302662793e-15
5.243569589514288 2.1149905667493543e-15
5.241352903799573 2.1138839526079552e-15
5.239138091472571 2.1127698549218154e-15
5.236925150159402 2.1116487915544643e-15
5.2347140774901915 2.1105211214577692e-15
5.23250487109907 2.1093853427291753e-15
5.230297528624155 2.1082407404654504e-15
5.2280920477075545 2.107092758899132e-15
5.225888425995347 2.115025000702516e-15
5.223686661137577 1.0197133972991728e-14
5.2214867507882525 2.1111267802586874e-15
5.2192886926053275 2.104612210416212e-15
5.217092484250701 4.1304663324098036e-14
5.2148981233902045 2.1045565935798372e-15
5.212705607693593 2.443697845988862e-15
5.210514934834541 2.101518100047977e-15
5.208326102490633 2.298842325326019e-15
5.206139108343353 2.0967648752676764e-15
5.203953950078074 2.0943203850691815e-15
5.201770625384061 2.0931384197574712e-15
5.199589131954449 2.091950754568027e-15
5.197409467486241 2.0907615586313253e-15
5.195231629680307 2.0895492329901062e-15
5.1930556162413595 2.088844402063211e-15
5.190881424877963 2.0898993322780327e-15
5.188709053302512 2.0924062722116645e-15
5.186538499231232 7.073637202696431e-15
5.184369760384169 2.0895575835810337e-15
5.182202834485178 2.0825365759073107e-15
5.180037719261919 2.0812507133102212e-15
5.177874412445849 2.0805844884829585e-15
5.175712911772211 2.0791346722051623e-15
5.173553214980031 2.078234823993917e-15
5.171395319812104 2.077411496787785e-15
5.1692392240149925 2.0769164104973497e-15
5.1670849253390125 2.0775780605883124e-15
5.16493242153823 2.0795764468807982e-15
5.162781710370454 5.365492687241214e-15
5.160632789597222 2.0768406726938495e-15
5.1584856569838005 2.072349982399748e-15
5.156340310299173 2.0715341727542885e-15
5.154196747316032 2.070768589852272e-15
5.152054965810772 2.0702041866763717e-15
5.149914963563483 2.0689174714338195e-15
5.147776738357942 2.069626450019452e-15
5.145640287981602 3.932164295957017e-15
5.143505610225594 2.0679201207895483e-15
5.141372702884705 2.067132550262169e-15
5.139241563757383 2.071882217952019e-15
5.137112190645725 2.0673597532006092e-15
5.134984581355467 3.694225030928111e-15
5.132858733695981 2.6718009293274965e-15
5.1307346454802625 2.081766559126948e-15
5.128612314524927 2.1847134265815988e-15
5.126491738650203 2.168856828548737e-15
5.124372915679918 2.0612563873478226e-15
5.1222558434415 2.195299771812593e-15
5.120140519765964 2.060017080691348e-15
5.118026942487906 2.0594181845109e-15
5.115915109445497 2.0589347714132428e-15
5.113805018480476 2.0582146082629397e-15
5.111696667438137 2.0577780259329243e-15
5.109590054167331 2.0569651516321683e-15
5.107485176520449 2.058339501009194e-15
5.105382032353424 2.074637967317048e-15
5.103280619525714 1.77318054169524e-14
5.101180935900304 1.0209138587327735e-13
5.0990829793436925 1.3867363596035837e-14
5.096986747725887 2.1020907577210898e-15
5.094892238920395 2.063561119121316e-15
5.092799450804221 4.7269182435578016e-15
5.090708381257851 2.070656400938144e-15
5.088619028165257 2.3000542259884482e-15
5.086531389413878 6.321604222079603e-15
5.084445462894621 6.4713855835218605e-15
5.082361246501851 2.131596006017506e-15
5.080278738133384 2.1823297585398987e-15
5.078197935690478 2.4098813198299356e-15
5.076118837077833 2.2096533821844668e-15
5.074041440203574 2.4111389603317824e-15
5.071965742979252 2.4749720202689074e-15
5.069891743319833 3.5050404700023407e-15
5.067819439143691 3.0101628407427972e-15
5.065748828372604 4.3040572462373196e-14
5.063679908931745 2.0704388641840862e-14
5.061612678749672 5.357132231549513e-15
5.0595471357583275 2.3163413162725264e-15
5.057483277893028 3.7425315179030715e-15
5.055421103092456 2.115160353885318e-15
5.0533606092986565 2.1307649125451878e-15
5.051301794457028 2.2943881440253175e-15
5.049244656516312 1.8138716800769748e-14
5.047189193428597 7.696782879872924e-15
5.045135403149299 2.273279106831048e-15
5.043083283637164 2.2304698355065274e-14
5.0410328328542535 1.598901719136924e-14
5.038984048765949 2.033289149004516e-13
5.036936929340932 3.5378273690420967e-15
5.034891472551188 2.1000299141126407e-15
5.032847676371992 2.0940157625587867e-15
5.030805538781905 2.091951050520335e-15
5.028765057762772 2.1175139106350063e-15
5.026726231299707 2.1968636972483487e-15
5.024689057381092 2.1047077297644665e-15
5.022653533998567 2.0923445276141667e-15
5.020619659147026 2.1021616233851902e-15
5.01858743082461 2.089828316980472e-15
5.016556847032699 2.0858724969585705e-15
5.014527905775908 2.0867252898439818e-15
5.012500605062075 2.0942860574731818e-15
5.010474942902265 2.0897729427001805e-15
5.008450917310749 2.0848247883569756e-15
5.006428526305012 2.0827753790116527e-15
5.004407767905734 2.0820038037835276e-15
5.002388640136796 2.0813811177564426e-15
5.0003711410252585 2.080741317070211e-15
4.9983552686013715 2.0801031152169035e-15
4.996341020898557 2.0803013576984404e-15
4.994328395953405 2.0833922888762113e-15
4.992317391805666 2.081458404136236e-15
4.990308006498251 2.0917106795680435e-15
4.988300238077219 2.081795230122957e-15
4.98629408459177 2.1613930883732608e-15
4.984289544094245 2.0811966581870274e-15
4.982286614640111 2.0762294686879333e-15
4.980285294287962 2.0749241714036023e-15
4.978285581099511 2.073528646992505e-15
4.976287473139582 2.072726946211428e-15
4.974290968476104 2.0720222943720676e-15
4.972296065180102 2.0761889191800924e-15
4.970302761325703 2.102960299910432e-15
4.968311054990113 2.104118821285194e-15
4.9663209442536225 2.075089323883811e-15
4.9643324271995946 2.0760189447308513e-15
4.962345501914462 2.0688215535804622e-15
4.96036016648772 2.0669302500458934e-15
