WAVELENGTH FLUX
100.5 nan
101.5 nan
102.5 nan
103.5 nan
104.5 nan
105.5 nan
106.5 nan
107.5 nan
108.5 nan
109.5 nan
110.5 nan
111.5 nan
112.5 nan
113.5 nan
114.5 nan
115.5 nan
116.5 nan
117.5 nan
118.5 nan
119.5 nan
120.5 nan
121.5 nan
122.5 nan
123.5 nan
124.5 nan
125.5 nan
126.5 nan
127.5 nan
128.5 nan
129.5 nan
130.5 nan
131.5 nan
132.5 nan
133.5 nan
134.5 nan
135.5 nan
136.5 nan
137.5 nan
138.5 nan
139.5 nan
140.5 nan
141.5 nan
142.5 nan
143.5 nan
144.5 nan
145.5 nan
146.5 nan
147.5 nan
148.5 nan
149.5 nan
150.5 1.9287023883111288e-14
151.5 1.9287023883111288e-14
152.5 1.9287023883111288e-14
153.5 1.9287023883111288e-14
154.5 1.9287023883111288e-14
155.5 1.9287023883111288e-14
156.5 1.9287023883111288e-14
157.5 1.9287023883111288e-14
158.5 1.9287023883111288e-14
159.5 1.9287023883111288e-14
160.5 1.9287023883111288e-14
161.5 1.9287023883111288e-14
162.5 1.9287023883111288e-14
163.5 1.9287023883111288e-14
164.5 1.9287023883111288e-14
165.5 1.9287023883111288e-14
166.5 1.9287023883111288e-14
167.5 1.9287023883111288e-14
168.5 1.9287023883111288e-14
169.5 1.9287023883111288e-14
170.5 1.9287023883111288e-14
171.5 1.9287023883111288e-14
172.5 1.9287023883111288e-14
173.5 1.9287023883111288e-14
174.5 1.9287023883111288e-14
175.5 1.9287023883111288e-14
176.5 1.9287023883111288e-14
177.5 1.9287023883111288e-14
178.5 1.9287023883111288e-14
179.5 1.9287023883111288e-14
180.5 1.9287023883111288e-14
181.5 1.9287023883111288e-14
182.5 1.9287023883111288e-14
183.5 1.9287023883111288e-14
184.5 1.9287023883111288e-14
185.5 1.9287023883111288e-14
186.5 1.9287023883111288e-14
187.5 1.9287023883111288e-14
188.5 1.9287023883111288e-14
189.5 1.9287023883111288e-14
190.5 1.9287023883111288e-14
191.5 1.9287023883111288e-14
192.5 1.9287023883111288e-14
193.5 1.9287023883111288e-14
194.5 1.9287023883111288e-14
195.5 1.9287023883111288e-14
196.5 1.9287023883111288e-14
197.5 1.9287023883111288e-14
198.5 1.9287023883111288e-14
199.5 1.9287023883111288e-14
200.5 1.691473578290549e-14
201.5 1.691473578290549e-14
202.5 1.691473578290549e-14
203.5 1.691473578290549e-14
204.5 1.691473578290549e-14
205.5 1.691473578290549e-14
206.5 1.691473578290549e-14
207.5 1.691473578290549e-14
208.5 1.691473578290549e-14
209.5 1.691473578290549e-14
210.5 1.691473578290549e-14
211.5 1.691473578290549e-14
212.5 1.691473578290549e-14
213.5 1.691473578290549e-14
214.5 1.691473578290549e-14
215.5 1.691473578290549e-14
216.5 1.691473578290549e-14
217.5 1.691473578290549e-14
218.5 1.691473578290549e-14
219.5 1.691473578290549e-14
220.5 1.691473578290549e-14
221.5 1.691473578290549e-14
222.5 1.691473578290549e-14
223.5 1.691473578290549e-14
224.5 1.691473578290549e-14
225.5 1.691473578290549e-14
226.5 1.691473578290549e-14
227.5 1.691473578290549e-14
228.5 1.691473578290549e-14
229.5 1.691473578290549e-14
230.5 1.691473578290549e-14
231.5 1.691473578290549e-14
232.5 1.691473578290549e-14
233.5 1.691473578290549e-14
234.5 1.691473578290549e-14
235.5 1.691473578290549e-14
236.5 1.691473578290549e-14
237.5 1.691473578290549e-14
238.5 1.691473578290549e-14
239.5 1.691473578290549e-14
240.5 1.691473578290549e-14
241.5 1.691473578290549e-14
242.5 1.691473578290549e-14
243.5 1.691473578290549e-14
244.5 1.691473578290549e-14
245.5 1.691473578290549e-14
246.5 1.691473578290549e-14
247.5 1.691473578290549e-14
248.5 1.691473578290549e-14
249.5 1.691473578290549e-14
250.5 1.691473578290549e-14
251.5 1.691473578290549e-14
252.5 1.691473578290549e-14
253.5 1.691473578290549e-14
254.5 1.691473578290549e-14
255.5 1.691473578290549e-14
256.5 1.691473578290549e-14
257.5 1.691473578290549e-14
258.5 1.691473578290549e-14
259.5 1.691473578290549e-14
260.5 1.691473578290549e-14
261.5 1.691473578290549e-14
262.5 1.691473578290549e-14
263.5 1.691473578290549e-14
264.5 1.691473578290549e-14
265.5 1.691473578290549e-14
266.5 1.691473578290549e-14
267.5 1.691473578290549e-14
268.5 1.691473578290549e-14
269.5 1.691473578290549e-14
270.5 1.691473578290549e-14
271.5 1.691473578290549e-14
272.5 1.691473578290549e-14
273.5 1.691473578290549e-14
274.5 1.691473578290549e-14
275.5 1.691473578290549e-14
276.5 1.691473578290549e-14
277.5 1.691473578290549e-14
278.5 1.691473578290549e-14
279.5 1.691473578290549e-14
280.5 1.691473578290549e-14
281.5 1.691473578290549e-14
282.5 1.691473578290549e-14
283.5 1.691473578290549e-14
284.5 1.691473578290549e-14
285.5 1.691473578290549e-14
286.5 1.691473578290549e-14
287.5 1.691473578290549e-14
288.5 1.691473578290549e-14
289.5 1.691473578290549e-14
290.5 1.691473578290549e-14
291.5 1.691473578290549e-14
292.5 1.691473578290549e-14
293.5 1.691473578290549e-14
294.5 1.691473578290549e-14
295.5 1.691473578290549e-14
296.5 1.691473578290549e-14
297.5 1.691473578290549e-14
298.5 1.691473578290549e-14
299.5 1.691473578290549e-14
300.5 1.4937063190774485e-14
301.5 1.4937063190774485e-14
302.5 1.4937063190774485e-14
303.5 1.4937063190774485e-14
304.5 1.4937063190774485e-14
305.5 1.4937063190774485e-14
306.5 1.4937063190774485e-14
307.5 1.4937063190774485e-14
308.5 1.4937063190774485e-14
309.5 1.4937063190774485e-14
310.5 1.4937063190774485e-14
311.5 1.4937063190774485e-14
312.5 1.4937063190774485e-14
313.5 1.4937063190774485e-14
314.5 1.4937063190774485e-14
315.5 1.4937063190774485e-14
316.5 1.4937063190774485e-14
317.5 1.4937063190774485e-14
318.5 1.4937063190774485e-14
319.5 1.4937063190774485e-14
320.5 1.4937063190774485e-14
321.5 1.4937063190774485e-14
322.5 1.4937063190774485e-14
323.5 1.4937063190774485e-14
324.5 1.4937063190774485e-14
325.5 1.4937063190774485e-14
326.5 1.4937063190774485e-14
327.5 1.4937063190774485e-14
328.5 1.4937063190774485e-14
329.5 1.4937063190774485e-14
330.5 1.4937063190774485e-14
331.5 1.4937063190774485e-14
332.5 1.4937063190774485e-14
333.5 1.4937063190774485e-14
334.5 1.4937063190774485e-14
335.5 1.4937063190774485e-14
336.5 1.4937063190774485e-14
337.5 1.4937063190774485e-14
338.5 1.4937063190774485e-14
339.5 1.4937063190774485e-14
340.5 1.4937063190774485e-14
341.5 1.4937063190774485e-14
342.5 1.4937063190774485e-14
343.5 1.4937063190774485e-14
344.5 1.4937063190774485e-14
345.5 1.4937063190774485e-14
346.5 1.4937063190774485e-14
347.5 1.4937063190774485e-14
348.5 1.4937063190774485e-14
349.5 1.4937063190774485e-14
350.5 1.4937063190774485e-14
351.5 1.4937063190774485e-14
352.5 1.4937063190774485e-14
353.5 1.4937063190774485e-14
354.5 1.4937063190774485e-14
355.5 1.4937063190774485e-14
356.5 1.4937063190774485e-14
357.5 1.4937063190774485e-14
358.5 1.4937063190774485e-14
359.5 1.4937063190774485e-14
360.5 1.4937063190774485e-14
361.5 1.4937063190774485e-14
362.5 1.4937063190774485e-14
363.5 1.4937063190774485e-14
364.5 1.4937063190774485e-14
365.5 1.4937063190774485e-14
366.5 1.4937063190774485e-14
367.5 1.4937063190774485e-14
368.5 1.4937063190774485e-14
369.5 1.4937063190774485e-14
370.5 1.4937063190774485e-14
371.5 1.4937063190774485e-14
372.5 1.4937063190774485e-14
373.5 1.4937063190774485e-14
374.5 1.4937063190774485e-14
375.5 1.4937063190774485e-14
376.5 1.4937063190774485e-14
377.5 1.4937063190774485e-14
378.5 1.4937063190774485e-14
379.5 1.4937063190774485e-14
380.5 1.4937063190774485e-14
381.5 1.4937063190774485e-14
382.5 1.4937063190774485e-14
383.5 1.4937063190774485e-14
384.5 1.4937063190774485e-14
385.5 1.4937063190774485e-14
386.5 1.4937063190774485e-14
387.5 1.4937063190774485e-14
388.5 1.4937063190774485e-14
389.5 1.4937063190774485e-14
390.5 1.4937063190774485e-14
391.5 1.4937063190774485e-14
392.5 1.4937063190774485e-14
393.5 1.4937063190774485e-14
394.5 1.4937063190774485e-14
395.5 1.4937063190774485e-14
396.5 1.4937063190774485e-14
397.5 1.4937063190774485e-14
398.5 1.4937063190774485e-14
399.5 1.4937063190774485e-14
400.5 4.653994153465216e-16
401.5 4.653994153465216e-16
402.5 4.653994153465216e-16
403.5 4.653994153465216e-16
404.5 4.653994153465216e-16
405.5 4.653994153465216e-16
406.5 4.653994153465216e-16
407.5 4.653994153465216e-16
408.5 4.653994153465216e-16
409.5 4.653994153465216e-16
410.5 4.653994153465216e-16
411.5 4.653994153465216e-16
412.5 4.653994153465216e-16
413.5 4.653994153465216e-16
414.5 4.653994153465216e-16
415.5 4.653994153465216e-16
416.5 4.653994153465216e-16
417.5 4.653994153465216e-16
418.5 4.653994153465216e-16
419.5 4.653994153465216e-16
420.5 4.653994153465216e-16
421.5 4.653994153465216e-16
422.5 4.653994153465216e-16
423.5 4.653994153465216e-16
424.5 4.653994153465216e-16
425.5 4.653994153465216e-16
426.5 4.653994153465216e-16
427.5 4.653994153465216e-16
428.5 4.653994153465216e-16
429.5 4.653994153465216e-16
430.5 4.653994153465216e-16
431.5 4.653994153465216e-16
432.5 4.653994153465216e-16
433.5 4.653994153465216e-16
434.5 4.653994153465216e-16
435.5 4.653994153465216e-16
436.5 4.653994153465216e-16
437.5 4.653994153465216e-16
438.5 4.653994153465216e-16
439.5 4.653994153465216e-16
440.5 4.653994153465216e-16
441.5 4.653994153465216e-16
442.5 4.653994153465216e-16
443.5 4.653994153465216e-16
444.5 4.653994153465216e-16
445.5 4.653994153465216e-16
446.5 4.653994153465216e-16
447.5 4.653994153465216e-16
448.5 4.653994153465216e-16
449.5 4.653994153465216e-16
450.5 4.653994153465216e-16
451.5 4.653994153465216e-16
452.5 4.653994153465216e-16
453.5 4.653994153465216e-16
454.5 4.653994153465216e-16
455.5 4.653994153465216e-16
456.5 4.653994153465216e-16
457.5 4.653994153465216e-16
458.5 4.653994153465216e-16
459.5 4.653994153465216e-16
460.5 4.653994153465216e-16
461.5 4.653994153465216e-16
462.5 4.653994153465216e-16
463.5 4.653994153465216e-16
464.5 4.653994153465216e-16
465.5 4.653994153465216e-16
466.5 4.653994153465216e-16
467.5 4.653994153465216e-16
468.5 4.653994153465216e-16
469.5 4.653994153465216e-16
470.5 4.653994153465216e-16
471.5 4.653994153465216e-16
472.5 4.653994153465216e-16
473.5 4.653994153465216e-16
474.5 4.653994153465216e-16
475.5 4.653994153465216e-16
476.5 4.653994153465216e-16
477.5 4.653994153465216e-16
478.5 4.653994153465216e-16
479.5 4.653994153465216e-16
480.5 4.653994153465216e-16
481.5 4.653994153465216e-16
482.5 4.653994153465216e-16
483.5 4.653994153465216e-16
484.5 4.653994153465216e-16
485.5 4.653994153465216e-16
486.5 4.653994153465216e-16
487.5 4.653994153465216e-16
488.5 4.653994153465216e-16
489.5 4.653994153465216e-16
490.5 4.653994153465216e-16
491.5 4.653994153465216e-16
492.5 4.653994153465216e-16
493.5 4.653994153465216e-16
494.5 4.653994153465216e-16
495.5 4.653994153465216e-16
496.5 4.653994153465216e-16
497.5 4.653994153465216e-16
498.5 4.653994153465216e-16
499.5 4.653994153465216e-16
500.5 1.2293149724207285e-15
501.5 1.2293149724207285e-15
502.5 1.2293149724207285e-15
503.5 1.2293149724207285e-15
504.5 1.2293149724207285e-15
505.5 1.2293149724207285e-15
506.5 1.2293149724207285e-15
507.5 1.2293149724207285e-15
508.5 1.2293149724207285e-15
509.5 1.2293149724207285e-15
510.5 1.2293149724207285e-15
511.5 1.2293149724207285e-15
512.5 1.2293149724207285e-15
513.5 1.2293149724207285e-15
514.5 1.2293149724207285e-15
515.5 1.2293149724207285e-15
516.5 1.2293149724207285e-15
517.5 1.2293149724207285e-15
518.5 1.2293149724207285e-15
519.5 1.2293149724207285e-15
520.5 1.2293149724207285e-15
521.5 1.2293149724207285e-15
522.5 1.2293149724207285e-15
523.5 1.2293149724207285e-15
524.5 1.2293149724207285e-15
525.5 1.2293149724207285e-15
526.5 1.2293149724207285e-15
527.5 1.2293149724207285e-15
528.5 1.2293149724207285e-15
529.5 1.2293149724207285e-15
530.5 1.2293149724207285e-15
531.5 1.2293149724207285e-15
532.5 1.2293149724207285e-15
533.5 1.2293149724207285e-15
534.5 1.2293149724207285e-15
535.5 1.2293149724207285e-15
536.5 1.2293149724207285e-15
537.5 1.2293149724207285e-15
538.5 1.2293149724207285e-15
539.5 1.2293149724207285e-15
540.5 1.2293149724207285e-15
541.5 1.2293149724207285e-15
542.5 1.2293149724207285e-15
543.5 1.2293149724207285e-15
544.5 1.2293149724207285e-15
545.5 1.2293149724207285e-15
546.5 1.2293149724207285e-15
547.5 1.2293149724207285e-15
548.5 1.2293149724207285e-15
549.5 1.2293149724207285e-15
550.5 1.2293149724207285e-15
551.5 1.2293149724207285e-15
552.5 1.2293149724207285e-15
553.5 1.2293149724207285e-15
554.5 1.2293149724207285e-15
555.5 1.2293149724207285e-15
556.5 1.2293149724207285e-15
557.5 1.2293149724207285e-15
558.5 1.2293149724207285e-15
559.5 1.2293149724207285e-15
560.5 1.2293149724207285e-15
561.5 1.2293149724207285e-15
562.5 1.2293149724207285e-15
563.5 1.2293149724207285e-15
564.5 1.2293149724207285e-15
565.5 1.2293149724207285e-15
566.5 1.2293149724207285e-15
567.5 1.2293149724207285e-15
568.5 1.2293149724207285e-15
569.5 1.2293149724207285e-15
570.5 1.2293149724207285e-15
571.5 1.2293149724207285e-15
572.5 1.2293149724207285e-15
573.5 1.2293149724207285e-15
574.5 1.2293149724207285e-15
575.5 1.2293149724207285e-15
576.5 1.2293149724207285e-15
577.5 1.2293149724207285e-15
578.5 1.2293149724207285e-15
579.5 1.2293149724207285e-15
580.5 1.2293149724207285e-15
581.5 1.2293149724207285e-15
582.5 1.2293149724207285e-15
583.5 1.2293149724207285e-15
584.5 1.2293149724207285e-15
585.5 1.2293149724207285e-15
586.5 1.2293149724207285e-15
587.5 1.2293149724207285e-15
588.5 1.2293149724207285e-15
589.5 1.2293149724207285e-15
590.5 1.2293149724207285e-15
591.5 1.2293149724207285e-15
592.5 1.2293149724207285e-15
593.5 1.2293149724207285e-15
594.5 1.2293149724207285e-15
595.5 1.2293149724207285e-15
596.5 1.2293149724207285e-15
597.5 1.2293149724207285e-15
598.5 1.2293149724207285e-15
599.5 1.2293149724207285e-15
600.5 1.068758899125919e-15
601.5 1.068758899125919e-15
602.5 1.068758899125919e-15
603.5 1.068758899125919e-15
604.5 1.068758899125919e-15
605.5 1.068758899125919e-15
606.5 1.068758899125919e-15
607.5 1.068758899125919e-15
608.5 1.068758899125919e-15
609.5 1.068758899125919e-15
610.5 1.068758899125919e-15
611.5 1.068758899125919e-15
612.5 1.068758899125919e-15
613.5 1.068758899125919e-15
614.5 1.068758899125919e-15
615.5 1.068758899125919e-15
616.5 1.068758899125919e-15
617.5 1.068758899125919e-15
618.5 1.068758899125919e-15
619.5 1.068758899125919e-15
620.5 1.068758899125919e-15
621.5 1.068758899125919e-15
622.5 1.068758899125919e-15
623.5 1.068758899125919e-15
624.5 1.068758899125919e-15
625.5 1.068758899125919e-15
626.5 1.068758899125919e-15
627.5 1.068758899125919e-15
628.5 1.068758899125919e-15
629.5 1.068758899125919e-15
630.5 1.068758899125919e-15
631.5 1.068758899125919e-15
632.5 1.068758899125919e-15
633.5 1.068758899125919e-15
634.5 1.068758899125919e-15
635.5 1.068758899125919e-15
636.5 1.068758899125919e-15
637.5 1.068758899125919e-15
638.5 1.068758899125919e-15
639.5 1.068758899125919e-15
640.5 1.068758899125919e-15
641.5 1.068758899125919e-15
642.5 1.068758899125919e-15
643.5 1.068758899125919e-15
644.5 1.068758899125919e-15
645.5 1.068758899125919e-15
646.5 1.068758899125919e-15
647.5 1.068758899125919e-15
648.5 1.068758899125919e-15
649.5 1.068758899125919e-15
650.5 1.068758899125919e-15
651.5 1.068758899125919e-15
652.5 1.068758899125919e-15
653.5 1.068758899125919e-15
654.5 1.068758899125919e-15
655.5 1.068758899125919e-15
656.5 1.068758899125919e-15
657.5 1.068758899125919e-15
658.5 1.068758899125919e-15
659.5 1.068758899125919e-15
660.5 1.068758899125919e-15
661.5 1.068758899125919e-15
662.5 1.068758899125919e-15
663.5 1.068758899125919e-15
664.5 1.068758899125919e-15
665.5 1.068758899125919e-15
666.5 1.068758899125919e-15
667.5 1.068758899125919e-15
668.5 1.068758899125919e-15
669.5 1.068758899125919e-15
670.5 1.068758899125919e-15
671.5 1.068758899125919e-15
672.5 1.068758899125919e-15
673.5 1.068758899125919e-15
674.5 1.068758899125919e-15
675.5 1.068758899125919e-15
676.5 1.068758899125919e-15
677.5 1.068758899125919e-15
678.5 1.068758899125919e-15
679.5 1.068758899125919e-15
680.5 1.068758899125919e-15
681.5 1.068758899125919e-15
682.5 1.068758899125919e-15
683.5 1.068758899125919e-15
684.5 1.068758899125919e-15
685.5 1.068758899125919e-15
686.5 1.068758899125919e-15
687.5 1.068758899125919e-15
688.5 1.068758899125919e-15
689.5 1.068758899125919e-15
690.5 1.068758899125919e-15
691.5 1.068758899125919e-15
692.5 1.068758899125919e-15
693.5 1.068758899125919e-15
694.5 1.068758899125919e-15
695.5 1.068758899125919e-15
696.5 1.068758899125919e-15
697.5 1.068758899125919e-15
698.5 1.068758899125919e-15
699.5 1.068758899125919e-15
700.5 1.7981457996100122e-15
701.5 1.7981457996100122e-15
702.5 1.7981457996100122e-15
703.5 1.7981457996100122e-15
704.5 1.7981457996100122e-15
705.5 1.7981457996100122e-15
706.5 1.7981457996100122e-15
707.5 1.7981457996100122e-15
708.5 1.7981457996100122e-15
709.5 1.7981457996100122e-15
710.5 1.7981457996100122e-15
711.5 1.7981457996100122e-15
712.5 1.7981457996100122e-15
713.5 1.7981457996100122e-15
714.5 1.7981457996100122e-15
715.5 1.7981457996100122e-15
716.5 1.7981457996100122e-15
717.5 1.7981457996100122e-15
718.5 1.7981457996100122e-15
719.5 1.7981457996100122e-15
720.5 1.7981457996100122e-15
721.5 1.7981457996100122e-15
722.5 1.7981457996100122e-15
723.5 1.7981457996100122e-15
724.5 1.7981457996100122e-15
725.5 1.7981457996100122e-15
726.5 1.7981457996100122e-15
727.5 1.7981457996100122e-15
728.5 1.7981457996100122e-15
729.5 1.7981457996100122e-15
730.5 1.7981457996100122e-15
731.5 1.7981457996100122e-15
732.5 1.7981457996100122e-15
733.5 1.7981457996100122e-15
734.5 1.7981457996100122e-15
735.5 1.7981457996100122e-15
736.5 1.7981457996100122e-15
737.5 1.7981457996100122e-15
738.5 1.7981457996100122e-15
739.5 1.7981457996100122e-15
740.5 1.7981457996100122e-15
741.5 1.7981457996100122e-15
742.5 1.7981457996100122e-15
743.5 1.7981457996100122e-15
744.5 1.7981457996100122e-15
745.5 1.7981457996100122e-15
746.5 1.7981457996100122e-15
747.5 1.7981457996100122e-15
748.5 1.7981457996100122e-15
749.5 1.7981457996100122e-15
750.5 1.7981457996100122e-15
751.5 1.7981457996100122e-15
752.5 1.7981457996100122e-15
753.5 1.7981457996100122e-15
754.5 1.7981457996100122e-15
755.5 1.7981457996100122e-15
756.5 1.7981457996100122e-15
757.5 1.7981457996100122e-15
758.5 1.7981457996100122e-15
759.5 1.7981457996100122e-15
760.5 1.7981457996100122e-15
761.5 1.7981457996100122e-15
762.5 1.7981457996100122e-15
763.5 1.7981457996100122e-15
764.5 1.7981457996100122e-15
765.5 1.7981457996100122e-15
766.5 1.7981457996100122e-15
767.5 1.7981457996100122e-15
768.5 1.7981457996100122e-15
769.5 1.7981457996100122e-15
770.5 1.7981457996100122e-15
771.5 1.7981457996100122e-15
772.5 1.7981457996100122e-15
773.5 1.7981457996100122e-15
774.5 1.7981457996100122e-15
775.5 1.7981457996100122e-15
776.5 1.7981457996100122e-15
777.5 1.7981457996100122e-15
778.5 1.7981457996100122e-15
779.5 1.7981457996100122e-15
780.5 1.7981457996100122e-15
781.5 1.7981457996100122e-15
782.5 1.7981457996100122e-15
783.5 1.7981457996100122e-15
784.5 1.7981457996100122e-15
785.5 1.7981457996100122e-15
786.5 1.7981457996100122e-15
787.5 1.7981457996100122e-15
788.5 1.7981457996100122e-15
789.5 1.7981457996100122e-15
790.5 1.7981457996100122e-15
791.5 1.7981457996100122e-15
792.5 1.7981457996100122e-15
793.5 1.7981457996100122e-15
794.5 1.7981457996100122e-15
795.5 1.7981457996100122e-15
796.5 1.7981457996100122e-15
797.5 1.7981457996100122e-15
798.5 1.7981457996100122e-15
799.5 1.7981457996100122e-15
800.5 1.7981457996100122e-15
801.5 1.7981457996100122e-15
802.5 1.7981457996100122e-15
803.5 2.9210350555834797e-15
804.5 2.9210350555834797e-15
805.5 2.9210350555834797e-15
806.5 2.9210350555834797e-15
807.5 2.9210350555834797e-15
808.5 2.9210350555834797e-15
809.5 2.9210350555834797e-15
810.5 2.9210350555834797e-15
811.5 2.9210350555834797e-15
812.5 2.9210350555834797e-15
813.5 2.9210350555834797e-15
814.5 2.9210350555834797e-15
815.5 2.9210350555834797e-15
816.5 2.9210350555834797e-15
817.5 2.9210350555834797e-15
818.5 2.9210350555834797e-15
819.5 2.9210350555834797e-15
820.5 2.9210350555834797e-15
821.5 2.9210350555834797e-15
822.5 2.9210350555834797e-15
823.5 2.9210350555834797e-15
824.5 2.9210350555834797e-15
825.5 2.9210350555834797e-15
826.5 2.9210350555834797e-15
827.5 2.9210350555834797e-15
828.5 2.9210350555834797e-15
829.5 2.9210350555834797e-15
830.5 2.9210350555834797e-15
831.5 2.9210350555834797e-15
832.5 2.9210350555834797e-15
833.5 2.9210350555834797e-15
834.5 2.9210350555834797e-15
835.5 2.9210350555834797e-15
836.5 2.9210350555834797e-15
837.5 2.9210350555834797e-15
838.5 2.9210350555834797e-15
839.5 2.9210350555834797e-15
840.5 2.9210350555834797e-15
841.5 2.9210350555834797e-15
842.5 2.9210350555834797e-15
843.5 2.9210350555834797e-15
844.5 2.9210350555834797e-15
845.5 2.9210350555834797e-15
846.5 2.9210350555834797e-15
847.5 2.9210350555834797e-15
848.5 2.9210350555834797e-15
849.5 2.9210350555834797e-15
850.5 2.9210350555834797e-15
851.5 2.9210350555834797e-15
852.5 2.9210350555834797e-15
853.5 2.9210350555834797e-15
854.5 2.9210350555834797e-15
855.5 2.9210350555834797e-15
856.5 2.9210350555834797e-15
857.5 2.9210350555834797e-15
858.5 2.9210350555834797e-15
859.5 2.9210350555834797e-15
860.5 2.9210350555834797e-15
861.5 2.9210350555834797e-15
862.5 2.9210350555834797e-15
863.5 2.9210350555834797e-15
864.5 2.9210350555834797e-15
865.5 2.9210350555834797e-15
866.5 2.9210350555834797e-15
867.5 2.9210350555834797e-15
868.5 2.9210350555834797e-15
869.5 2.9210350555834797e-15
870.5 2.9210350555834797e-15
871.5 2.9210350555834797e-15
872.5 2.9210350555834797e-15
873.5 2.9210350555834797e-15
874.5 2.9210350555834797e-15
875.5 2.9210350555834797e-15
876.5 2.9210350555834797e-15
877.5 2.9210350555834797e-15
878.5 2.9210350555834797e-15
879.5 2.9210350555834797e-15
880.5 2.9210350555834797e-15
881.5 2.9210350555834797e-15
882.5 2.9210350555834797e-15
883.5 2.9210350555834797e-15
884.5 2.9210350555834797e-15
885.5 2.9210350555834797e-15
886.5 2.9210350555834797e-15
887.5 2.9210350555834797e-15
888.5 2.9210350555834797e-15
889.5 2.9210350555834797e-15
890.5 2.9210350555834797e-15
891.5 2.9210350555834797e-15
892.5 2.9210350555834797e-15
893.5 2.9210350555834797e-15
894.5 2.9210350555834797e-15
895.5 2.9210350555834797e-15
896.5 2.9210350555834797e-15
897.5 2.9210350555834797e-15
898.5 2.9210350555834797e-15
899.5 2.9210350555834797e-15
900.5 2.9210350555834797e-15
901.5 2.9210350555834797e-15
902.5 2.9210350555834797e-15
903.5 2.9210350555834797e-15
904.5 2.9210350555834797e-15
905.5 2.9210350555834797e-15
906.5 2.9210350555834797e-15
907.5 2.9210350555834797e-15
908.5 2.9210350555834797e-15
909.5 2.9210350555834797e-15
910.5 2.9210350555834797e-15
911.5 2.9210350555834797e-15
912.5 2.9210350555834797e-15
913.5 2.9210350555834797e-15
914.5 2.9210350555834797e-15
915.5 2.9210350555834797e-15
916.5 2.9210350555834797e-15
917.5 2.9210350555834797e-15
918.5 2.9210350555834797e-15
919.5 2.9210350555834797e-15
920.5 2.9210350555834797e-15
921.5 2.9210350555834797e-15
922.5 2.9210350555834797e-15
923.5 2.9210350555834797e-15
924.5 2.9210350555834797e-15
925.5 2.9210350555834797e-15
926.5 2.9210350555834797e-15
927.5 2.9210350555834797e-15
928.5 2.9210350555834797e-15
929.5 2.9210350555834797e-15
930.5 2.9210350555834797e-15
931.5 2.9210350555834797e-15
932.5 2.9210350555834797e-15
933.5 2.9210350555834797e-15
934.5 2.9210350555834797e-15
935.5 2.9210350555834797e-15
936.5 2.9210350555834797e-15
937.5 2.9210350555834797e-15
938.5 2.9210350555834797e-15
939.5 2.9210350555834797e-15
940.5 2.9210350555834797e-15
941.5 2.9210350555834797e-15
942.5 2.9210350555834797e-15
943.5 2.9210350555834797e-15
944.5 2.9210350555834797e-15
945.5 2.9210350555834797e-15
946.5 2.9210350555834797e-15
947.5 2.9210350555834797e-15
948.5 2.9210350555834797e-15
949.5 2.5550257399226017e-15
950.5 2.5550257399226017e-15
951.5 2.5550257399226017e-15
952.5 2.5550257399226017e-15
953.5 2.5550257399226017e-15
954.5 2.5550257399226017e-15
955.5 2.5550257399226017e-15
956.5 2.5550257399226017e-15
957.5 2.5550257399226017e-15
958.5 2.5550257399226017e-15
959.5 2.5550257399226017e-15
960.5 2.5550257399226017e-15
961.5 2.5550257399226017e-15
962.5 2.5550257399226017e-15
963.5 2.5550257399226017e-15
964.5 2.5550257399226017e-15
965.5 2.5550257399226017e-15
966.5 2.5550257399226017e-15
967.5 2.5550257399226017e-15
968.5 2.5550257399226017e-15
969.5 2.5550257399226017e-15
970.5 2.5550257399226017e-15
971.5 2.5550257399226017e-15
972.5 2.5550257399226017e-15
973.5 2.5550257399226017e-15
974.5 2.5550257399226017e-15
975.5 2.5550257399226017e-15
976.5 2.5550257399226017e-15
977.5 2.5550257399226017e-15
978.5 2.5550257399226017e-15
979.5 2.5550257399226017e-15
980.5 2.5550257399226017e-15
981.5 2.5550257399226017e-15
982.5 2.5550257399226017e-15
983.5 2.5550257399226017e-15
984.5 2.5550257399226017e-15
985.5 2.5550257399226017e-15
986.5 2.5550257399226017e-15
987.5 2.5550257399226017e-15
988.5 2.5550257399226017e-15
989.5 2.5550257399226017e-15
990.5 2.5550257399226017e-15
991.5 2.5550257399226017e-15
992.5 2.5550257399226017e-15
993.5 2.5550257399226017e-15
994.5 2.5550257399226017e-15
995.5 2.5550257399226017e-15
996.5 2.5550257399226017e-15
997.5 2.5550257399226017e-15
998.5 2.5550257399226017e-15
999.5 2.5550257399226017e-15
1000.5 2.5550257399226017e-15
1001.5 2.5550257399226017e-15
1002.5 2.5550257399226017e-15
1003.5 2.5550257399226017e-15
1004.5 2.5550257399226017e-15
1005.5 2.5550257399226017e-15
1006.5 2.5550257399226017e-15
1007.5 2.5550257399226017e-15
1008.5 2.5550257399226017e-15
1009.5 2.5550257399226017e-15
1010.5 2.5550257399226017e-15
1011.5 2.5550257399226017e-15
1012.5 2.5550257399226017e-15
1013.5 2.5550257399226017e-15
1014.5 2.5550257399226017e-15
1015.5 2.5550257399226017e-15
1016.5 2.5550257399226017e-15
1017.5 2.5550257399226017e-15
1018.5 2.5550257399226017e-15
1019.5 2.5550257399226017e-15
1020.5 2.5550257399226017e-15
1021.5 2.5550257399226017e-15
1022.5 2.5550257399226017e-15
1023.5 2.5550257399226017e-15
1024.5 2.5550257399226017e-15
1025.5 2.5550257399226017e-15
1026.5 2.5550257399226017e-15
1027.5 2.5550257399226017e-15
1028.5 2.5550257399226017e-15
1029.5 2.5550257399226017e-15
1030.5 2.5550257399226017e-15
1031.5 2.5550257399226017e-15
1032.5 2.5550257399226017e-15
1033.5 2.5550257399226017e-15
1034.5 2.5550257399226017e-15
1035.5 2.5550257399226017e-15
1036.5 2.5550257399226017e-15
1037.5 2.5550257399226017e-15
1038.5 2.5550257399226017e-15
1039.5 2.5550257399226017e-15
1040.5 2.5550257399226017e-15
1041.5 nan
1042.5 nan
1043.5 nan
1044.5 nan
1045.5 nan
1046.5 nan
1047.5 nan
1048.5 nan
1049.5 nan
1050.5 nan
1051.5 nan
1052.5 nan
1053.5 nan
1054.5 nan
1055.5 nan
1056.5 nan
1057.5 nan
1058.5 nan
1059.5 nan
1060.5 nan
1061.5 nan
1062.5 nan
1063.5 nan
1064.5 nan
1065.5 nan
1066.5 nan
1067.5 nan
1068.5 nan
1069.5 nan
1070.5 nan
1071.5 nan
1072.5 nan
1073.5 nan
1074.5 nan
1075.5 nan
1076.5 nan
1077.5 nan
1078.5 nan
1079.5 nan
1080.5 nan
1081.5 nan
1082.5 nan
1083.5 nan
1084.5 nan
1085.5 nan
1086.5 nan
1087.5 nan
1088.5 nan
1089.5 nan
1090.5 nan
1091.5 nan
1092.5 nan
1093.5 nan
1094.5 nan
1095.5 nan
1096.5 nan
1097.5 nan
1098.5 nan
1099.5 nan
1100.5 nan
1101.5 nan
1102.5 nan
1103.5 nan
1104.5 nan
1105.5 nan
1106.5 nan
1107.5 nan
1108.5 nan
1109.5 nan
1110.5 nan
1111.5 nan
1112.5 nan
1113.5 nan
1114.5 nan
1115.5 nan
1116.5 nan
1117.5 nan
1118.5 nan
1119.5 nan
1120.5 nan
1121.5 nan
1122.5 nan
1123.5 nan
1124.5 nan
1125.5 nan
1126.5 nan
1127.5 nan
1128.5 nan
1129.5 nan
1130.5 nan
1131.5 nan
1132.5 nan
1133.5 nan
1134.5 nan
1135.5 nan
1136.5 nan
1137.5 nan
1138.5 nan
1139.5 nan
1140.5 nan
1141.5 nan
1142.5 nan
1143.5 nan
1144.5 nan
1145.5 nan
1146.5 nan
1147.5 nan
1148.5 nan
1149.5 nan
1150.5 nan
1151.5 nan
1152.5 nan
1153.5 nan
1154.5 nan
1155.5 nan
1156.5 nan
1157.5 nan
1158.5 nan
1159.5 nan
1160.5 nan
1161.5 nan
1162.5 nan
1163.5 nan
1164.5 nan
1165.5 nan
1166.5 nan
1167.5 nan
1168.5 nan
1169.5 nan
