READ SERR 1
@GJ699all_model.pco
!
40.6614838 0.666581035 9.31586214E-7
39.3699837 0.624919772 7.47561501E-7
38.1580162 0.587047577 7.66645087E-7
37.0184555 0.552513719 8.72314274E-7
35.9449997 0.520941496 7.91678417E-7
34.9320564 0.492001772 7.66221035E-7
33.9746475 0.465405673 1.43845568E-6
33.0683327 0.440910667 8.55720941E-7
32.2091217 0.418299884 1.10823146E-6
31.3934345 0.397386074 8.2695999E-7
30.6180477 0.37800023 9.72881026E-7
29.8800488 0.360000253 8.29447629E-7
29.1767902 0.34325707 8.20943285E-7
28.5058804 0.327653468 9.63224807E-7
27.8651352 0.313091129 8.04073125E-7
27.2525654 0.299479336 9.47435979E-7
26.6663513 0.28673467 7.89176511E-7
26.1048298 0.274787426 8.24475308E-7
25.5664692 0.263572395 8.89719956E-7
25.0498676 0.253028721 9.89966111E-7
24.5537338 0.243106037 2.00735826E-6
24.0768719 0.233755812 8.79263439E-7
23.6181812 0.224934846 9.33903891E-7
23.1766415 0.216605201 8.32918033E-7
22.7513084 0.20872739 8.41532312E-7
22.3413086 0.201272845 8.36422714E-7
21.9458237 0.194210649 1.26681152E-6
21.5641003 0.187513739 1.56177191E-6
21.1954288 0.181157351 9.90710419E-7
20.8391514 0.175119802 1.14638749E-6
20.4946556 0.169377148 8.24718654E-7
20.1613636 0.163913369 8.33644378E-7
19.8387413 0.158709779 1.03061882E-6
19.5262814 0.153750107 8.72147723E-7
19.2235126 0.149019331 8.81437813E-7
18.9299889 0.144504443 1.29206601E-5
18.6452942 0.140190035 1.43363786E-6
18.3690376 0.136066809 8.15218925E-7
18.1008472 0.132122844 9.42076724E-7
17.8403759 0.128347903 1.04787773E-6
17.5872955 0.124732479 2.09159793E-6
17.3412952 0.121268407 1.17554055E-6
17.1020813 0.117945276 1.67291819E-5
16.869379 0.114757568 7.40272299E-6
16.6429234 0.111697368 1.50929338E-6
16.4224682 0.108757965 1.44620856E-6
16.207777 0.105933085 2.03088143E-6
15.9986277 0.103216857 7.55316069E-6
15.7948065 0.100604363 2.52371774E-6
15.5961132 9.80886668E-2 2.3219975E-6
15.4023581 9.56667289E-2 2.50808216E-6
15.2133579 9.33333933E-2 6.08790469E-6
15.0289402 9.10843983E-2 1.50602136E-5
14.8489399 8.89157206E-2 1.65426536E-6
14.6731997 8.68241042E-2 1.98158182E-6
14.5015717 8.48044306E-2 3.52821576E-6
14.3339119 8.28549042E-2 3.82808093E-6
14.170085 8.0971837E-2 6.02033333E-6
14.0099611 7.91522488E-2 1.97390682E-6
13.8534155 7.73933083E-2 3.16318688E-6
13.7003298 7.56928101E-2 4.28056319E-6
13.5505896 7.40468651E-2 3.23097811E-6
13.404088 7.245446E-2 7.35808771E-6
13.2607212 7.09128827E-2 1.11741883E-6
13.120388 6.941998E-2 1.01418334E-6
12.982995 6.79737329E-2 1.05821334E-6
12.8484478 6.65726066E-2 1.19231663E-6
12.7166624 6.52135909E-2 1.04934838E-6
12.5875521 6.38961419E-2 1.00605985E-6
12.4610376 6.26182184E-2 1.35424625E-6
12.3370419 6.13782592E-2 1.14531667E-6
12.2154884 6.01747632E-2 2.99229532E-6
12.0963078 5.90063222E-2 1.94928343E-5
11.9794292 5.78715876E-2 6.2400045E-7
11.864789 5.67692704E-2 6.94302116E-7
11.7523212 5.56981526E-2 6.42295106E-7
11.6419649 5.46577126E-2 6.3347602E-7
11.5336628 5.36448881E-2 2.43634872E-6
11.4273577 5.26605807E-2 1.26969303E-6
11.3229933 5.17031178E-2 1.32187756E-6
11.2205191 5.07715307E-2 1.80724044E-6
11.1198826 4.98648956E-2 1.41948522E-6
11.0210352 4.89823334E-2 1.53575343E-6
10.9239302 4.81229946E-2 5.30337729E-7
10.8285208 4.72860746E-2 7.42390284E-7
10.7347641 4.64707948E-2 1.26799296E-6
10.6426172 4.56764251E-2 1.22110907E-6
10.5520382 4.49022502E-2 1.16413344E-6
10.4629879 4.41481099E-2 1.09210112E-6
10.3754282 4.34117876E-2 8.09033565E-7
10.2893219 4.26942408E-2 4.93308903E-7
10.2046328 4.19943333E-2 3.36889502E-6
10.1213274 4.13114987E-2 6.6597255E-7
10.0393705 4.06451859E-2 9.1460231E-7
9.9587307 3.99948657E-2 5.54114706E-7
9.87937546 3.9360024E-2 5.35575509E-7
9.80127525 3.87401842E-2 4.58813105E-7
9.72440052 3.81348692E-2 1.54015595E-6
9.64872169 3.75436321E-2 4.60697493E-7
9.57421207 3.6966037E-2 4.39332581E-7
9.50084496 3.64016704E-2 8.93882827E-7
9.42859268 3.58505547E-2 4.81456027E-7
9.35743046 3.53110246E-2 6.79149593E-7
9.2873354 3.47839966E-2 2.07199287E-6
9.2182827 3.42686772E-2 1.23100085E-6
9.15024948 3.37647274E-2 3.02662693E-6
9.08321285 3.32718119E-2 4.4947771E-7
9.01715183 3.27896103E-2 4.42896635E-7
8.95204449 3.23178172E-2 4.61762056E-7
8.88787079 3.18561345E-2 4.34113389E-7
8.82460976 3.14042754E-2 4.50423698E-7
8.76224327 3.09619624E-2 4.45510182E-7
8.70075321 3.05289291E-2 4.29792294E-7
8.6401186 3.01052723E-2 4.31536535E-7
8.58032322 2.96896715E-2 4.53917551E-7
8.52135086 2.92829648E-2 4.4543296E-7
8.4631834 2.8884558E-2 5.22757773E-7
8.40580463 2.84942258E-2 1.73183662E-6
8.34919834 2.8111754E-2 3.87961791E-7
8.29335022 2.77369302E-2 3.85626151E-7
8.23824406 2.73695532E-2 3.77988698E-7
8.18386459 2.70094294E-2 3.73409705E-7
8.13019848 2.6656365E-2 3.70273426E-7
8.07723236 2.63101775E-2 4.01021623E-7
8.02495098 2.59706918E-2 3.85793527E-7
7.9733429 2.56377347E-2 3.55393496E-7
7.9223938 2.53114402E-2 3.51892652E-7
7.87209177 2.4990743E-2 9.88941679E-7
7.82242441 2.46763937E-2 4.45112335E-7
7.77338028 2.43679397E-2 7.78769731E-7
7.72494698 2.40652319E-2 3.53066099E-7
7.67711353 2.37681307E-2 3.39470802E-7
7.62986898 2.34764982E-2 3.30392737E-7
7.58320236 2.31901985E-2 3.29991849E-7
7.53710318 2.29091067E-2 3.20026629E-7
7.49156094 2.26330925E-2 4.60066531E-7
7.44656563 2.23620385E-2 3.09909723E-7
7.40210772 2.20958237E-2 3.05997048E-7
7.35817719 2.18345933E-2 3.02127461E-7
7.31476545 2.1577457E-2 3.72630581E-7
7.27186298 2.1325089E-2 3.06352689E-7
7.22946072 2.10771244E-2 3.35189924E-7
7.18755007 2.08334588E-2 3.96396729E-7
7.14612246 2.05939934E-2 3.11116253E-7
7.10516977 2.03586332E-2 4.68971706E-7
7.06468391 2.01272853E-2 2.7568754E-7
7.02465677 1.98998582E-2 2.75731622E-7
6.98508072 1.96762644E-2 2.73635067E-7
6.94594812 1.94564182E-2 2.69356775E-7
6.90725136 1.92402359E-2 2.71406037E-7
6.86898375 1.90276373E-2 2.61323493E-7
6.83113718 1.88187659E-2 2.57742954E-7
6.79370546 1.86128728E-2 2.72638545E-7
6.75668192 1.84105597E-2 1.75621528E-6
6.72005987 1.82115268E-2 4.25139774E-7
6.68383265 1.8015705E-2 9.05568186E-7
6.64799404 1.78230237E-2 3.09461643E-6
6.61253738 1.76334158E-2 2.35292106E-7
6.57745743 1.74468197E-2 2.60071118E-7
6.5427475 1.72631685E-2 2.29623197E-7
6.50840187 1.70824025E-2 2.45237317E-7
6.47441483 1.69044621E-2 2.2546142E-7
6.44078112 1.67292859E-2 2.30425329E-7
6.40749502 1.65570155E-2 2.27717223E-7
6.37455082 1.63870044E-2 2.20254734E-7
6.34194422 1.62197892E-2 2.12947654E-7
6.30966902 1.6055122E-2 2.30777005E-7
6.27772093 1.5892949E-2 2.25562459E-7
6.2460947 1.57332215E-2 2.14770168E-7
6.21478558 1.55758895E-2 2.14899757E-7
6.18378878 1.54209053E-2 4.08250656E-7
6.15310001 1.52682234E-2 1.9781379E-7
6.12271404 1.5117798E-2 1.99214796E-7
6.09262657 1.49695845E-2 1.91716254E-7
6.06283331 1.48235392E-2 2.02085303E-7
6.03332996 1.46796219E-2 1.89920144E-7
6.00411272 1.45377899E-2 1.85028625E-7
5.97517681 1.43980039E-2 1.82032679E-7
5.9465189 1.42602241E-2 1.79681251E-7
5.91813421 1.41244121E-2 1.77688378E-7
5.89001894 1.39905317E-2 1.76601361E-7
5.86217022 1.38585456E-2 1.78316938E-7
5.83458281 1.37287444E-2 2.0144094E-7
5.80725384 1.36001129E-2 2.70321721E-7
5.78017998 1.34736001E-2 1.86923756E-7
5.75335789 1.33488448E-2 2.1062921E-7
5.72678328 1.32258143E-2 1.63065735E-7
5.7004528 1.3104476E-2 1.62382051E-7
5.67436361 1.29848011E-2 4.52897609E-7
5.64851189 1.28667569E-2 1.5364823E-7
5.62289476 1.27503164E-2 1.51635348E-7
5.59750891 1.26354489E-2 1.50976859E-7
5.57235146 1.25221265E-2 1.77502528E-7
5.54741907 1.24103213E-2 1.61082426E-7
5.52270889 1.2300008E-2 1.43817061E-7
5.49821758 1.21911587E-2 1.43483547E-7
5.47394276 1.20837474E-2 1.39539495E-7
5.44988108 1.19777499E-2 1.56523299E-7
5.42603016 1.18731409E-2 1.41603181E-7
5.40238714 1.17698964E-2 2.35487093E-7
5.37894917 1.1667992E-2 1.32710554E-7
5.35571384 1.15674064E-2 1.30054701E-7
5.33267832 1.14681153E-2 1.29372523E-7
5.3098402 1.13700973E-2 1.26526629E-7
5.28719664 1.12733301E-2 1.69798966E-7
5.26474571 1.11777941E-2 1.21862868E-7
5.24248457 1.10834669E-2 1.20248103E-7
5.22041035 1.09905889E-2 1.65189405E-7
5.19852161 1.08983573E-2 1.18862459E-7
5.17681551 1.08075375E-2 1.29870799E-7
5.15529013 1.07178483E-2 1.28872273E-7
5.13394308 1.06292712E-2 1.25340804E-7
5.11277199 1.05417874E-2 2.49377791E-7
5.09177494 1.04553793E-2 6.05260539E-7
5.07094955 1.03700291E-2 3.75419546E-7
5.05029345 1.02857202E-2 4.72727407E-7
5.02980566 1.02024358E-2 6.62044386E-7
5.00948286 1.01201581E-2 1.05219861E-7
4.98932409 1.00388713E-2 1.03327864E-7
4.9693265 9.95856058E-3 1.01632516E-7
4.94948864 9.8792091E-3 1.05969519E-7
4.92980862 9.80080292E-3 9.86297337E-8
4.91028452 9.72332619E-3 1.01869851E-7
4.89091444 9.64676496E-3 9.58572741E-8
4.87169647 9.57110431E-3 9.45501526E-8
4.85262918 9.49633028E-3 9.32148012E-8
4.83371019 9.42242891E-3 9.45401979E-8
4.81493855 9.34938621E-3 9.09156341E-8
4.79631186 9.27719101E-3 8.99170089E-8
4.77782917 9.20582749E-3 9.13224767E-8
4.75948763 9.13528539E-3 8.69043646E-8
4.74128723 9.06554982E-3 8.85683633E-8
4.72322464 8.99682473E-3 8.87399096E-8
4.70529938 8.92845262E-3 8.36740028E-8
4.68751001 8.86106864E-3 8.24014776E-8
4.66985416 8.79444368E-3 8.11820584E-8
4.65233135 8.72856844E-3 7.8826929E-8
4.63493919 8.66342988E-3 7.7773592E-8
4.61767673 8.59901775E-3 7.67136115E-8
4.60054255 8.53532087E-3 7.55932348E-8
4.58353472 8.47232994E-3 7.49748139E-8
4.56665277 8.41003377E-3 7.39707318E-8
4.54989386 8.34842119E-3 7.25519342E-8
4.53325796 8.28748383E-3 7.14273938E-8
4.51674366 8.22721142E-3 7.15173911E-8
4.50034857 8.16759374E-3 8.85100491E-8
4.48407269 8.10862239E-3 7.19899873E-8
4.46791363 8.05028714E-3 7.66722437E-8
4.45187092 7.99257867E-3 9.30248945E-8
4.43594265 7.93548953E-3 6.6367015E-8
4.42012835 7.87900854E-3 6.67777655E-8
4.4044261 7.82312918E-3 6.42634177E-8
4.38883495 7.76784215E-3 1.17388076E-7
4.37335396 7.71313952E-3 6.71520866E-8
4.35798168 7.65901199E-3 6.07944344E-8
4.34271717 7.60545256E-3 5.9614365E-8
4.32755947 7.55245285E-3 5.85437512E-8
4.31250668 7.50018377E-3 5.76903219E-8
4.29755878 7.44810095E-3 1.21701319E-7
4.28271389 7.39673479E-3 5.59964306E-8
4.26797104 7.34589808E-3 5.51735937E-8
4.25332975 7.29558384E-3 5.4350501E-8
4.23878813 7.24578463E-3 5.35406279E-8
4.22434616 7.19649391E-3 5.26913588E-8
4.21000195 7.14770425E-3 5.18574303E-8
4.19575453 7.09940866E-3 7.27105629E-8
4.18160343 7.05160154E-3 5.65889984E-8
4.1675477 7.00427545E-3 4.94418657E-8
4.15358591 6.95742387E-3 4.95361228E-8
4.13971758 6.91104122E-3 4.79180358E-8
4.12594128 6.86512049E-3 4.72381068E-8
4.11225653 6.81965658E-3 5.74046481E-8
4.09866238 6.77464204E-3 4.8907296E-8
4.08515787 6.7300722E-3 6.5105759E-8
4.07174158 6.68594055E-3 4.71655106E-8
4.05841351 6.6422415E-3 4.3870223E-8
4.04517221 6.59896992E-3 4.3340183E-8
4.03201723 6.5561193E-3 4.24482494E-8
4.0189476 6.51368499E-3 4.38773675E-8
4.00596189 6.47166139E-3 4.35096865E-8
3.99306035 6.43004291E-3 1.37784596E-7
3.98024154 6.3888249E-3 6.01717502E-8
3.9675045 6.34815264E-3 7.98527111E-8
3.95484877 6.30756747E-3 1.40972617E-7
3.94227362 6.26751967E-3 3.90713417E-8
3.92977834 6.22785185E-3 3.73782925E-8
3.91736197 6.18855935E-3 3.93150081E-8
3.90502357 6.14963751E-3 3.78457443E-8
3.8927629 6.11108169E-3 3.67112989E-8
3.88057899 6.07288769E-3 3.60230317E-8
3.86847115 6.03505038E-3 3.65267852E-8
3.8564384 5.99756557E-3 3.46241791E-8
3.84448051 5.96042909E-3 3.38993829E-8
3.8325963 5.92363626E-3 3.35904673E-8
3.82078552 5.88718336E-3 3.30257599E-8
3.80904722 5.85106574E-3 3.25167946E-8
3.79738092 5.8152792E-3 3.20963203E-8
3.78578591 5.77982049E-3 3.3130938E-8
3.77426147 5.74468449E-3 3.10428767E-8
3.76280689 5.70986839E-3 3.05207166E-8
3.75142169 5.67536755E-3 3.00428518E-8
3.74010491 5.64117869E-3 2.95964746E-8
3.72885656 5.60729764E-3 2.91518809E-8
3.71767545 5.57372114E-3 2.8623889E-8
3.70656133 5.54044545E-3 2.81417378E-8
3.69551349 5.50746638E-3 2.80607733E-8
3.68453121 5.47478115E-3 2.78128223E-8
3.67361403 5.44251548E-3 2.70308149E-8
3.66276121 5.41027682E-3 2.65333835E-8
3.65197229 5.37845166E-3 2.6139265E-8
3.64124703 5.34690684E-3 2.57612118E-8
3.63058448 5.31563815E-3 2.53391406E-8
3.61998415 5.28464327E-3 2.5144379E-8
3.60944557 5.25391847E-3 2.47581067E-8
3.59896827 5.22346143E-3 2.46666723E-8
3.58855152 5.19326795E-3 2.39068747E-8
3.57819486 5.16333571E-3 2.36237003E-8
3.56789804 5.13366098E-3 2.67632654E-8
3.5576601 5.10424189E-3 2.3467317E-8
3.54748082 5.07507473E-3 2.37399007E-8
3.53735948 5.04615717E-3 2.42456206E-8
3.52729583 5.01748594E-3 2.26138948E-8
3.5172894 4.98905824E-3 2.11877627E-8
3.50733948 4.9608713E-3 2.08309174E-8
3.49744558 4.93292278E-3 2.05106527E-8
3.48760748 4.90520988E-3 2.03100861E-8
3.47782445 4.87772981E-3 1.99295993E-8
3.46809626 4.85047977E-3 1.96358947E-8
3.45842242 4.82345745E-3 1.96395771E-8
3.44880223 4.79666051E-3 1.95893293E-8
3.43923545 4.77008661E-3 1.89949443E-8
3.42972159 4.74373251E-3 2.72813399E-8
3.42026019 4.7177081E-3 2.01769659E-8
3.41085076 4.69167484E-3 1.78847621E-8
3.40149331 4.66596708E-3 1.76916597E-8
3.39218688 4.64046979E-3 1.72481034E-8
3.38293123 4.61518113E-3 1.6983762E-8
3.37372589 4.59009875E-3 1.69927237E-8
3.36457062 4.56522033E-3 2.0655694E-8
3.3554647 4.54054354E-3 1.6188265E-8
3.34640813 4.51606605E-3 1.59178395E-8
3.3374002 4.49178601E-3 1.56555977E-8
3.3284409 4.46770154E-3 1.54159761E-8
3.31952929 4.44380986E-3 1.51747805E-8
3.31066537 4.42010956E-3 1.49821684E-8
3.30184865 4.39659879E-3 1.47403281E-8
3.2930789 4.37327428E-3 1.4512616E-8
3.2843554 4.35013557E-3 1.42859253E-8
3.27567816 4.3271794E-3 1.75172694E-8
3.26704645 4.30440484E-3 1.46613033E-8
3.25846028 4.28180955E-3 1.41728504E-8
3.24991918 4.25939169E-3 1.36267371E-8
3.24142241 4.23714984E-3 1.32594451E-8
3.23297024 4.21508122E-3 1.29334126E-8
3.22456193 4.1931849E-3 1.34628859E-8
3.21619749 4.17145854E-3 1.25938371E-8
3.20787597 4.14990028E-3 2.00979571E-8
3.1995976 4.12860746E-3 1.48677417E-8
3.19136167 4.1072825E-3 1.44361385E-8
3.18316817 4.08621971E-3 1.36476999E-8
3.17501664 4.06531803E-3 1.3820074E-8
3.1669066 4.04457655E-3 1.13688614E-8
3.15883803 4.02399385E-3 1.1185791E-8
3.15081048 4.00356716E-3 1.10173879E-8
3.1428237 3.98329599E-3 1.08505995E-8
3.1348772 3.96317849E-3 1.06841744E-8
3.12697077 3.9432128E-3 1.10397824E-8
3.11910415 3.92339798E-3 1.03456026E-8
3.1112771 3.9037317E-3 1.01732045E-8
3.10348916 3.88421305E-3 9.99868099E-9
3.09574008 3.86493234E-3 1.00677413E-8
3.08802962 3.84552032E-3 9.68034541E-9
3.08035731 3.82661843E-3 9.52888257E-9
3.07272339 3.80749325E-3 9.51339807E-9
3.0651269 3.78887146E-3 9.33527033E-9
3.05756807 3.77002731E-3 9.43448697E-9
3.05004644 3.75168025E-3 8.97197516E-9
3.04256153 3.73311178E-3 8.8081471E-9
3.03511333 3.71503411E-3 8.63133387E-9
3.02770162 3.69673572E-3 8.49478443E-9
3.0203259 3.67892208E-3 8.36018277E-9
3.01298618 3.66088864E-3 8.23269097E-9
3.00568199 3.64333414E-3 8.2152507E-9
2.99841309 3.62556078E-3 7.99221755E-9
2.99117923 3.60826007E-3 7.86863641E-9
2.98398018 3.59074166E-3 7.74331976E-9
2.9768157 3.57369031E-3 7.61582974E-9
2.96968555 3.55642173E-3 7.48741424E-9
2.96258974 3.53961461E-3 7.3574431E-9
2.95552754 3.52259143E-3 7.23183824E-9
2.94849873 3.50602414E-3 7.11348491E-9
2.94150352 3.4892417E-3 7.00040825E-9
2.93454146 3.47290956E-3 6.88848489E-9
2.92761207 3.45636322E-3 6.77437439E-9
2.92071557 3.44026205E-3 6.80658241E-9
2.91385102 3.42411012E-3 6.58082255E-9
2.90701914 3.40790977E-3 6.45119869E-9
2.90021896 3.39214667E-3 6.36249808E-9
2.89345074 3.37617146E-3 6.25429619E-9
2.88671398 3.36062862E-3 6.15395601E-9
2.88000846 3.3448746E-3 6.05247052E-9
2.87333393 3.32954782E-3 5.9524119E-9
2.8666904 3.3140108E-3 5.85958704E-9
2.86007762 3.29889613E-3 5.86435833E-9
2.85349512 3.28357215E-3 5.68942449E-9
2.8469429 3.26866587E-3 5.57995339E-9
2.84042072 3.2535512E-3 5.49544499E-9
2.83392811 3.23884934E-3 5.38877565E-9
2.82746553 3.22394003E-3 5.29441335E-9
2.82103205 3.20943864E-3 5.21171595E-9
2.81462789 3.19473119E-3 5.1267981E-9
2.80825281 3.18042701E-3 5.04286213E-9
2.80190635 3.16591747E-3 4.95903318E-9
2.79558873 3.15180677E-3 4.88739493E-9
2.78929925 3.13749188E-3 4.79849227E-9
2.78303838 3.1235714E-3 4.72504613E-9
2.77680516 3.10944743E-3 4.66099426E-9
2.77060008 3.09571344E-3 4.5887476E-9
2.76442266 3.08177713E-3 4.55653382E-9
2.75827265 3.06822662E-3 4.43319204E-9
2.75214982 3.05462E-3 4.84826401E-9
2.74605417 3.04095913E-3 4.39568115E-9
2.73998547 3.02767754E-3 4.2237196E-9
2.7339437 3.01419618E-3 4.16064916E-9
2.7279284 3.00108991E-3 4.08365119E-9
2.72193956 2.9877848E-3 4.01344957E-9
2.71597695 2.97485106E-3 3.94099198E-9
2.71004033 2.96171918E-3 3.88142185E-9
2.7041297 2.9489547E-3 3.91472454E-9
2.69824457 2.93599325E-3 3.74982445E-9
2.6923852 2.92339502E-3 3.68566977E-9
2.68655133 2.91060098E-3 3.63112629E-9
2.6807425 2.89816642E-3 3.57474694E-9
2.67495894 2.88553676E-3 3.51084917E-9
2.66919994 2.87326286E-3 3.45938123E-9
2.66346598 2.86079478E-3 3.41699313E-9
2.65775657 2.84867873E-3 3.34877726E-9
2.65207148 2.83636968E-3 3.29419358E-9
2.6464107 2.82440893E-3 3.24822991E-9
2.64077401 2.81225611E-3 3.19466054E-9
2.6351614 2.8004481E-3 3.15515414E-9
2.62957239 2.78844894E-3 3.10350234E-9
2.62400723 2.77679088E-3 3.24036109E-9
2.61846542 2.76494259E-3 3.02816461E-9
2.61294699 2.75343191E-3 2.94205593E-9
2.60745168 2.74186255E-3 2.88839508E-9
2.60197973 2.73023616E-3 2.83758839E-9
2.59653044 2.71894224E-3 2.7799345E-9
2.59110403 2.70746066E-3 2.73509992E-9
2.58570027 2.69630807E-3 2.69018674E-9
2.58031893 2.68496876E-3 2.64528555E-9
2.57496023 2.6739554E-3 2.60533328E-9
2.56962347 2.66275601E-3 2.67819966E-9
2.56430888 2.65187956E-3 2.53393706E-9
2.55901599 2.64081801E-3 2.49387422E-9
2.55374527 2.63007591E-3 2.44369192E-9
2.54849601 2.61914986E-3 2.41999087E-9
2.5432682 2.60854E-3 2.36416353E-9
2.53806186 2.59774714E-3 2.32387354E-9
2.53287697 2.58726766E-3 2.28326447E-9
2.52771306 2.57660588E-3 2.24473862E-9
2.52257013 2.56625423E-3 2.20814544E-9
2.51744819 2.55572167E-3 2.17144414E-9
2.51234698 2.54549598E-3 2.14457874E-9
2.50726652 2.53509032E-3 2.09646389E-9
2.50220633 2.52498849E-3 2.06065498E-9
2.49716663 2.51470786E-3 2.02604911E-9
2.49214721 2.50472804E-3 1.99333394E-9
2.48714805 2.4945701E-3 1.96295447E-9
2.48216867 2.48471019E-3 1.93025174E-9
2.47720909 2.4747909E-3 1.89806282E-9
2.47226954 2.46481365E-3 1.86856264E-9
2.46734953 2.45513045E-3 1.84240878E-9
2.46244931 2.44527124E-3 1.81061999E-9
2.45756817 2.43570306E-3 1.78291415E-9
2.45270658 2.42596027E-3 1.75220316E-9
2.44786406 2.41650548E-3 1.72448356E-9
2.44304061 2.406877E-3 1.69527703E-9
2.43823624 2.39753397E-3 1.66439329E-9
2.4334507 2.38801795E-3 1.6350159E-9
2.428684 2.37878505E-3 1.60808611E-9
2.42393589 2.36937986E-3 1.58091917E-9
2.41920614 2.36025522E-3 1.5538979E-9
2.41449499 2.35095923E-3 1.52718516E-9
2.40980196 2.341941E-3 1.50153079E-9
2.40512729 2.33275234E-3 1.47565404E-9
2.40047073 2.32383911E-3 1.45131318E-9
2.39583206 2.31475639E-3 1.4272723E-9
2.39121151 2.30594631E-3 1.40369572E-9
2.3866086 2.29696766E-3 1.38217449E-9
2.38202333 2.28825933E-3 1.36090461E-9
2.37745571 2.27938336E-3 1.33973699E-9
2.37290549 2.27077492E-3 1.31826849E-9
2.36837268 2.26199999E-3 1.29702338E-9
2.36385727 2.25349027E-3 1.27568822E-9
2.35935879 2.24492187E-3 1.25458732E-9
2.35487771 2.23629549E-3 1.23338839E-9
2.35041332 2.22793105E-3 1.21200994E-9
2.3459661 2.219402E-3 1.19062571E-9
2.34153557 2.21113232E-3 1.16956644E-9
2.33712173 2.20269896E-3 1.14987431E-9
2.33272457 2.19452288E-3 1.13024656E-9
2.32834387 2.18618405E-3 1.11070597E-9
2.32397938 2.17809994E-3 1.09201581E-9
2.31963158 2.16985401E-3 1.07331943E-9
2.31529975 2.1618607E-3 1.05489173E-9
2.31098413 2.15370627E-3 1.03762288E-9
2.30668473 2.14580237E-3 1.0208776E-9
2.3024013 2.13773828E-3 1.00492603E-9
2.29813361 2.12992239E-3 9.89484938E-10
2.29388165 2.12194701E-3 9.73987446E-10
2.28964543 2.11421773E-3 9.58422675E-10
2.28542495 2.10633012E-3 9.44364698E-10
2.28121996 2.09868653E-3 9.34010758E-10
2.27703047 2.09088507E-3 9.12397047E-10
2.27285624 2.08332553E-3 8.98332075E-10
2.26869726 2.07560929E-3 8.91037188E-10
2.26455355 2.06813263E-3 8.69801564E-10
2.26042485 2.06050021E-3 8.50469362E-10
2.25631118 2.05310551E-3 8.42011294E-10
2.25221252 2.04565306E-3 8.27376168E-10
2.24812865 2.03814404E-3 8.08692779E-10
2.24405956 2.03086971E-3 7.93720534E-10
2.24000525 2.02344148E-3 7.81804232E-10
2.23596573 2.01624609E-3 7.71133768E-10
2.23194051 2.00889749E-3 7.53584861E-10
2.22792983 2.00177962E-3 7.41330053E-10
2.22393346 1.99450972E-3 7.31400385E-10
2.21995163 1.98746845E-3 7.19459936E-10
2.21598387 1.98027608E-3 7.07501946E-10
2.21203017 1.97331025E-3 6.96306957E-10
2.20809078 1.96619402E-3 6.85499102E-10
2.20416522 1.95930293E-3 6.73630707E-10
2.20025373 1.9522619E-3 6.62701172E-10
2.19635606 1.94544403E-3 6.51555976E-10
2.19247198 1.93847716E-3 6.40211606E-10
2.18860173 1.93173171E-3 6.29045871E-10
2.18474531 1.92483794E-3 6.17765616E-10
2.18090224 1.91816373E-3 6.06438399E-10
2.17707276 1.91134226E-3 5.95712979E-10
2.17325664 1.90473837E-3 5.85586357E-10
2.16945386 1.89798791E-3 5.75948012E-10
2.16566443 1.8914534E-3 5.66189429E-10
2.16188836 1.88477314E-3 5.56409363E-10
2.15812516 1.87830697E-3 5.4663557E-10
2.15437508 1.87178492E-3 5.37539346E-10
2.1506381 1.86520792E-3 5.30313515E-10
2.14691401 1.85884256E-3 5.21308996E-10
2.14320302 1.85233343E-3 5.13449838E-10
2.13950443 1.84603408E-3 5.0522081E-10
2.13581896 1.83959166E-3 4.97141939E-10
2.13214588 1.8333575E-3 4.88782792E-10
2.12848568 1.82698097E-3 4.80588791E-10
2.12483788 1.82081107E-3 4.72504591E-10
2.12120247 1.8144995E-3 4.64506378E-10
2.1175797 1.80839293E-3 4.5646581E-10
2.11396909 1.8021455E-3 4.48375392E-10
2.11037087 1.79610145E-3 4.40297909E-10
2.10678482 1.78991724E-3 4.32127861E-10
2.10321093 1.78393477E-3 4.24891677E-10
2.09964919 1.77781307E-3 4.17580859E-10
2.09609962 1.77189137E-3 4.11538359E-10
2.09256172 1.76583114E-3 4.05469019E-10
2.08903599 1.75996951E-3 3.96635197E-10
2.08552217 1.75397005E-3 3.9004372E-10
2.08201981 1.74816756E-3 3.85144722E-10
2.0785296 1.74222805E-3 3.78315268E-10
2.07505083 1.736484E-3 3.71926157E-10
2.07158375 1.73060352E-3 3.66683489E-10
2.06812811 1.72491709E-3 3.60863756E-10
2.06468415 1.71917677E-3 3.54478197E-10
2.06125164 1.71338359E-3 3.48401974E-10
2.05783033 1.70778215E-3 3.42632756E-10
2.05442047 1.70204602E-3 3.37042977E-10
2.05102205 1.69650035E-3 3.30962563E-10
2.0476346 1.69082067E-3 3.25218769E-10
2.04425859 1.68533006E-3 3.19335752E-10
2.04089355 1.67970604E-3 3.13553794E-10
2.03753948 1.67426968E-3 3.07617654E-10
2.03419662 1.66870072E-3 3.02298853E-10
2.03086448 1.66331779E-3 2.97323083E-10
2.02754331 1.65780308E-3 2.9233771E-10
2.0242331 1.652473E-3 2.87349172E-10
2.02093363 1.64701184E-3 2.82181944E-10
2.01764488 1.64173404E-3 2.77511791E-10
2.01436687 1.63632573E-3 2.73333994E-10
2.01109934 1.63109938E-3 2.69171185E-10
2.00784254 1.62574311E-3 2.65018979E-10
2.00459623 1.62056764E-3 2.6084046E-10
2.00136042 1.61526294E-3 2.56682869E-10
1.99813509 1.61013764E-3 2.52426469E-10
1.99492002 1.60488382E-3 2.48136622E-10
1.99171531 1.59980799E-3 2.43862514E-10
1.98852086 1.59460434E-3 2.39685854E-10
1.98533678 1.58957741E-3 2.35533676E-10
1.98216271 1.58449879E-3 2.31369063E-10
1.97899878 1.5793693E-3 2.27185742E-10
1.97584498 1.57441455E-3 2.23063581E-10
1.97270131 1.5693336E-3 2.18821558E-10
1.96956754 1.56442623E-3 2.15116758E-10
1.96644366 1.55939325E-3 2.1152699E-10
1.96332979 1.55453256E-3 2.07923095E-10
1.9602257 1.54954707E-3 2.04313788E-10
1.95713139 1.5447326E-3 2.00743352E-10
1.95404685 1.53979391E-3 1.97610789E-10
1.95097208 1.53502496E-3 1.94620348E-10
1.94790685 1.53013249E-3 1.91658578E-10
1.9448514 1.52540847E-3 1.88654911E-10
1.94180536 1.52056164E-3 1.85647914E-10
1.93876898 1.51588221E-3 1.82653045E-10
1.93574202 1.51108042E-3 1.80541415E-10
1.93272448 1.50644477E-3 1.81693299E-10
1.92971635 1.50168757E-3 2.04055689E-10
1.92671752 1.49709533E-3 2.29970848E-10
1.92372811 1.49238203E-3 1.69953704E-10
1.92074788 1.48783252E-3 1.72367953E-10
1.91777682 1.48316263E-3 1.85254118E-10
1.91481507 1.4786555E-3 1.68797129E-10
1.91186237 1.47402845E-3 1.57024671E-10
1.90891874 1.46956311E-3 1.73728643E-10
1.90598416 1.46504818E-3 1.67983877E-10
1.90305865 1.46048458E-3 1.50639404E-10
1.90014207 1.45608082E-3 1.4579643E-10
1.89723444 1.45155878E-3 1.44982179E-10
1.89433563 1.44719554E-3 1.43009493E-10
1.89144576 1.44271459E-3 1.38940623E-10
1.88856459 1.43839139E-3 1.36304426E-10
1.88569224 1.43395097E-3 1.34555783E-10
1.88282871 1.42966723E-3 1.32571523E-10
1.87997377 1.42526696E-3 1.29878039E-10
1.87712741 1.42102223E-3 1.27702848E-10
1.87428975 1.41666154E-3 1.25579547E-10
1.87146068 1.41245546E-3 1.23331109E-10
1.86864007 1.40813389E-3 1.21078897E-10
1.86582792 1.40396587E-3 1.18967919E-10
1.86302435 1.39968307E-3 1.16866933E-10
1.86022913 1.39555265E-3 1.14685497E-10
1.85744226 1.39130803E-3 1.12551794E-10
1.85466373 1.38721475E-3 1.10504689E-10
1.85189342 1.38300785E-3 1.08585411E-10
1.84913146 1.37895148E-3 1.06770294E-10
1.84637773 1.37478183E-3 1.04907139E-10
1.84363222 1.37076166E-3 1.03102714E-10
1.84089482 1.36662892E-3 1.01430746E-10
1.83816552 1.36264472E-3 9.98659072E-11
1.83544433 1.35861314E-3 9.83407106E-11
1.83273113 1.35453488E-3 9.68259778E-11
1.83002603 1.35060365E-3 9.52882009E-11
1.8273288 1.34656113E-3 9.37479538E-11
1.82463968 1.34266471E-3 9.22014826E-11
1.8219583 1.33865769E-3 9.06460185E-11
1.81928492 1.33479561E-3 8.90835114E-11
1.81661928 1.33082352E-3 8.75047743E-11
1.81396139 1.32699555E-3 8.59386382E-11
1.81131136 1.32305804E-3 8.44205678E-11
1.80866909 1.3192636E-3 8.28883004E-11
1.80603445 1.31536031E-3 8.13561926E-11
1.80340743 1.31159904E-3 7.98537764E-11
1.80078816 1.30772952E-3 7.84015838E-11
1.79817641 1.30400108E-3 7.70345662E-11
1.79557228 1.30016485E-3 7.57266888E-11
1.79297554 1.29646901E-3 7.44257989E-11
1.79038644 1.29266572E-3 7.31944574E-11
1.78780484 1.28900202E-3 7.20045898E-11
1.78523052 1.28523132E-3 7.08886699E-11
1.7826637 1.28159928E-3 6.98010122E-11
1.78010428 1.27786084E-3 6.87151516E-11
1.77755213 1.27426011E-3 6.76239134E-11
1.77500737 1.27055356E-3 6.65262359E-11
1.77246976 1.2669838E-3 6.54230836E-11
1.76993942 1.26336899E-3 6.43153655E-11
1.76741636 1.25970959E-3 6.31998412E-11
1.76490045 1.2561857E-3 6.20772878E-11
1.76239169 1.25255727E-3 6.09538461E-11
1.75989008 1.24906341E-3 5.98560645E-11
1.75739563 1.2454656E-3 5.87685248E-11
1.75490808 1.24200166E-3 5.76849679E-11
1.7524277 1.23843411E-3 5.66414728E-11
1.74995422 1.23499951E-3 5.5609007E-11
1.74748778 1.23146188E-3 5.46201626E-11
1.74502826 1.2280565E-3 5.36897297E-11
1.74257565 1.22454844E-3 5.27782609E-11
1.74012995 1.22117181E-3 5.19262758E-11
1.73769104 1.21769309E-3 5.10780827E-11
1.73525906 1.21434487E-3 5.02859386E-11
1.73283374 1.21089502E-3 4.95114817E-11
1.73041534 1.20757497E-3 4.87511247E-11
1.72800362 1.20415387E-3 4.80312734E-11
1.72559857 1.20086153E-3 4.71946128E-11
1.7232002 1.19746872E-3 4.80330706E-11
1.72080863 1.19420397E-3 4.56073165E-11
1.71842349 1.19083922E-3 4.48141108E-11
1.71604514 1.18760171E-3 4.40162698E-11
1.71367323 1.18426455E-3 4.3216479E-11
1.71130788 1.18105393E-3 4.24273637E-11
1.70894909 1.17780024E-3 4.16574032E-11
1.70659673 1.17450405E-3 4.09904159E-11
1.70425093 1.17133325E-3 4.04573215E-11
1.70191157 1.16806407E-3 3.94383796E-11
1.69957852 1.16491946E-3 3.87088452E-11
1.69725192 1.16167683E-3 3.80373268E-11
1.69493175 1.15855807E-3 3.74130067E-11
1.69261777 1.15534186E-3 3.68101487E-11
1.69031024 1.1522487E-3 3.62067459E-11
1.6880089 1.14905857E-3 3.56802192E-11
1.68571389 1.1459908E-3 3.51770731E-11
1.68342507 1.1428264E-3 3.45574888E-11
1.68114245 1.13978365E-3 3.40009271E-11
1.67886603 1.13664486E-3 3.34376207E-11
1.67659569 1.13362679E-3 3.28848337E-11
1.67433155 1.13051326E-3 3.23182765E-11
1.6720736 1.12751976E-3 3.17550777E-11
1.66982162 1.12443115E-3 3.12599079E-11
1.66757572 1.12146197E-3 3.06561304E-11
1.66533589 1.11839792E-3 3.00673896E-11
1.66310203 1.11545273E-3 2.95043469E-11
1.66087413 1.11241324E-3 2.89629935E-11
1.65865219 1.1094918E-3 2.84403629E-11
1.65643632 1.10647641E-3 2.79270183E-11
1.65422618 1.10357848E-3 2.74973152E-11
1.652022 1.10063946E-3 2.6964873E-11
1.64982367 1.09765981E-3 2.6670088E-11
1.64763129 1.09479658E-3 2.61129226E-11
1.64544463 1.09184056E-3 2.56649892E-11
1.64326382 1.08900026E-3 2.52658918E-11
1.64108872 1.08606752E-3 2.48672003E-11
1.63891935 1.08324981E-3 2.44621337E-11
1.63675582 1.08034001E-3 2.40710282E-11
1.6345979 1.07754464E-3 2.36789859E-11
1.63244569 1.07465778E-3 2.32834186E-11
1.63029921 1.07188465E-3 2.28840748E-11
1.62815821 1.06902025E-3 2.24848785E-11
1.62602293 1.066269E-3 2.20927738E-11
1.62389326 1.06342696E-3 2.16840313E-11
1.62176919 1.06069737E-3 2.12802519E-11
1.6196506 1.05787744E-3 2.08811024E-11
1.6175375 1.05516927E-3 2.04975707E-11
1.61543 1.05237134E-3 2.01298127E-11
1.61332798 1.04968436E-3 1.97609654E-11
1.61123133 1.04690797E-3 1.93922396E-11
1.60914016 1.04424206E-3 1.90603713E-11
1.60705447 1.04148709E-3 1.87583421E-11
1.60497415 1.03884202E-3 1.84555617E-11
1.60289919 1.03610824E-3 1.81552724E-11
1.6008296 1.03348366E-3 1.78620521E-11
1.59876525 1.03082007E-3 1.7585414E-11
1.59670639 1.02811761E-3 1.73101186E-11
1.59465265 1.02552364E-3 1.70334528E-11
1.59260428 1.0228419E-3 1.67565337E-11
1.59056127 1.02026784E-3 1.64798834E-11
1.58852339 1.01760658E-3 1.61969015E-11
1.58649063 1.01505243E-3 1.59107571E-11
1.58446324 1.01241143E-3 1.56275132E-11
1.58244097 1.00987696E-3 1.53421789E-11
1.58042383 1.00725598E-3 1.5057058E-11
1.57841182 1.00474083E-3 1.47746607E-11
1.57640493 1.00213976E-3 1.45004928E-11
1.57440317 9.99643933E-4 1.42403884E-11
1.57240641 9.97062423E-4 1.397961E-11
1.57041478 9.94585687E-4 1.37174534E-11
1.56842816 9.92023619E-4 1.34815015E-11
1.56644654 9.89565626E-4 1.32685312E-11
1.56447005 9.87022882E-4 1.30543571E-11
1.56249845 9.84583632E-4 1.28390094E-11
1.56053174 9.82059864E-4 1.26313534E-11
1.55857003 9.79639008E-4 1.24355864E-11
1.55661333 9.77134099E-4 1.22408368E-11
1.55466139 9.74731694E-4 1.20453612E-11
1.55271447 9.72245412E-4 1.18484953E-11
1.55077231 9.69861052E-4 1.16507273E-11
1.54883504 9.6743938E-4 1.14518291E-11
1.54690254 9.65026789E-4 1.12519178E-11
1.54497504 9.62531485E-4 1.1051271E-11
1.5430522 9.60228732E-4 1.08497083E-11
1.54113412 9.57843033E-4 1.06479036E-11
1.53922081 9.55466181E-4 1.04475647E-11
1.53731239 9.53007431E-4 1.02523649E-11
1.53540862 9.50739195E-4 1.00676533E-11
1.53350949 9.4838877E-4 9.8835792E-12
1.53161514 9.46047017E-4 9.69894737E-12
1.52972543 9.43624007E-4 9.53014664E-12
1.52784038 9.41389648E-4 9.37938182E-12
1.52595997 9.3907374E-4 9.228447E-12
1.52408409 9.36766388E-4 9.07668385E-12
1.52221298 9.34378535E-4 8.9279955E-12
1.5203464 9.32177354E-4 8.78937981E-12
1.51848435 9.29895323E-4 8.65212155E-12
1.51662683 9.27621673E-4 8.51429604E-12
1.51477396 9.25268279E-4 8.37577663E-12
1.51292551 9.23099578E-4 8.2365087E-12
1.51108158 9.20850842E-4 8.09648789E-12
1.50924218 9.18610254E-4 7.9557359E-12
1.50740719 9.16290563E-4 7.81432558E-12
1.50557673 9.14153818E-4 7.67244861E-12
1.50375068 9.11937619E-4 7.52994542E-12
1.50192904 9.09729511E-4 7.38847785E-12
1.50011182 9.07529378E-4 7.25025118E-12
1.498299 9.05250956E-4 7.11834801E-12
1.4964906 9.0315321E-4 6.98874379E-12
1.49468648 9.00976884E-4 6.85858922E-12
1.49288666 8.98808416E-4 6.73439603E-12
1.49109125 8.96562357E-4 6.62610375E-12
1.48930025 8.94495111E-4 6.51971099E-12
1.48751342 8.92349984E-4 6.41275791E-12
1.48573089 8.90212599E-4 6.30652995E-12
1.48395264 8.87998263E-4 6.20776824E-12
1.48217869 8.85960937E-4 6.11090172E-12
1.48040891 8.83846427E-4 6.01381748E-12
1.4786433 8.81739485E-4 5.91619852E-12
1.47688198 8.79556232E-4 5.81826731E-12
1.47512484 8.775483E-4 5.71946917E-12
1.47337186 8.75463826E-4 5.62129596E-12
1.47162306 8.73386743E-4 5.52125316E-12
1.46987844 8.7123405E-4 5.42645269E-12
1.46813786 8.69254931E-4 5.32026159E-12
1.46640146 8.67199909E-4 5.22000932E-12
1.46466911 8.65152164E-4 5.12241811E-12
1.46294093 8.63029447E-4 5.02824171E-12
1.46121681 8.61078559E-4 4.93627448E-12
1.45949662 8.59052467E-4 4.84470797E-12
1.4577806 8.57033476E-4 4.75741538E-12
1.45606852 8.55021586E-4 4.67866891E-12
1.4543606 8.5293554E-4 4.60419506E-12
1.45265663 8.51019286E-4 4.52811096E-12
1.45095658 8.49028525E-4 4.45264181E-12
1.44926047 8.4704475E-4 4.38182086E-12
1.44756842 8.44987459E-4 4.31350268E-12
1.44588041 8.43098271E-4 4.24515284E-12
1.44419611 8.41135217E-4 4.17646126E-12
1.44251585 8.39179032E-4 4.10743184E-12
1.44083953 8.37149972E-4 4.03807847E-12
1.43916702 8.35287326E-4 3.96837641E-12
1.43749845 8.33351514E-4 3.89820034E-12
1.43583369 8.31422396E-4 3.82777404E-12
1.43417275 8.29420984E-4 3.75713132E-12
1.43251586 8.27584416E-4 3.68627785E-12
1.43086255 8.25675321E-4 3.61718945E-12
1.42921305 8.23772803E-4 3.55054527E-12
1.42756748 8.21798516E-4 3.48499745E-12
1.42592573 8.19987617E-4 3.42045121E-12
1.42428768 8.18104658E-4 3.35941453E-12
1.42265332 8.16228276E-4 3.3019529E-12
1.42102277 8.14280706E-4 3.24835319E-12
1.41939604 8.12494894E-4 3.19542613E-12
1.41777289 8.10637721E-4 3.14223062E-12
1.41615343 8.08786892E-4 3.09095111E-12
1.41453779 8.06942408E-4 3.04276374E-12
1.41292572 8.0502755E-4 2.99471515E-12
1.41131747 8.03272531E-4 2.94643845E-12
1.40971279 8.01446848E-4 2.89792626E-12
1.40811169 7.99627393E-4 2.84917164E-12
1.40651429 7.97738147E-4 2.80017676E-12
1.40492058 7.96007225E-4 2.75098672E-12
1.40333033 7.9420628E-4 2.70148877E-12
1.40174377 7.92411389E-4 2.6517755E-12
1.40016079 7.90547288E-4 2.60194817E-12
1.39858139 7.88840058E-4 2.55284032E-12
1.39700544 7.87063385E-4 2.50594619E-12
1.39543319 7.8529265E-4 2.45925069E-12
1.39386439 7.83453288E-4 2.41356306E-12
1.39229918 7.81769282E-4 2.37079475E-12
1.39073741 7.80016358E-4 2.32924118E-12
1.38917911 7.78269372E-4 2.2908008E-12
1.38762438 7.76454282E-4 2.25363283E-12
1.38607311 7.74793094E-4 2.21628575E-12
1.3845253 7.73063628E-4 2.17943025E-12
1.38298082 7.71339925E-4 2.14523863E-12
1.38143992 7.69548642E-4 2.11147766E-12
1.37990248 7.67909922E-4 2.07758658E-12
1.37836838 7.66203448E-4 2.04353743E-12
1.37683773 7.6450262E-4 2.0093224E-12
1.37531042 7.62807438E-4 1.97494018E-12
1.37378657 7.61045376E-4 1.94039229E-12
1.37226605 7.5943413E-4 1.90567744E-12
1.37074888 7.5775577E-4 1.87080321E-12
1.36923504 7.56082998E-4 1.83581969E-12
1.36772454 7.5434387E-4 1.80100184E-12
1.36621749 7.5275416E-4 1.76788391E-12
1.36471367 7.51097919E-4 1.73497859E-12
1.36321306 7.49447092E-4 1.70245697E-12
1.36171591 7.4773049E-4 1.67227202E-12
1.36022198 7.4616191E-4 1.64304215E-12
1.35873139 7.4452738E-4 1.61474295E-12
1.3572439 7.42898148E-4 1.58858853E-12
1.35575986 7.41203665E-4 1.56239691E-12
1.35427892 7.39655923E-4 1.53617874E-12
1.3528012 7.38042698E-4 1.51167186E-12
1.35132682 7.36434711E-4 1.48794551E-12
1.34985554 7.34761998E-4 1.46418142E-12
1.3483876 7.33234629E-4 1.44031044E-12
1.34692276 7.31642358E-4 1.4163268E-12
1.34546101 7.3005521E-4 1.39222856E-12
1.3440026 7.28403858E-4 1.36801703E-12
1.3425473 7.26896629E-4 1.34369068E-12
1.34109497 7.25324906E-4 1.31925005E-12
1.33964598 7.23758305E-4 1.29470685E-12
1.33819997 7.22196768E-4 1.27017071E-12
1.33675718 7.2057161E-4 1.2466214E-12
1.33531761 7.19088945E-4 1.22354113E-12
1.3338809 7.17542483E-4 1.20052113E-12
1.33244741 7.1600097E-4 1.17905458E-12
1.33101702 7.14396418E-4 1.15850558E-12
1.32958961 7.12933019E-4 1.13805222E-12
1.32816529 7.11406406E-4 1.11921453E-12
1.32674408 7.09884625E-4 1.10086018E-12
1.32532585 7.08300271E-4 1.08242896E-12
1.32391071 7.06855848E-4 1.06466723E-12
1.32249844 7.05348677E-4 1.04798483E-12
1.32108927 7.03846279E-4 1.03133474E-12
1.31968319 7.02281832E-4 1.0146145E-12
1.31827998 7.00856035E-4 9.97819882E-13
1.31687975 6.99368014E-4 9.80946335E-13
1.3154825 6.97884709E-4 9.63994401E-13
1.31408834 6.96339761E-4 9.46964729E-13
1.31269705 6.949323E-4 9.29856235E-13
1.31130862 6.9346308E-4 9.12671306E-13
1.30992317 6.91998517E-4 8.95430485E-13
1.3085407 6.90472778E-4 8.78709974E-13
1.30716121 6.89083361E-4 8.62478708E-13
1.30578446 6.87632652E-4 8.46290594E-13
1.30441058 6.86186482E-4 8.30986701E-13
1.30303967 6.84744853E-4 8.16471456E-13
1.30167174 6.83242688E-4 8.0205791E-13
1.30030656 6.8187539E-4 7.88163697E-13
1.29894423 6.80447323E-4 7.75290639E-13
1.29758477 6.79023797E-4 7.6238988E-13
1.29622829 6.77540142E-4 7.4960692E-13
1.29487455 6.7619019E-4 7.3775724E-13
1.29352355 6.74779934E-4 7.26094423E-13
1.29217541 6.73374103E-4 7.14394418E-13
1.29083014 6.71908667E-4 7.02645353E-13
1.2894876 6.7057577E-4 6.90844029E-13
1.28814781 6.69183035E-4 6.78988495E-13
1.28681087 6.67794666E-4 6.67079239E-13
1.28547668 6.66347099E-4 6.55116694E-13
1.28414536 6.65030966E-4 6.43100319E-13
1.28281665 6.63655461E-4 6.31032878E-13
1.28149068 6.62284263E-4 6.19177615E-13
1.28016758 6.60854334E-4 6.07722802E-13
1.27884722 6.59554673E-4 5.96376193E-13
1.27752948 6.58196106E-4 5.85501645E-13
1.27621436 6.56841788E-4 5.75221619E-13
1.27490211 6.55429147E-4 5.6507533E-13
1.27359259 6.54145726E-4 5.55021686E-13
1.27228558 6.52803865E-4 5.4575951E-13
1.27098131 6.51466136E-4 5.36739164E-13
1.26967978 6.50132482E-4 5.27687486E-13
1.26838088 6.48741145E-4 5.19133998E-13
1.2670846 6.47477573E-4 5.10962095E-13
1.26579106 6.46156201E-4 5.02781627E-13
1.26450002 6.44838787E-4 4.94568958E-13
1.26321173 6.43464155E-4 4.86321974E-13
1.26192605 6.42216241E-4 4.7803867E-13
1.26064289 6.40910876E-4 4.69718231E-13
1.25936234 6.39609527E-4 4.61360984E-13
1.25808454 6.38251309E-4 4.52967226E-13
1.25680923 6.37018762E-4 4.4453704E-13
1.25553656 6.3572923E-4 4.36155669E-13
1.25426638 6.34443597E-4 4.28086467E-13
1.25299883 6.33101561E-4 4.20106251E-13
1.25173378 6.31884148E-4 4.12396517E-13
1.25047135 6.30610157E-4 4.05137729E-13
1.24921131 6.29340007E-4 3.97973023E-13
1.24795401 6.28013862E-4 3.90878085E-13
1.24669921 6.2681135E-4 3.84029505E-13
1.2454468 6.25552668E-4 3.77706303E-13
1.24419701 6.24297769E-4 3.71379089E-13
1.24294972 6.22987282E-4 3.65166881E-13
1.24170494 6.2179938E-4 3.59401799E-13
1.24046254 6.20555773E-4 3.53686698E-13
1.23922265 6.19315833E-4 3.47949561E-13
1.23798525 6.18079677E-4 3.42189981E-13
1.23675036 6.16788398E-4 3.36406602E-13
1.23551798 6.15618483E-4 3.30598179E-13
1.23428798 6.14393328E-4 3.24764331E-13
1.23306036 6.1317184E-4 3.18905248E-13
1.23183537 6.11895695E-4 3.13021175E-13
1.23061275 6.10739924E-4 3.07127289E-13
1.22939241 6.09529263E-4 3.01435417E-13
1.22817457 6.08322269E-4 2.95816811E-13
1.22695923 6.07060967E-4 2.90352269E-13
1.22574627 6.05919107E-4 2.85242451E-13
1.22453558 6.04722765E-4 2.80181558E-13
1.22332728 6.03529974E-4 2.7518447E-13
1.22212148 6.0228334E-4 2.70234844E-13
1.22091806 6.01155101E-4 2.65658968E-13
1.21971691 5.99972904E-4 2.6124388E-13
1.21851814 5.9879414E-4 2.56820634E-13
1.21732187 5.97561884E-4 2.52668573E-13
1.21612787 5.96447149E-4 2.48673694E-13
1.21493614 5.95278747E-4 2.44670441E-13
1.21374667 5.94113779E-4 2.40651249E-13
1.2125597 5.92895725E-4 2.36616851E-13
1.211375 5.91794204E-4 2.32565676E-13
1.21019256 5.9063948E-4 2.28497153E-13
1.20901239 5.89488074E-4 2.24411378E-13
1.2078346 5.88340103E-4 2.2030835E-13
1.20665908 5.87139511E-4 2.16188246E-13
1.20548594 5.8605423E-4 2.12156898E-13
1.20431495 5.84916212E-4 2.08226435E-13
1.20314622 5.8378157E-4 2.04342199E-13
1.20197988 5.82594657E-4 2.00735194E-13
1.2008158 5.81522181E-4 1.97188267E-13
1.19965386 5.80397318E-4 1.9366045E-13
1.1984942 5.79275773E-4 1.90174509E-13
1.19733679 5.78102365E-4 1.86787949E-13
1.19618165 5.77042461E-4 1.83684001E-13
1.19502866 5.75930637E-4 1.80593902E-13
1.19387794 5.74821956E-4 1.77569886E-13
1.19272947 5.73661877E-4 1.74760271E-13
1.19158316 5.72614372E-4 1.71969969E-13
1.19043899 5.71515237E-4 1.6916816E-13
1.18929708 5.70419361E-4 1.66355712E-13
1.18815744 5.69272321E-4 1.63532721E-13
1.18701994 5.68236981E-4 1.60698129E-13
1.18588448 5.67150477E-4 1.57851623E-13
1.18475127 5.66067058E-4 1.54993328E-13
1.18362033 5.6493294E-4 1.5212339E-13
1.18249142 5.63909649E-4 1.4927202E-13
1.18136477 5.62835543E-4 1.46520857E-13
1.18024015 5.61764464E-4 1.43779669E-13
1.17911768 5.60696411E-4 1.41210977E-13
1.17799735 5.59578126E-4 1.38730946E-13
1.17687929 5.5856962E-4 1.36255441E-13
1.17576313 5.57510706E-4 1.33800252E-13
1.17464924 5.56454761E-4 1.31368535E-13
1.17353737 5.55348932E-4 1.29097498E-13
1.17242765 5.54352009E-4 1.26945356E-13
1.17132008 5.53305086E-4 1.24789976E-13
1.17021441 5.52261074E-4 1.22767261E-13
1.16911101 5.51167526E-4 1.20820481E-13
1.16800964 5.50182012E-4 1.18869446E-13
1.16691041 5.49146847E-4 1.16910415E-13
1.16581309 5.48114593E-4 1.14944282E-13
1.16471791 5.47033153E-4 1.12970817E-13
1.16362488 5.46058873E-4 1.10989336E-13
1.16253376 5.45035349E-4 1.08999717E-13
1.16144466 5.4401462E-4 1.07002054E-13
1.16035771 5.42945112E-4 1.04999946E-13
1.15927279 5.4198195E-4 1.0306289E-13
1.15818989 5.40969835E-4 1.01147999E-13
1.1571089 5.39960514E-4 9.9303771E-14
1.15603006 5.38902706E-4 9.75669537E-14
1.15495324 5.37950487E-4 9.58383763E-14
1.15387833 5.36949607E-4 9.41115878E-14
1.15280545 5.35951578E-4 9.24021534E-14
1.15173447 5.34956285E-4 9.07241472E-14
1.15066564 5.33912855E-4 8.91951579E-14
1.14959872 5.32974082E-4 8.7691837E-14
1.14853382 5.31987054E-4 8.62167732E-14
1.14747083 5.31002821E-4 8.48474665E-14
1.14640987 5.29970741E-4 8.34897811E-14
1.14535081 5.29042503E-4 8.21267764E-14
1.14429367 5.28066419E-4 8.07583506E-14
1.14323854 5.27093012E-4 7.93851814E-14
1.14218533 5.26072108E-4 7.80068759E-14
1.14113414 5.2515429E-4 7.66230815E-14
1.14008486 5.24188916E-4 7.52337239E-14
1.13903737 5.23226219E-4 7.38388639E-14
1.13799191 5.22216375E-4 7.24657693E-14
1.13694847 5.21308801E-4 7.11328782E-14
1.13590682 5.2035402E-4 6.98197942E-14
1.13486707 5.19401801E-4 6.85906342E-14
1.13382924 5.18402841E-4 6.73839578E-14
1.13279331 5.17505396E-4 6.61792534E-14
1.13175929 5.16560976E-4 6.49765208E-14
1.13072705 5.15619235E-4 6.37878015E-14
1.12969685 5.14630927E-4 6.26485558E-14
1.12866843 5.13743435E-4 6.16003694E-14
1.12764192 5.12809318E-4 6.05523457E-14
