

                ecliptic
RA      Dec     latitude
346.627  -5.043   0.630

Checked interval [2020-01-01, 2023-12-31]
|           Window [days]                 |    Normal V3 PA [deg]    |
   Start           End         Duration         Start         End         RA            Dec     
 2020-06-01      2020-07-23        52.00     247.27466     246.71194     346.62650      -5.04350 
 2020-10-24      2020-12-13        50.00      68.00002      67.12702     346.62650      -5.04350 
 2021-06-01      2021-07-23        52.00     247.29551     246.70971     346.62650      -5.04350 
 2021-10-24      2021-12-13        50.00      68.00619      67.11052     346.62650      -5.04350 
 2022-06-01      2022-07-23        52.00     247.31714     246.70193     346.62650      -5.04350 
 2022-10-24      2022-12-13        50.00      68.00838      67.09516     346.62650      -5.04350 
 2023-06-01      2023-07-23        52.09     247.33870     246.68672     346.62650      -5.04350 
 2023-10-24      2023-12-13        49.95      68.00381      67.08251     346.62650      -5.04350 


                V3PA          NIRCam           NIRSpec         NIRISS           MIRI          FGS
   Date      min    max      min    max       min    max     min    max      min    max      min    max

2020-06-02   243.35 251.20   243.23 251.09    21.84  29.69   243.92 251.77   248.18 256.04   242.10 249.95
2020-06-03   242.74 251.79   242.63 251.68    21.23  30.29   243.31 252.36   247.57 256.63   241.49 250.54
2020-06-04   242.16 252.36   242.04 252.25    20.65  30.86   242.72 252.93   246.99 257.20   240.90 251.11
2020-06-05   242.15 252.35   242.04 252.24    20.64  30.85   242.72 252.92   246.99 257.19   240.90 251.10
2020-06-06   242.15 252.35   242.03 252.23    20.64  30.84   242.72 252.92   246.98 257.18   240.89 251.09
2020-06-07   242.14 252.34   242.03 252.23    20.63  30.83   242.71 252.91   246.97 257.17   240.89 251.09
2020-06-08   242.13 252.33   242.02 252.22    20.62  30.83   242.70 252.90   246.96 257.17   240.88 251.08
2020-06-09   242.12 252.33   242.01 252.22    20.61  30.82   242.69 252.90   246.95 257.16   240.87 251.08
2020-06-10   242.11 252.33   242.00 252.21    20.60  30.82   242.68 252.90   246.94 257.16   240.86 251.07
2020-06-11   242.10 252.32   241.98 252.21    20.59  30.82   242.67 252.89   246.93 257.16   240.84 251.07
2020-06-12   242.08 252.32   241.97 252.21    20.57  30.82   242.65 252.89   246.92 257.16   240.83 251.07
2020-06-13   242.07 252.33   241.95 252.21    20.56  30.82   242.64 252.90   246.90 257.16   240.81 251.07
2020-06-14   242.05 252.33   241.94 252.22    20.54  30.82   242.62 252.90   246.88 257.16   240.80 251.08
2020-06-15   242.03 252.33   241.92 252.22    20.52  30.82   242.60 252.90   246.86 257.17   240.78 251.08
2020-06-16   242.01 252.34   241.90 252.23    20.50  30.83   242.58 252.91   246.84 257.17   240.76 251.09
2020-06-17   241.99 252.34   241.87 252.23    20.48  30.84   242.56 252.91   246.82 257.18   240.74 251.09
2020-06-18   241.96 252.35   241.85 252.24    20.46  30.85   242.53 252.92   246.80 257.19   240.71 251.10
2020-06-19   241.94 252.36   241.83 252.25    20.43  30.86   242.51 252.93   246.77 257.20   240.69 251.11
2020-06-20   241.91 252.37   241.80 252.26    20.40  30.87   242.48 252.94   246.74 257.21   240.66 251.12
2020-06-21   241.88 252.39   241.77 252.28    20.37  30.88   242.45 252.96   246.72 257.22   240.63 251.14
2020-06-22   241.85 252.40   241.74 252.29    20.34  30.89   242.42 252.97   246.69 257.24   240.60 251.15
2020-06-23   241.82 252.42   241.71 252.31    20.31  30.91   242.39 252.99   246.65 257.25   240.57 251.17
2020-06-24   241.78 252.44   241.67 252.32    20.28  30.93   242.35 253.01   246.62 257.27   240.53 251.19
2020-06-25   241.75 252.46   241.64 252.34    20.24  30.95   242.32 253.03   246.58 257.29   240.50 251.20
2020-06-26   241.71 252.48   241.60 252.36    20.20  30.97   242.28 253.05   246.54 257.31   240.46 251.23
2020-06-27   241.67 252.50   241.56 252.39    20.16  30.99   242.24 253.07   246.50 257.33   240.42 251.25
2020-06-28   241.63 252.52   241.51 252.41    20.12  31.02   242.20 253.09   246.46 257.36   240.38 251.27
2020-06-29   241.58 252.55   241.47 252.44    20.07  31.04   242.15 253.12   246.42 257.38   240.33 251.30
2020-06-30   241.53 252.58   241.42 252.46    20.03  31.07   242.10 253.15   246.37 257.41   240.28 251.33
2020-07-01   241.49 252.61   241.37 252.49    19.98  31.10   242.06 253.18   246.32 257.44   240.23 251.36
2020-07-02   241.43 252.64   241.32 252.53    19.93  31.13   242.00 253.21   246.27 257.47   240.18 251.39
2020-07-03   241.38 252.67   241.27 252.56    19.87  31.16   241.95 253.24   246.21 257.51   240.13 251.42
2020-07-04   241.32 252.71   241.21 252.60    19.82  31.20   241.89 253.28   246.16 257.54   240.07 251.46
2020-07-05   241.26 252.75   241.15 252.63    19.76  31.24   241.83 253.32   246.10 257.58   240.01 251.50
2020-07-06   241.20 252.79   241.09 252.67    19.69  31.28   241.77 253.36   246.04 257.62   239.95 251.54
2020-07-07   241.14 252.83   241.02 252.72    19.63  31.32   241.71 253.40   245.97 257.66   239.88 251.58
2020-07-08   241.07 252.87   240.95 252.76    19.56  31.37   241.64 253.44   245.90 257.71   239.82 251.62
2020-07-09   241.00 252.92   240.88 252.81    19.49  31.41   241.57 253.49   245.83 257.75   239.74 251.67
2020-07-10   240.92 252.97   240.81 252.86    19.41  31.46   241.49 253.54   245.75 257.80   239.67 251.72
2020-07-11   240.84 253.02   240.73 252.91    19.33  31.51   241.41 253.59   245.68 257.86   239.59 251.77
2020-07-12   240.76 253.08   240.65 252.96    19.25  31.57   241.33 253.65   245.59 257.91   239.51 251.83
2020-07-13   240.67 253.14   240.56 253.02    19.17  31.63   241.24 253.71   245.51 257.97   239.42 251.88
2020-07-14   240.58 253.20   240.47 253.08    19.08  31.69   241.15 253.77   245.42 258.03   239.33 251.95
2020-07-15   240.49 253.26   240.38 253.15    18.98  31.75   241.06 253.83   245.32 258.09   239.24 252.01
2020-07-16   240.39 253.33   240.28 253.22    18.88  31.82   240.96 253.90   245.22 258.16   239.14 252.08
2020-07-17   240.29 253.40   240.17 253.29    18.78  31.89   240.86 253.97   245.12 258.23   239.04 252.15
2020-07-18   240.18 253.47   240.07 253.36    18.67  31.97   240.75 254.04   245.01 258.31   238.93 252.22
2020-07-19   240.07 253.55   239.95 253.44    18.56  32.04   240.64 254.12   244.90 258.39   238.81 252.30
2020-07-20   239.95 253.63   239.83 253.52    18.44  32.13   240.52 254.20   244.78 258.47   238.70 252.38
2020-07-21   239.82 253.72   239.71 253.61    18.31  32.21   240.39 254.29   244.66 258.56   238.57 252.47
2020-07-22   239.69 253.81   239.58 253.70    18.18  32.31   240.26 254.38   244.52 258.65   238.44 252.56
2020-07-23   239.55 253.91   239.44 253.80    18.04  32.40   240.12 254.48   244.39 258.74   238.30 252.66

2020-10-25    60.89  75.10    60.78  74.99   199.38 213.60    61.46  75.67    65.72  79.94    59.64  73.85
2020-10-26    60.98  74.96    60.87  74.85   199.47 213.46    61.55  75.53    65.82  79.80    59.73  73.71
2020-10-27    61.07  74.83    60.96  74.72   199.56 213.32    61.64  75.40    65.90  79.66    59.82  73.58
2020-10-28    61.15  74.70    61.04  74.59   199.64 213.19    61.72  75.27    65.98  79.53    59.90  73.45
2020-10-29    61.23  74.58    61.11  74.46   199.72 213.07    61.80  75.15    66.06  79.41    59.98  73.33
2020-10-30    61.30  74.46    61.19  74.35   199.79 212.95    61.87  75.03    66.13  79.29    60.05  73.21
2020-10-31    61.37  74.35    61.26  74.23   199.86 212.84    61.94  74.92    66.20  79.18    60.12  73.09
2020-11-01    61.43  74.24    61.32  74.13   199.92 212.73    62.00  74.81    66.27  79.07    60.18  72.99
2020-11-02    61.49  74.13    61.38  74.02   199.99 212.63    62.06  74.70    66.33  78.97    60.24  72.88
2020-11-03    61.55  74.04    61.44  73.92   200.04 212.53    62.12  74.61    66.39  78.87    60.30  72.78
2020-11-04    61.61  73.94    61.49  73.83   200.10 212.43    62.18  74.51    66.44  78.77    60.36  72.69
2020-11-05    61.66  73.85    61.54  73.74   200.15 212.34    62.23  74.42    66.49  78.68    60.41  72.60
2020-11-06    61.71  73.76    61.59  73.65   200.20 212.25    62.28  74.33    66.54  78.60    60.45  72.51
2020-11-07    61.75  73.68    61.64  73.57   200.24 212.17    62.32  74.25    66.59  78.51    60.50  72.43
2020-11-08    61.79  73.60    61.68  73.49   200.29 212.09    62.36  74.17    66.63  78.43    60.54  72.35
2020-11-09    61.83  73.52    61.72  73.41   200.33 212.01    62.40  74.09    66.67  78.36    60.58  72.27
2020-11-10    61.87  73.45    61.76  73.34   200.36 211.94    62.44  74.02    66.71  78.28    60.62  72.20
2020-11-11    61.91  73.38    61.79  73.26   200.40 211.87    62.48  73.95    66.74  78.21    60.66  72.13
2020-11-12    61.94  73.31    61.83  73.20   200.43 211.80    62.51  73.88    66.77  78.14    60.69  72.06
2020-11-13    61.97  73.24    61.86  73.13   200.46 211.74    62.54  73.81    66.80  78.08    60.72  71.99
2020-11-14    62.00  73.18    61.88  73.07   200.49 211.67    62.57  73.75    66.83  78.02    60.75  71.93
2020-11-15    62.02  73.12    61.91  73.01   200.52 211.61    62.59  73.69    66.86  77.96    60.77  71.87
2020-11-16    62.05  73.06    61.93  72.95   200.54 211.56    62.62  73.63    66.88  77.90    60.80  71.81
2020-11-17    62.07  73.01    61.96  72.90   200.56 211.50    62.64  73.58    66.90  77.84    60.82  71.76
2020-11-18    62.09  72.96    61.98  72.84   200.58 211.45    62.66  73.53    66.92  77.79    60.84  71.71
2020-11-19    62.11  72.91    61.99  72.79   200.60 211.40    62.68  73.48    66.94  77.74    60.85  71.66
2020-11-20    62.12  72.86    62.01  72.75   200.61 211.35    62.69  73.43    66.96  77.69    60.87  71.61
2020-11-21    62.14  72.81    62.02  72.70   200.63 211.30    62.71  73.38    66.97  77.65    60.88  71.56
2020-11-22    62.15  72.77    62.04  72.66   200.64 211.26    62.72  73.34    66.98  77.60    60.90  71.52
2020-11-23    62.16  72.73    62.05  72.61   200.65 211.22    62.73  73.30    66.99  77.56    60.91  71.48
2020-11-24    62.17  72.69    62.05  72.57   200.66 211.18    62.74  73.26    67.00  77.52    60.92  71.44
2020-11-25    62.17  72.65    62.06  72.54   200.67 211.14    62.74  73.22    67.01  77.48    60.92  71.40
2020-11-26    62.18  72.61    62.07  72.50   200.67 211.10    62.75  73.18    67.01  77.45    60.93  71.36
2020-11-27    62.18  72.58    62.07  72.47   200.67 211.07    62.75  73.15    67.02  77.41    60.93  71.33
2020-11-28    62.18  72.55    62.07  72.43   200.68 211.04    62.75  73.12    67.02  77.38    60.93  71.29
2020-11-29    62.18  72.51    62.07  72.40   200.68 211.01    62.75  73.08    67.02  77.35    60.93  71.26
2020-11-30    62.18  72.49    62.07  72.37   200.68 210.98    62.75  73.06    67.02  77.32    60.93  71.23
2020-12-01    62.18  72.46    62.07  72.35   200.67 210.95    62.75  73.03    67.01  77.29    60.93  71.21
2020-12-02    62.18  72.43    62.06  72.32   200.67 210.93    62.75  73.00    67.01  77.27    60.92  71.18
2020-12-03    62.17  72.41    62.06  72.30   200.66 210.90    62.74  72.98    67.00  77.24    60.92  71.16
2020-12-04    62.16  72.39    62.05  72.27   200.65 210.88    62.73  72.96    67.00  77.22    60.91  71.14
2020-12-05    62.15  72.37    62.04  72.25   200.64 210.86    62.72  72.94    66.99  77.20    60.90  71.12
2020-12-06    62.14  72.35    62.03  72.24   200.63 210.84    62.71  72.92    66.98  77.18    60.89  71.10
2020-12-07    62.13  72.33    62.02  72.22   200.62 210.82    62.70  72.90    66.96  77.16    60.88  71.08
2020-12-08    62.11  72.31    62.00  72.20   200.61 210.81    62.68  72.88    66.95  77.15    60.86  71.06
2020-12-09    62.10  72.30    61.99  72.19   200.59 210.79    62.67  72.87    66.93  77.14    60.85  71.05
2020-12-10    62.08  72.29    61.97  72.18   200.57 210.78    62.65  72.86    66.92  77.12    60.83  71.04
2020-12-11    62.45  71.89    62.34  71.78   200.94 210.38    63.02  72.46    67.29  76.72    61.20  70.64
2020-12-12    63.08  71.23    62.96  71.12   201.57 209.73    63.65  71.80    67.91  76.07    61.83  69.98
2020-12-13    63.70  70.58    63.59  70.47   202.19 209.07    64.27  71.15    68.53  75.42    62.45  69.33

2021-06-02   243.52 251.07   243.41 250.96    22.01  29.56   244.09 251.64   248.35 255.91   242.27 249.82
2021-06-03   242.91 251.66   242.80 251.55    21.40  30.16   243.48 252.23   247.74 256.50   241.66 250.41
2021-06-04   242.30 252.26   242.19 252.15    20.79  30.75   242.87 252.83   247.14 257.09   241.05 251.01
2021-06-05   242.17 252.38   242.06 252.26    20.66  30.87   242.74 252.95   247.01 257.21   240.92 251.13
2021-06-06   242.17 252.37   242.05 252.25    20.66  30.86   242.74 252.94   247.00 257.20   240.92 251.12
2021-06-07   242.16 252.36   242.05 252.25    20.65  30.85   242.73 252.93   246.99 257.19   240.91 251.11
2021-06-08   242.15 252.35   242.04 252.24    20.64  30.85   242.72 252.92   246.99 257.19   240.90 251.10
2021-06-09   242.14 252.35   242.03 252.24    20.63  30.84   242.71 252.92   246.98 257.18   240.89 251.10
2021-06-10   242.13 252.35   242.02 252.23    20.62  30.84   242.70 252.92   246.97 257.18   240.88 251.10
2021-06-11   242.12 252.34   242.01 252.23    20.61  30.84   242.69 252.91   246.95 257.18   240.87 251.09
2021-06-12   242.11 252.34   241.99 252.23    20.60  30.84   242.67 252.91   246.94 257.18   240.85 251.09
2021-06-13   242.09 252.34   241.98 252.23    20.58  30.84   242.66 252.91   246.92 257.18   240.84 251.09
2021-06-14   242.07 252.35   241.96 252.23    20.56  30.84   242.64 252.92   246.91 257.18   240.82 251.10
2021-06-15   242.05 252.35   241.94 252.24    20.55  30.84   242.62 252.92   246.89 257.19   240.80 251.10
2021-06-16   242.03 252.36   241.92 252.24    20.53  30.85   242.60 252.93   246.87 257.19   240.78 251.11
2021-06-17   242.01 252.36   241.90 252.25    20.50  30.86   242.58 252.93   246.85 257.20   240.76 251.11
2021-06-18   241.99 252.37   241.88 252.26    20.48  30.86   242.56 252.94   246.82 257.21   240.74 251.12
2021-06-19   241.96 252.38   241.85 252.27    20.46  30.87   242.53 252.95   246.80 257.21   240.71 251.13
2021-06-20   241.94 252.39   241.82 252.28    20.43  30.88   242.51 252.96   246.77 257.23   240.69 251.14
2021-06-21   241.91 252.40   241.79 252.29    20.40  30.90   242.48 252.97   246.74 257.24   240.66 251.15
2021-06-22   241.88 252.42   241.76 252.31    20.37  30.91   242.45 252.99   246.71 257.25   240.63 251.17
2021-06-23   241.84 252.43   241.73 252.32    20.34  30.93   242.41 253.00   246.68 257.27   240.59 251.18
2021-06-24   241.81 252.45   241.70 252.34    20.30  30.94   242.38 253.02   246.64 257.28   240.56 251.20
2021-06-25   241.77 252.47   241.66 252.36    20.27  30.96   242.34 253.04   246.61 257.30   240.52 251.22
2021-06-26   241.74 252.49   241.62 252.38    20.23  30.98   242.31 253.06   246.57 257.32   240.48 251.24
2021-06-27   241.70 252.51   241.58 252.40    20.19  31.00   242.26 253.08   246.53 257.35   240.44 251.26
2021-06-28   241.65 252.53   241.54 252.42    20.14  31.03   242.22 253.10   246.49 257.37   240.40 251.28
2021-06-29   241.61 252.56   241.50 252.45    20.10  31.05   242.18 253.13   246.44 257.39   240.36 251.31
2021-06-30   241.56 252.59   241.45 252.47    20.05  31.08   242.13 253.16   246.40 257.42   240.31 251.34
2021-07-01   241.51 252.62   241.40 252.50    20.00  31.11   242.08 253.19   246.35 257.45   240.26 251.37
2021-07-02   241.46 252.65   241.35 252.53    19.95  31.14   242.03 253.22   246.29 257.48   240.21 251.40
2021-07-03   241.41 252.68   241.29 252.57    19.90  31.17   241.98 253.25   246.24 257.51   240.15 251.43
2021-07-04   241.35 252.71   241.24 252.60    19.84  31.21   241.92 253.28   246.18 257.55   240.10 251.46
2021-07-05   241.29 252.75   241.18 252.64    19.78  31.24   241.86 253.32   246.12 257.59   240.04 251.50
2021-07-06   241.23 252.79   241.11 252.68    19.72  31.28   241.80 253.36   246.06 257.62   239.97 251.54
2021-07-07   241.16 252.83   241.05 252.72    19.65  31.32   241.73 253.40   245.99 257.67   239.91 251.58
2021-07-08   241.09 252.87   240.98 252.76    19.58  31.37   241.66 253.44   245.93 257.71   239.84 251.62
2021-07-09   241.02 252.92   240.91 252.81    19.51  31.41   241.59 253.49   245.85 257.75   239.77 251.67
2021-07-10   240.94 252.97   240.83 252.86    19.44  31.46   241.51 253.54   245.78 257.80   239.69 251.72
2021-07-11   240.87 253.02   240.75 252.91    19.36  31.51   241.44 253.59   245.70 257.85   239.62 251.77
2021-07-12   240.78 253.07   240.67 252.96    19.28  31.57   241.35 253.64   245.62 257.91   239.53 251.82
2021-07-13   240.70 253.13   240.58 253.02    19.19  31.62   241.27 253.70   245.53 257.96   239.45 251.88
2021-07-14   240.61 253.19   240.49 253.08    19.10  31.68   241.18 253.76   245.44 258.02   239.36 251.94
2021-07-15   240.51 253.25   240.40 253.14    19.01  31.74   241.08 253.82   245.35 258.09   239.26 252.00
2021-07-16   240.41 253.32   240.30 253.20    18.91  31.81   240.98 253.89   245.25 258.15   239.16 252.07
2021-07-17   240.31 253.39   240.20 253.27    18.80  31.88   240.88 253.96   245.14 258.22   239.06 252.13
2021-07-18   240.20 253.46   240.09 253.35    18.69  31.95   240.77 254.03   245.04 258.29   238.95 252.21
2021-07-19   240.09 253.53   239.98 253.42    18.58  32.03   240.66 254.10   244.92 258.37   238.84 252.28
2021-07-20   239.97 253.62   239.86 253.50    18.46  32.11   240.54 254.19   244.80 258.45   238.72 252.36
2021-07-21   239.84 253.70   239.73 253.59    18.34  32.19   240.41 254.27   244.68 258.53   238.59 252.45
2021-07-22   239.71 253.79   239.60 253.68    18.21  32.28   240.28 254.36   244.55 258.62   238.46 252.54
2021-07-23   239.58 253.88   239.46 253.77    18.07  32.38   240.15 254.45   244.41 258.72   238.33 252.63

2021-10-25    60.86  75.15    60.75  75.03   199.35 213.64    61.43  75.72    65.70  79.98    59.61  73.90
2021-10-26    60.95  75.00    60.84  74.89   199.45 213.49    61.52  75.57    65.79  79.84    59.70  73.75
2021-10-27    61.04  74.86    60.93  74.75   199.53 213.36    61.61  75.43    65.87  79.70    59.79  73.61
2021-10-28    61.12  74.73    61.01  74.62   199.61 213.23    61.69  75.30    65.96  79.57    59.87  73.48
2021-10-29    61.20  74.61    61.09  74.49   199.69 213.10    61.77  75.18    66.03  79.44    59.95  73.36
2021-10-30    61.27  74.49    61.16  74.37   199.77 212.98    61.84  75.06    66.11  79.32    60.02  73.24
2021-10-31    61.34  74.37    61.23  74.26   199.83 212.86    61.91  74.94    66.18  79.21    60.09  73.12
2021-11-01    61.41  74.26    61.29  74.15   199.90 212.75    61.98  74.83    66.24  79.10    60.16  73.01
2021-11-02    61.47  74.16    61.36  74.04   199.96 212.65    62.04  74.73    66.30  78.99    60.22  72.91
2021-11-03    61.53  74.06    61.41  73.94   200.02 212.55    62.10  74.63    66.36  78.89    60.28  72.81
2021-11-04    61.58  73.96    61.47  73.85   200.07 212.45    62.15  74.53    66.42  78.79    60.33  72.71
2021-11-05    61.63  73.87    61.52  73.75   200.13 212.36    62.20  74.44    66.47  78.70    60.38  72.62
2021-11-06    61.68  73.78    61.57  73.66   200.17 212.27    62.25  74.35    66.52  78.61    60.43  72.53
2021-11-07    61.73  73.69    61.62  73.58   200.22 212.18    62.30  74.26    66.56  78.53    60.48  72.44
2021-11-08    61.77  73.61    61.66  73.50   200.26 212.10    62.34  74.18    66.61  78.44    60.52  72.36
2021-11-09    61.81  73.53    61.70  73.42   200.30 212.02    62.38  74.10    66.65  78.37    60.56  72.28
2021-11-10    61.85  73.46    61.74  73.34   200.34 211.95    62.42  74.03    66.68  78.29    60.60  72.21
2021-11-11    61.88  73.38    61.77  73.27   200.38 211.88    62.45  73.95    66.72  78.22    60.63  72.13
2021-11-12    61.92  73.31    61.80  73.20   200.41 211.81    62.49  73.88    66.75  78.15    60.67  72.06
2021-11-13    61.95  73.25    61.83  73.14   200.44 211.74    62.52  73.82    66.78  78.08    60.70  72.00
2021-11-14    61.98  73.18    61.86  73.07   200.47 211.68    62.55  73.75    66.81  78.02    60.72  71.93
2021-11-15    62.00  73.12    61.89  73.01   200.49 211.62    62.57  73.69    66.84  77.96    60.75  71.87
2021-11-16    62.03  73.07    61.91  72.95   200.52 211.56    62.60  73.63    66.86  77.90    60.77  71.81
2021-11-17    62.05  73.01    61.94  72.90   200.54 211.50    62.62  73.58    66.88  77.84    60.80  71.76
2021-11-18    62.07  72.96    61.95  72.84   200.56 211.45    62.64  73.53    66.90  77.79    60.82  71.70
2021-11-19    62.09  72.90    61.97  72.79   200.58 211.40    62.66  73.47    66.92  77.74    60.83  71.65
2021-11-20    62.10  72.85    61.99  72.74   200.59 211.35    62.67  73.42    66.94  77.69    60.85  71.60
2021-11-21    62.12  72.81    62.00  72.70   200.61 211.30    62.69  73.38    66.95  77.64    60.86  71.56
2021-11-22    62.13  72.76    62.02  72.65   200.62 211.26    62.70  73.33    66.96  77.60    60.88  71.51
2021-11-23    62.14  72.72    62.03  72.61   200.63 211.21    62.71  73.29    66.97  77.55    60.89  71.47
2021-11-24    62.15  72.68    62.03  72.57   200.64 211.17    62.72  73.25    66.98  77.51    60.90  71.43
2021-11-25    62.15  72.64    62.04  72.53   200.65 211.13    62.72  73.21    66.99  77.47    60.90  71.39
2021-11-26    62.16  72.60    62.05  72.49   200.65 211.10    62.73  73.17    66.99  77.44    60.91  71.35
2021-11-27    62.16  72.57    62.05  72.46   200.66 211.06    62.73  73.14    67.00  77.40    60.91  71.32
2021-11-28    62.17  72.53    62.05  72.42   200.66 211.03    62.74  73.10    67.00  77.37    60.91  71.28
2021-11-29    62.17  72.50    62.05  72.39   200.66 211.00    62.74  73.07    67.00  77.34    60.92  71.25
2021-11-30    62.16  72.47    62.05  72.36   200.66 210.97    62.73  73.04    67.00  77.31    60.91  71.22
2021-12-01    62.16  72.45    62.05  72.33   200.65 210.94    62.73  73.02    67.00  77.28    60.91  71.20
2021-12-02    62.16  72.42    62.05  72.31   200.65 210.91    62.73  72.99    66.99  77.25    60.91  71.17
2021-12-03    62.15  72.40    62.04  72.28   200.64 210.89    62.72  72.97    66.99  77.23    60.90  71.14
2021-12-04    62.14  72.37    62.03  72.26   200.64 210.86    62.71  72.94    66.98  77.21    60.89  71.12
2021-12-05    62.14  72.35    62.02  72.24   200.63 210.84    62.70  72.92    66.97  77.19    60.88  71.10
2021-12-06    62.12  72.33    62.01  72.22   200.62 210.82    62.69  72.90    66.96  77.17    60.87  71.08
2021-12-07    62.11  72.31    62.00  72.20   200.60 210.81    62.68  72.88    66.95  77.15    60.86  71.06
2021-12-08    62.10  72.30    61.99  72.19   200.59 210.79    62.67  72.87    66.93  77.13    60.85  71.05
2021-12-09    62.08  72.28    61.97  72.17   200.58 210.78    62.65  72.85    66.92  77.12    60.83  71.03
2021-12-10    62.07  72.27    61.95  72.16   200.56 210.76    62.64  72.84    66.90  77.11    60.82  71.02
2021-12-11    62.29  72.02    62.17  71.91   200.78 210.51    62.86  72.59    67.12  76.86    61.03  70.77
2021-12-12    62.91  71.37    62.80  71.25   201.40 209.86    63.48  71.94    67.74  76.20    61.66  70.12
2021-12-13    63.53  70.71    63.42  70.60   202.03 209.21    64.10  71.28    68.37  75.55    62.28  69.46

2022-06-02   243.68 250.95   243.57 250.84    22.17  29.44   244.25 251.52   248.51 255.79   242.43 249.70
2022-06-03   243.07 251.55   242.96 251.43    21.56  30.04   243.64 252.12   247.91 256.38   241.82 250.30
2022-06-04   242.46 252.14   242.35 252.03    20.96  30.63   243.03 252.71   247.30 256.98   241.21 250.89
2022-06-05   242.19 252.40   242.08 252.29    20.69  30.89   242.76 252.97   247.03 257.23   240.94 251.15
2022-06-06   242.19 252.39   242.08 252.28    20.68  30.88   242.76 252.96   247.02 257.22   240.94 251.14
2022-06-07   242.18 252.38   242.07 252.27    20.67  30.87   242.75 252.95   247.02 257.22   240.93 251.13
2022-06-08   242.17 252.38   242.06 252.26    20.67  30.87   242.74 252.95   247.01 257.21   240.92 251.12
2022-06-09   242.16 252.37   242.05 252.26    20.66  30.86   242.73 252.94   247.00 257.20   240.91 251.12
2022-06-10   242.15 252.37   242.04 252.25    20.65  30.86   242.72 252.94   246.99 257.20   240.90 251.12
2022-06-11   242.14 252.36   242.03 252.25    20.63  30.86   242.71 252.93   246.98 257.20   240.89 251.11
2022-06-12   242.13 252.36   242.02 252.25    20.62  30.86   242.70 252.93   246.96 257.20   240.88 251.11
2022-06-13   242.11 252.36   242.00 252.25    20.60  30.86   242.68 252.93   246.95 257.20   240.86 251.11
2022-06-14   242.10 252.37   241.98 252.25    20.59  30.86   242.67 252.94   246.93 257.20   240.84 251.12
2022-06-15   242.08 252.37   241.96 252.26    20.57  30.86   242.65 252.94   246.91 257.20   240.83 251.12
2022-06-16   242.06 252.37   241.94 252.26    20.55  30.87   242.63 252.94   246.89 257.21   240.81 251.12
2022-06-17   242.04 252.38   241.92 252.27    20.53  30.87   242.61 252.95   246.87 257.21   240.78 251.13
2022-06-18   242.01 252.39   241.90 252.28    20.50  30.88   242.58 252.96   246.85 257.22   240.76 251.14
2022-06-19   241.99 252.40   241.87 252.28    20.48  30.89   242.56 252.97   246.82 257.23   240.74 251.15
2022-06-20   241.96 252.41   241.85 252.29    20.45  30.90   242.53 252.98   246.79 257.24   240.71 251.16
2022-06-21   241.93 252.42   241.82 252.31    20.42  30.91   242.50 252.99   246.76 257.25   240.68 251.17
2022-06-22   241.90 252.43   241.79 252.32    20.39  30.92   242.47 253.00   246.73 257.27   240.65 251.18
2022-06-23   241.87 252.45   241.75 252.33    20.36  30.94   242.44 253.02   246.70 257.28   240.62 251.20
2022-06-24   241.83 252.46   241.72 252.35    20.33  30.96   242.40 253.03   246.67 257.30   240.58 251.21
2022-06-25   241.80 252.48   241.68 252.37    20.29  30.97   242.37 253.05   246.63 257.31   240.55 251.23
2022-06-26   241.76 252.50   241.65 252.39    20.25  30.99   242.33 253.07   246.59 257.33   240.51 251.25
2022-06-27   241.72 252.52   241.61 252.41    20.21  31.01   242.29 253.09   246.55 257.36   240.47 251.27
2022-06-28   241.67 252.54   241.56 252.43    20.17  31.04   242.24 253.11   246.51 257.38   240.42 251.29
2022-06-29   241.63 252.57   241.52 252.46    20.12  31.06   242.20 253.14   246.46 257.40   240.38 251.32
2022-06-30   241.58 252.59   241.47 252.48    20.07  31.09   242.15 253.16   246.42 257.43   240.33 251.34
2022-07-01   241.53 252.62   241.42 252.51    20.03  31.11   242.10 253.19   246.37 257.46   240.28 251.37
2022-07-02   241.48 252.65   241.37 252.54    19.97  31.14   242.05 253.22   246.31 257.49   240.23 251.40
2022-07-03   241.43 252.68   241.31 252.57    19.92  31.18   242.00 253.25   246.26 257.52   240.18 251.43
2022-07-04   241.37 252.72   241.26 252.60    19.86  31.21   241.94 253.29   246.20 257.55   240.12 251.47
2022-07-05   241.31 252.75   241.20 252.64    19.80  31.24   241.88 253.32   246.14 257.59   240.06 251.50
2022-07-06   241.25 252.79   241.13 252.68    19.74  31.28   241.82 253.36   246.08 257.62   239.99 251.54
2022-07-07   241.18 252.83   241.07 252.72    19.67  31.32   241.75 253.40   246.01 257.66   239.93 251.58
2022-07-08   241.11 252.87   241.00 252.76    19.60  31.36   241.68 253.44   245.94 257.71   239.86 251.62
2022-07-09   241.04 252.92   240.93 252.80    19.53  31.41   241.61 253.49   245.87 257.75   239.79 251.66
2022-07-10   240.96 252.96   240.85 252.85    19.46  31.45   241.53 253.53   245.80 257.80   239.71 251.71
2022-07-11   240.88 253.01   240.77 252.90    19.38  31.50   241.45 253.58   245.72 257.85   239.63 251.76
2022-07-12   240.80 253.06   240.69 252.95    19.29  31.56   241.37 253.63   245.64 257.90   239.55 251.81
2022-07-13   240.71 253.12   240.60 253.01    19.21  31.61   241.28 253.69   245.55 257.95   239.46 251.87
2022-07-14   240.62 253.18   240.51 253.06    19.12  31.67   241.19 253.75   245.46 258.01   239.37 251.93
2022-07-15   240.53 253.24   240.42 253.12    19.02  31.73   241.10 253.81   245.36 258.07   239.28 251.99
2022-07-16   240.43 253.30   240.32 253.19    18.92  31.79   241.00 253.87   245.26 258.13   239.18 252.05
2022-07-17   240.33 253.37   240.21 253.26    18.82  31.86   240.90 253.94   245.16 258.20   239.08 252.12
2022-07-18   240.22 253.44   240.11 253.33    18.71  31.93   240.79 254.01   245.05 258.27   238.97 252.19
2022-07-19   240.10 253.51   239.99 253.40    18.60  32.01   240.67 254.08   244.94 258.35   238.85 252.26
2022-07-20   239.99 253.59   239.87 253.48    18.48  32.08   240.56 254.16   244.82 258.43   238.73 252.34
2022-07-21   239.86 253.67   239.75 253.56    18.35  32.17   240.43 254.24   244.70 258.51   238.61 252.42
2022-07-22   239.73 253.76   239.62 253.65    18.22  32.25   240.30 254.33   244.56 258.60   238.48 252.51
2022-07-23   239.59 253.85   239.48 253.74    18.09  32.35   240.16 254.42   244.43 258.69   238.34 252.60

2022-10-25    60.83  75.18    60.71  75.07   199.32 213.68    61.40  75.75    65.66  80.02    59.58  73.93
2022-10-26    60.92  75.04    60.81  74.92   199.41 213.53    61.49  75.61    65.75  79.87    59.67  73.79
2022-10-27    61.01  74.90    60.89  74.78   199.50 213.39    61.58  75.47    65.84  79.73    59.76  73.65
2022-10-28    61.09  74.76    60.98  74.65   199.58 213.26    61.66  75.33    65.92  79.60    59.84  73.51
2022-10-29    61.17  74.64    61.06  74.52   199.66 213.13    61.74  75.20    66.00  79.47    59.92  73.38
2022-10-30    61.24  74.51    61.13  74.40   199.74 213.00    61.81  75.08    66.08  79.35    59.99  73.26
2022-10-31    61.31  74.40    61.20  74.28   199.80 212.89    61.88  74.97    66.15  79.23    60.06  73.14
2022-11-01    61.38  74.28    61.27  74.17   199.87 212.78    61.95  74.85    66.21  79.12    60.13  73.03
2022-11-02    61.44  74.18    61.33  74.06   199.93 212.67    62.01  74.75    66.28  79.01    60.19  72.93
2022-11-03    61.50  74.07    61.39  73.96   199.99 212.57    62.07  74.64    66.33  78.91    60.25  72.82
2022-11-04    61.55  73.97    61.44  73.86   200.05 212.47    62.12  74.54    66.39  78.81    60.30  72.72
2022-11-05    61.61  73.88    61.49  73.77   200.10 212.37    62.18  74.45    66.44  78.71    60.36  72.63
2022-11-06    61.66  73.79    61.54  73.68   200.15 212.28    62.23  74.36    66.49  78.62    60.41  72.54
2022-11-07    61.70  73.70    61.59  73.59   200.19 212.19    62.27  74.27    66.54  78.54    60.45  72.45
2022-11-08    61.75  73.62    61.63  73.51   200.24 212.11    62.32  74.19    66.58  78.45    60.49  72.37
2022-11-09    61.79  73.54    61.67  73.43   200.28 212.03    62.36  74.11    66.62  78.37    60.54  72.29
2022-11-10    61.82  73.46    61.71  73.35   200.32 211.95    62.39  74.03    66.66  78.30    60.57  72.21
2022-11-11    61.86  73.39    61.75  73.28   200.35 211.88    62.43  73.96    66.69  78.22    60.61  72.14
2022-11-12    61.89  73.32    61.78  73.21   200.39 211.81    62.46  73.89    66.73  78.15    60.64  72.07
2022-11-13    61.92  73.25    61.81  73.14   200.42 211.74    62.49  73.82    66.76  78.08    60.67  72.00
2022-11-14    61.95  73.19    61.84  73.07   200.44 211.68    62.52  73.76    66.79  78.02    60.70  71.93
2022-11-15    61.98  73.12    61.87  73.01   200.47 211.62    62.55  73.69    66.81  77.96    60.73  71.87
2022-11-16    62.00  73.06    61.89  72.95   200.50 211.56    62.57  73.63    66.84  77.90    60.75  71.81
2022-11-17    62.02  73.01    61.91  72.89   200.52 211.50    62.59  73.58    66.86  77.84    60.77  71.76
2022-11-18    62.04  72.95    61.93  72.84   200.54 211.44    62.61  73.52    66.88  77.79    60.79  71.70
2022-11-19    62.06  72.90    61.95  72.79   200.56 211.39    62.63  73.47    66.90  77.73    60.81  71.65
2022-11-20    62.08  72.85    61.97  72.74   200.57 211.34    62.65  73.42    66.91  77.68    60.83  71.60
2022-11-21    62.09  72.80    61.98  72.69   200.59 211.29    62.66  73.37    66.93  77.64    60.84  71.55
2022-11-22    62.11  72.76    61.99  72.64   200.60 211.25    62.68  73.33    66.94  77.59    60.86  71.50
2022-11-23    62.12  72.71    62.00  72.60   200.61 211.20    62.69  73.28    66.95  77.55    60.87  71.46
2022-11-24    62.13  72.67    62.01  72.56   200.62 211.16    62.70  73.24    66.96  77.50    60.88  71.42
2022-11-25    62.13  72.63    62.02  72.52   200.63 211.12    62.70  73.20    66.97  77.46    60.88  71.38
2022-11-26    62.14  72.59    62.03  72.48   200.63 211.09    62.71  73.16    66.97  77.43    60.89  71.34
2022-11-27    62.14  72.56    62.03  72.44   200.64 211.05    62.71  73.13    66.98  77.39    60.89  71.31
2022-11-28    62.15  72.52    62.03  72.41   200.64 211.02    62.72  73.09    66.98  77.36    60.89  71.27
2022-11-29    62.15  72.49    62.03  72.38   200.64 210.98    62.72  73.06    66.98  77.33    60.90  71.24
2022-11-30    62.15  72.46    62.03  72.35   200.64 210.95    62.72  73.03    66.98  77.30    60.89  71.21
2022-12-01    62.14  72.43    62.03  72.32   200.64 210.93    62.71  73.00    66.98  77.27    60.89  71.18
2022-12-02    62.14  72.41    62.03  72.29   200.63 210.90    62.71  72.98    66.97  77.24    60.89  71.16
2022-12-03    62.13  72.38    62.02  72.27   200.63 210.87    62.70  72.95    66.97  77.22    60.88  71.13
2022-12-04    62.13  72.36    62.01  72.25   200.62 210.85    62.70  72.93    66.96  77.19    60.88  71.11
2022-12-05    62.12  72.34    62.00  72.22   200.61 210.83    62.69  72.91    66.95  77.17    60.87  71.09
2022-12-06    62.11  72.32    61.99  72.20   200.60 210.81    62.68  72.89    66.94  77.15    60.86  71.07
2022-12-07    62.10  72.30    61.98  72.19   200.59 210.79    62.67  72.87    66.93  77.13    60.84  71.05
2022-12-08    62.08  72.28    61.97  72.17   200.57 210.77    62.65  72.85    66.92  77.12    60.83  71.03
2022-12-09    62.07  72.27    61.95  72.15   200.56 210.76    62.64  72.84    66.90  77.10    60.82  71.02
2022-12-10    62.05  72.25    61.94  72.14   200.54 210.75    62.62  72.82    66.88  77.09    60.80  71.00
2022-12-11    62.13  72.15    62.01  72.04   200.62 210.64    62.70  72.72    66.96  76.98    60.88  70.90
2022-12-12    62.75  71.49    62.64  71.38   201.24 209.99    63.32  72.06    67.59  76.33    61.50  70.24
2022-12-13    63.38  70.84    63.27  70.73   201.87 209.33    63.95  71.41    68.21  75.67    62.13  69.59

2023-06-02   243.84 250.83   243.73 250.72    22.33  29.33   244.41 251.40   248.68 255.67   242.59 249.58
2023-06-03   243.23 251.43   243.12 251.32    21.72  29.92   243.80 252.00   248.07 256.26   241.98 250.18
2023-06-04   242.62 252.03   242.51 251.91    21.11  30.52   243.19 252.60   247.46 256.86   241.37 250.77
2023-06-05   242.21 252.42   242.10 252.31    20.71  30.91   242.78 252.99   247.05 257.25   240.96 251.17
2023-06-06   242.21 252.41   242.10 252.30    20.70  30.90   242.78 252.98   247.04 257.25   240.96 251.16
2023-06-07   242.20 252.40   242.09 252.29    20.69  30.89   242.77 252.97   247.04 257.24   240.95 251.15
2023-06-08   242.19 252.40   242.08 252.28    20.69  30.89   242.76 252.97   247.03 257.23   240.94 251.14
2023-06-09   242.19 252.39   242.07 252.28    20.68  30.88   242.76 252.96   247.02 257.22   240.93 251.14
2023-06-10   242.18 252.39   242.06 252.27    20.67  30.88   242.74 252.96   247.01 257.22   240.92 251.14
2023-06-11   242.16 252.38   242.05 252.27    20.66  30.88   242.73 252.95   247.00 257.22   240.91 251.13
2023-06-12   242.15 252.38   242.04 252.27    20.64  30.87   242.72 252.95   246.98 257.22   240.90 251.13
2023-06-13   242.13 252.38   242.02 252.27    20.63  30.87   242.70 252.95   246.97 257.22   240.88 251.13
2023-06-14   242.12 252.38   242.00 252.27    20.61  30.88   242.69 252.95   246.95 257.22   240.87 251.13
2023-06-15   242.10 252.39   241.99 252.27    20.59  30.88   242.67 252.96   246.93 257.22   240.85 251.13
2023-06-16   242.08 252.39   241.97 252.28    20.57  30.88   242.65 252.96   246.91 257.22   240.83 251.14
2023-06-17   242.06 252.39   241.94 252.28    20.55  30.89   242.63 252.96   246.89 257.23   240.81 251.14
2023-06-18   242.03 252.40   241.92 252.29    20.52  30.89   242.60 252.97   246.87 257.24   240.78 251.15
2023-06-19   242.01 252.41   241.89 252.30    20.50  30.90   242.58 252.98   246.84 257.24   240.76 251.16
2023-06-20   241.98 252.42   241.87 252.31    20.47  30.91   242.55 252.99   246.81 257.25   240.73 251.17
2023-06-21   241.95 252.43   241.84 252.32    20.44  30.92   242.52 253.00   246.78 257.26   240.70 251.18
2023-06-22   241.92 252.44   241.81 252.33    20.41  30.93   242.49 253.01   246.75 257.28   240.67 251.19
2023-06-23   241.89 252.46   241.77 252.34    20.38  30.95   242.46 253.03   246.72 257.29   240.64 251.21
2023-06-24   241.85 252.47   241.74 252.36    20.34  30.96   242.42 253.04   246.69 257.31   240.60 251.22
2023-06-25   241.82 252.49   241.70 252.38    20.31  30.98   242.38 253.06   246.65 257.32   240.56 251.24
2023-06-26   241.78 252.51   241.66 252.39    20.27  31.00   242.35 253.08   246.61 257.34   240.53 251.26
2023-06-27   241.74 252.53   241.62 252.41    20.23  31.02   242.31 253.10   246.57 257.36   240.48 251.28
2023-06-28   241.69 252.55   241.58 252.44    20.18  31.04   242.26 253.12   246.53 257.38   240.44 251.30
2023-06-29   241.65 252.57   241.53 252.46    20.14  31.06   242.22 253.14   246.48 257.41   240.40 251.32
2023-06-30   241.60 252.60   241.49 252.48    20.09  31.09   242.17 253.17   246.43 257.43   240.35 251.34
2023-07-01   241.55 252.62   241.44 252.51    20.04  31.11   242.12 253.19   246.38 257.46   240.30 251.37
2023-07-02   241.50 252.65   241.38 252.54    19.99  31.14   242.07 253.22   246.33 257.48   240.25 251.40
2023-07-03   241.44 252.68   241.33 252.57    19.93  31.17   242.01 253.25   246.28 257.52   240.19 251.43
2023-07-04   241.38 252.71   241.27 252.60    19.88  31.21   241.95 253.28   246.22 257.55   240.13 251.46
2023-07-05   241.32 252.75   241.21 252.63    19.82  31.24   241.89 253.32   246.16 257.58   240.07 251.50
2023-07-06   241.26 252.78   241.15 252.67    19.75  31.28   241.83 253.35   246.09 257.62   240.01 251.53
2023-07-07   241.19 252.82   241.08 252.71    19.69  31.31   241.76 253.39   246.03 257.66   239.94 251.57
2023-07-08   241.12 252.86   241.01 252.75    19.62  31.35   241.69 253.43   245.96 257.70   239.87 251.61
2023-07-09   241.05 252.90   240.94 252.79    19.54  31.40   241.62 253.47   245.89 257.74   239.80 251.65
2023-07-10   240.98 252.95   240.86 252.84    19.47  31.44   241.55 253.52   245.81 257.78   239.72 251.70
2023-07-11   240.90 253.00   240.78 252.89    19.39  31.49   241.47 253.57   245.73 257.83   239.65 251.75
2023-07-12   240.81 253.05   240.70 252.94    19.31  31.54   241.38 253.62   245.65 257.88   239.56 251.80
2023-07-13   240.73 253.10   240.61 252.99    19.22  31.59   241.30 253.67   245.56 257.94   239.48 251.85
2023-07-14   240.64 253.16   240.52 253.04    19.13  31.65   241.21 253.73   245.47 257.99   239.38 251.91
2023-07-15   240.54 253.22   240.43 253.10    19.03  31.71   241.11 253.79   245.38 258.05   239.29 251.96
2023-07-16   240.44 253.28   240.33 253.17    18.93  31.77   241.01 253.85   245.28 258.11   239.19 252.03
2023-07-17   240.34 253.34   240.23 253.23    18.83  31.84   240.91 253.91   245.17 258.18   239.09 252.09
2023-07-18   240.23 253.41   240.12 253.30    18.72  31.90   240.80 253.98   245.06 258.25   238.98 252.16
2023-07-19   240.12 253.48   240.00 253.37    18.61  31.98   240.69 254.05   244.95 258.32   238.87 252.23
2023-07-20   240.00 253.56   239.88 253.45    18.49  32.05   240.57 254.13   244.83 258.40   238.75 252.31
2023-07-21   239.87 253.64   239.76 253.53    18.37  32.13   240.44 254.21   244.71 258.48   238.62 252.39
2023-07-22   239.74 253.73   239.63 253.61    18.23  32.22   240.31 254.30   244.58 258.56   238.49 252.48
2023-07-23   239.61 253.82   239.49 253.70    18.10  32.31   240.18 254.39   244.44 258.65   238.36 252.56

2023-10-25    60.79  75.22    60.67  75.11   199.28 213.71    61.36  75.79    65.62  80.05    59.54  73.97
2023-10-26    60.88  75.07    60.77  74.96   199.37 213.56    61.45  75.64    65.72  79.90    59.63  73.82
2023-10-27    60.97  74.93    60.86  74.81   199.46 213.42    61.54  75.50    65.80  79.76    59.72  73.67
2023-10-28    61.05  74.79    60.94  74.68   199.55 213.28    61.62  75.36    65.89  79.62    59.80  73.54
2023-10-29    61.13  74.66    61.02  74.55   199.63 213.15    61.70  75.23    65.97  79.49    59.88  73.41
2023-10-30    61.21  74.53    61.10  74.42   199.70 213.03    61.78  75.10    66.04  79.37    59.96  73.28
2023-10-31    61.28  74.41    61.17  74.30   199.77 212.91    61.85  74.98    66.11  79.25    60.03  73.16
2023-11-01    61.35  74.30    61.23  74.19   199.84 212.79    61.92  74.87    66.18  79.13    60.09  73.05
2023-11-02    61.41  74.19    61.30  74.08   199.90 212.68    61.98  74.76    66.24  79.02    60.16  72.94
2023-11-03    61.47  74.09    61.36  73.97   199.96 212.58    62.04  74.66    66.30  78.92    60.22  72.84
2023-11-04    61.52  73.99    61.41  73.87   200.02 212.48    62.09  74.56    66.36  78.82    60.27  72.73
2023-11-05    61.58  73.89    61.46  73.78   200.07 212.38    62.15  74.46    66.41  78.72    60.33  72.64
2023-11-06    61.63  73.80    61.51  73.68   200.12 212.29    62.20  74.37    66.46  78.63    60.38  72.55
2023-11-07    61.67  73.71    61.56  73.60   200.17 212.20    62.24  74.28    66.51  78.54    60.42  72.46
2023-11-08    61.72  73.62    61.60  73.51   200.21 212.12    62.29  74.19    66.55  78.46    60.47  72.37
2023-11-09    61.76  73.54    61.65  73.43   200.25 212.04    62.33  74.11    66.59  78.38    60.51  72.29
2023-11-10    61.80  73.46    61.68  73.35   200.29 211.96    62.37  74.03    66.63  78.30    60.55  72.21
2023-11-11    61.83  73.39    61.72  73.28   200.32 211.88    62.40  73.96    66.67  78.22    60.58  72.14
2023-11-12    61.87  73.32    61.75  73.21   200.36 211.81    62.44  73.89    66.70  78.15    60.62  72.07
2023-11-13    61.90  73.25    61.78  73.14   200.39 211.74    62.47  73.82    66.73  78.08    60.65  72.00
2023-11-14    61.93  73.18    61.81  73.07   200.42 211.68    62.50  73.75    66.76  78.02    60.68  71.93
2023-11-15    61.95  73.12    61.84  73.01   200.45 211.61    62.52  73.69    66.79  77.95    60.70  71.87
2023-11-16    61.98  73.06    61.86  72.95   200.47 211.55    62.55  73.63    66.81  77.89    60.73  71.81
2023-11-17    62.00  73.00    61.89  72.89   200.49 211.49    62.57  73.57    66.83  77.84    60.75  71.75
2023-11-18    62.02  72.95    61.91  72.83   200.51 211.44    62.59  73.52    66.85  77.78    60.77  71.70
2023-11-19    62.04  72.89    61.93  72.78   200.53 211.39    62.61  73.46    66.87  77.73    60.79  71.64
2023-11-20    62.06  72.84    61.94  72.73   200.55 211.33    62.63  73.41    66.89  77.68    60.81  71.59
2023-11-21    62.07  72.79    61.96  72.68   200.56 211.29    62.64  73.36    66.90  77.63    60.82  71.54
2023-11-22    62.08  72.75    61.97  72.63   200.58 211.24    62.65  73.32    66.92  77.58    60.83  71.50
2023-11-23    62.09  72.70    61.98  72.59   200.59 211.19    62.66  73.27    66.93  77.54    60.84  71.45
2023-11-24    62.10  72.66    61.99  72.55   200.60 211.15    62.67  73.23    66.94  77.49    60.85  71.41
2023-11-25    62.11  72.62    62.00  72.51   200.60 211.11    62.68  73.19    66.95  77.45    60.86  71.37
2023-11-26    62.12  72.58    62.01  72.47   200.61 211.07    62.69  73.15    66.95  77.42    60.87  71.33
2023-11-27    62.12  72.55    62.01  72.43   200.61 211.04    62.69  73.12    66.96  77.38    60.87  71.29
2023-11-28    62.13  72.51    62.01  72.40   200.62 211.00    62.70  73.08    66.96  77.35    60.87  71.26
2023-11-29    62.13  72.48    62.01  72.37   200.62 210.97    62.70  73.05    66.96  77.31    60.88  71.23
2023-11-30    62.13  72.45    62.01  72.34   200.62 210.94    62.70  73.02    66.96  77.28    60.88  71.20
2023-12-01    62.12  72.42    62.01  72.31   200.62 210.91    62.69  72.99    66.96  77.25    60.87  71.17
2023-12-02    62.12  72.39    62.01  72.28   200.61 210.88    62.69  72.96    66.95  77.23    60.87  71.14
2023-12-03    62.12  72.37    62.00  72.25   200.61 210.86    62.69  72.94    66.95  77.20    60.86  71.12
2023-12-04    62.11  72.34    62.00  72.23   200.60 210.84    62.68  72.91    66.94  77.18    60.86  71.09
2023-12-05    62.10  72.32    61.99  72.21   200.59 210.81    62.67  72.89    66.93  77.16    60.85  71.07
2023-12-06    62.09  72.30    61.98  72.19   200.58 210.79    62.66  72.87    66.93  77.14    60.84  71.05
2023-12-07    62.08  72.28    61.97  72.17   200.57 210.78    62.65  72.85    66.91  77.12    60.83  71.03
2023-12-08    62.07  72.27    61.95  72.15   200.56 210.76    62.64  72.84    66.90  77.10    60.82  71.02
2023-12-09    62.05  72.25    61.94  72.14   200.54 210.75    62.62  72.82    66.89  77.09    60.80  71.00
2023-12-10    62.04  72.24    61.92  72.13   200.53 210.73    62.61  72.81    66.87  77.07    60.79  70.99
2023-12-11    62.02  72.23    61.91  72.12   200.51 210.72    62.59  72.80    66.85  77.06    60.77  70.98
2023-12-12    62.60  71.61    62.49  71.50   201.10 210.11    63.17  72.18    67.44  76.45    61.35  70.36
2023-12-13    63.23  70.96    63.12  70.85   201.72 209.45    63.80  71.53    68.07  75.79    61.98  69.71
