#WAVELENGTH FLUX
1221.0 -2.6585942835515347e-16
1222.0 1.6351661547448608e-17
1223.0 5.76918423998129e-18
1224.0 9.545059614389315e-18
1225.0 1.3102374953332854e-17
1226.0 7.199572967554854e-18
1227.0 4.661111232121715e-18
1228.0 1.1355657699166204e-18
1229.0 -6.33776480153022e-18
1230.0 1.2214862291465242e-18
1231.0 -3.797810719433042e-18
1232.0 5.734999680098858e-18
1233.0 -2.803419765236542e-17
1234.0 -1.2310818409480209e-18
1235.0 5.3947042396798814e-18
1236.0 -2.4058192480137177e-17
1237.0 -4.108801192407726e-17
1238.0 2.2895350549561902e-17
1239.0 3.848194535535952e-17
1240.0 3.689388607735372e-18
1241.0 7.355444307794109e-18
1242.0 7.603346775835458e-18
1243.0 2.1602444422584425e-17
1244.0 -2.908714735261841e-18
1245.0 5.48923257331625e-18
1246.0 -9.549560295406039e-18
1247.0 -2.6990419519571764e-18
1248.0 -5.5853599724574814e-18
1249.0 4.952960757290934e-19
1250.0 9.775594487552303e-18
1251.0 6.384733876315834e-18
1252.0 -1.352142839227923e-18
1253.0 -1.2502532482052974e-18
1254.0 6.95126762194458e-18
1255.0 2.835705042576499e-18
1256.0 3.9999946042165165e-18
1257.0 1.3811692465165187e-18
1258.0 7.703138298572034e-19
1259.0 -1.2651438246564756e-18
1260.0 4.837128389913632e-18
1261.0 4.771695296351275e-18
1262.0 9.550555526144116e-19
1263.0 4.529568160605475e-18
1264.0 -1.2634593653903832e-19
1265.0 -1.6923292940446581e-18
1266.0 -7.60247485370698e-18
1267.0 3.662797068422078e-18
1268.0 2.2298034129712634e-18
1269.0 6.439110387398031e-18
1270.0 -3.8646791268017693e-19
1271.0 1.0342051787565145e-17
1272.0 -7.127784637062147e-18
1273.0 6.625710547663362e-18
1274.0 1.5599004235190133e-18
1275.0 0.0
1276.0 0.0
1277.0 0.0
1278.0 0.0
1279.0 0.0
1280.0 0.0
1281.0 0.0
1282.0 0.0
1283.0 0.0
1284.0 0.0
1285.0 0.0
1286.0 0.0
1287.0 -5.882822975499562e-19
1288.0 -1.7193914038398228e-18
1289.0 1.6178477202688865e-17
1290.0 3.0992891437783257e-18
1291.0 6.469449036381889e-19
1292.0 3.829948676613568e-18
1293.0 -9.13836306150594e-18
1294.0 -1.0307786542476309e-17
1295.0 -9.352033607857824e-18
1296.0 -7.27166766695862e-18
1297.0 -6.4657040837013096e-18
1298.0 -6.863250891061287e-18
1299.0 2.3450305767991613e-18
1300.0 -2.509820131978942e-18
1301.0 -1.7110644987329196e-18
1302.0 -1.1049312251592215e-18
1303.0 -6.914203112326043e-19
1304.0 -4.705317570287986e-19
1305.0 -4.422655624720739e-19
1306.0 -6.066217276129172e-19
1307.0 -9.636002524008414e-19
1308.0 -1.5132011368863337e-18
1309.0 -2.255424381069394e-18
1310.0 6.122383749583357e-19
1311.0 -1.1659565004790744e-17
1312.0 -2.1457797075558567e-18
1313.0 -4.870139613648179e-18
1314.0 -1.0791498611968538e-17
1315.0 -5.3932990913661575e-18
1316.0 -7.101853974468221e-18
1317.0 -2.8197366792680055e-18
1318.0 3.021939630818674e-18
1319.0 -6.352553912479698e-18
1320.0 -8.748547646996911e-19
1321.0 -3.0023899376468823e-18
1322.0 -1.4354666429182206e-18
1323.0 -9.663047586623473e-18
1324.0 -3.0656204476732057e-18
1325.0 -6.0146760003954876e-18
1326.0 -6.3910241938247614e-18
1327.0 -7.595765848012624e-18
1328.0 -6.386792272923302e-18
1329.0 -1.8150595909031567e-18
1330.0 -4.9341745643890046e-18
1331.0 -1.5011591972933753e-17
1332.0 -3.697807256804678e-18
1333.0 -7.047573574042259e-18
1334.0 3.704387734903199e-17
1335.0 3.8137383224565295e-17
1336.0 1.4394997198016093e-17
1337.0 -9.468895180267815e-18
1338.0 -1.720458202295596e-17
1339.0 -1.7574207694678196e-17
1340.0 6.186728085607737e-18
1341.0 -5.549268137751712e-18
1342.0 -7.233979895905544e-18
1343.0 -5.006971988111775e-18
1344.0 -1.4963439747706256e-17
1345.0 -8.131942905028404e-18
1346.0 -5.323657517475537e-18
1347.0 -1.1780907971806222e-17
1348.0 -4.4684019674505805e-18
1349.0 -9.871414216794852e-18
1350.0 -9.973913173961593e-18
1351.0 -1.1381459221659019e-17
1352.0 -4.104335176877893e-19
1353.0 -5.834281985534851e-18
1354.0 -5.4971398271364294e-18
1355.0 -5.507494125531931e-18
1356.0 -5.828846905089572e-19
1357.0 -1.2251983657570675e-17
1358.0 -6.348265559056569e-18
1359.0 -1.3147414094045132e-17
1360.0 -7.385102487448684e-18
1361.0 -1.8799881437319128e-17
1362.0 -1.8157378181572324e-17
1363.0 -6.5006032053162485e-18
1364.0 -1.8336470308395452e-17
1365.0 -1.9717703680887268e-17
1366.0 -1.0432089735437166e-17
1367.0 -1.8390210644211246e-18
1368.0 -2.2345374124663928e-17
1369.0 -4.928865628654126e-18
1370.0 -9.269463955033112e-18
1371.0 -9.561090311221468e-18
1372.0 -2.831412985693148e-17
1373.0 -1.1267714781901053e-17
1374.0 -3.518545450603212e-18
1375.0 -4.688980763315825e-18
1376.0 2.634305109962415e-18
1377.0 -5.246600087252186e-18
1378.0 1.2037616213030937e-17
1379.0 8.616286113451749e-18
1380.0 -4.043833831141216e-18
1381.0 -1.2588601209827164e-17
1382.0 1.24841083169602e-17
1383.0 -7.139675267408042e-18
1384.0 -1.8575789305450875e-19
1385.0 -3.2383292896702687e-18
1386.0 -5.342937097604206e-18
1387.0 -1.3714840323721512e-17
1388.0 -4.775381775655715e-18
1389.0 -4.654514823222734e-18
1390.0 3.1053171119388907e-18
1391.0 -4.926095043768623e-19
1392.0 -2.6837666665052196e-18
1393.0 1.2876449298566933e-17
1394.0 1.3033459173324431e-17
1395.0 -6.426376934056449e-19
1396.0 1.3588750869304606e-17
1397.0 -3.1979382458162238e-18
1398.0 1.3177623115942641e-17
1399.0 2.0075887129558316e-18
1400.0 4.767599080509015e-18
1401.0 1.053960800669886e-18
1402.0 8.936435622451074e-18
1403.0 5.990255927387805e-18
1404.0 7.64667386675306e-18
1405.0 -2.746795406417369e-18
1406.0 8.024085665777007e-18
1407.0 -2.5880667360509996e-18
1408.0 7.838828558174431e-18
1409.0 1.0408945525172197e-17
1410.0 1.640767845865905e-18
1411.0 -2.0000779086271602e-18
1412.0 8.557157772162987e-19
1413.0 -7.554400441330685e-20
1414.0 1.0844458687283459e-17
1415.0 -5.184289112256364e-18
1416.0 5.197297187647435e-18
1417.0 -1.4776227447639032e-18
1418.0 7.398643985627364e-18
1419.0 2.524034187253243e-17
1420.0 4.559938449473939e-18
1421.0 -3.799260873503918e-18
1422.0 -1.1469627748827714e-17
1423.0 1.3132971743440768e-17
1424.0 -5.4806811878524924e-18
1425.0 8.154340949026945e-18
1426.0 -1.5961219670078537e-17
1427.0 7.54320957094562e-18
1428.0 4.056042673125674e-18
1429.0 -2.000961400643708e-18
1430.0 5.052676406315133e-19
1431.0 -3.5485997986403124e-18
1432.0 -7.698639123337359e-18
1433.0 -1.1026488095963586e-18
1434.0 8.287329397824778e-18
1435.0 3.97342718764676e-18
1436.0 4.049692447440678e-18
1437.0 -8.325697522786147e-19
1438.0 9.277274392606712e-18
1439.0 5.948694721828567e-18
1440.0 -2.1188851246126644e-18
1441.0 -1.7315562269687206e-18
1442.0 -3.438310237586212e-18
1443.0 -6.773363470787248e-18
1444.0 6.7780371525783625e-18
1445.0 -4.30941557250865e-18
1446.0 -1.3990740214896969e-18
1447.0 -1.6634069739701886e-18
1448.0 3.2311034919604627e-18
1449.0 6.180345434993786e-18
1450.0 -4.013956095675453e-18
1451.0 3.4050751593504513e-18
1452.0 -8.745115942782806e-19
1453.0 8.328832780032491e-19
1454.0 -7.6290828421672e-18
1455.0 -1.063601348332799e-18
1456.0 1.0683835866175292e-19
1457.0 -5.347833215981538e-18
1458.0 1.7662485645507862e-18
1459.0 -2.92695671389522e-18
1460.0 -5.915057022251678e-18
1461.0 -6.5080994979350976e-18
1462.0 -3.946671820254482e-18
1463.0 -2.0799799198548195e-18
1464.0 1.8025645929306657e-18
1465.0 1.6716909100233034e-17
1466.0 -4.233986015034768e-18
1467.0 2.7218236821035346e-19
1468.0 1.6804384546614066e-18
1469.0 2.1268699787158396e-17
1470.0 -4.683464054110567e-18
1471.0 1.6529736549867718e-18
1472.0 -4.961596128430426e-18
1473.0 -8.693330839773773e-18
1474.0 1.71051086268263e-19
1475.0 2.9565438762304993e-18
1476.0 -5.714224344868744e-18
1477.0 -3.2188520504040624e-18
1478.0 6.92505895185143e-18
1479.0 -4.175877754350798e-19
1480.0 -8.949174430488464e-18
1481.0 -1.6227091259319326e-17
1482.0 4.725586418528344e-18
1483.0 -7.192615973819073e-18
1484.0 -4.340265657672284e-18
1485.0 -6.002074562222186e-18
1486.0 -2.1838272285796858e-17
1487.0 -5.333466143921858e-18
1488.0 6.352063108000497e-18
1489.0 2.3388217457377687e-18
1490.0 1.5117724125298908e-17
1491.0 -6.721766300173971e-18
1492.0 -1.642764852364378e-17
1493.0 -6.265448183091582e-18
1494.0 -7.886732598267875e-18
1495.0 -8.226073494513119e-18
1496.0 -7.068376689350631e-18
1497.0 -7.386910842159616e-18
1498.0 -6.337989930589156e-18
1499.0 2.2815002299391344e-17
1500.0 -3.2218526933618775e-18
1501.0 -1.4383252485733773e-17
1502.0 9.039873803879393e-18
1503.0 -2.3951962345045517e-18
1504.0 2.7216565805600106e-18
1505.0 -1.6238617978012702e-17
1506.0 -5.947113462181681e-18
1507.0 -2.5892030844989804e-18
1508.0 3.9371118203403654e-18
1509.0 -7.47028876863731e-18
1510.0 6.585758090319739e-19
1511.0 5.2882466804242986e-18
1512.0 -8.984872814831086e-18
1513.0 -5.180129542916725e-18
1514.0 5.182110934342473e-18
1515.0 5.000341741379211e-19
1516.0 -3.5668285540697766e-19
1517.0 -1.5680260222713857e-17
1518.0 -6.071768435200293e-19
1519.0 1.4049269207116866e-17
1520.0 1.693166835331243e-18
1521.0 6.278123506308665e-18
1522.0 -6.811508398691597e-18
1523.0 -1.3059981023424585e-17
1524.0 7.097635468858651e-18
1525.0 -8.442132166885257e-18
1526.0 -7.715914044772899e-18
1527.0 2.0544075399818332e-17
1528.0 -1.4189554619331928e-17
1529.0 3.4439254271034257e-18
1530.0 2.079344773283392e-18
1531.0 -6.457591574044036e-18
1532.0 8.652624306667887e-18
1533.0 1.1367161445823344e-17
1534.0 -7.562776204022209e-18
1535.0 -5.189068301145493e-18
1536.0 -1.1844333893355951e-17
1537.0 6.953647514422598e-18
1538.0 -4.53095731201083e-18
1539.0 5.459123070253596e-18
1540.0 9.949610644059417e-18
1541.0 5.52356636409324e-18
1542.0 5.949397655305145e-18
1543.0 -1.8582409300502955e-17
1544.0 7.61681100953123e-20
1545.0 -1.816548470914075e-17
1546.0 -2.1850224766833008e-17
1547.0 1.5560003187110664e-17
1548.0 1.1597372279716024e-16
1549.0 2.4588883020800377e-17
1550.0 2.9210775720743376e-17
1551.0 2.9259569437084417e-17
1552.0 -1.127787089623183e-17
1553.0 2.4531485870249317e-18
1554.0 -4.885802969679905e-18
1555.0 2.082540684632272e-18
1556.0 -7.795135505056779e-18
1557.0 -8.051180516033242e-18
1558.0 -2.7008938697694868e-17
1559.0 1.7027618860108684e-17
1560.0 -8.568893101814807e-18
1561.0 -8.657196310663018e-18
1562.0 3.754567576242929e-18
1563.0 -1.3399208822915356e-18
1564.0 2.2303692756083374e-17
1565.0 4.2283799993827844e-18
1566.0 8.527777125677884e-18
1567.0 1.7649897015547228e-17
1568.0 4.759919542728659e-18
1569.0 -4.809206875580037e-18
1570.0 -1.4495441945448076e-17
1571.0 8.889110062071298e-18
1572.0 -3.3399208612761397e-18
1573.0 -7.646401635542532e-18
1574.0 -1.2056805152640121e-17
1575.0 -1.7931075955951013e-17
1576.0 6.473608643246995e-18
1577.0 -1.2241492630054068e-17
1578.0 -1.0214561624571185e-17
1579.0 7.27684104872552e-18
1580.0 -1.479317970518687e-17
1581.0 -2.1730662319797716e-17
1582.0 -9.496212667697376e-18
1583.0 -3.524817384752374e-17
1584.0 -1.5714242221449776e-17
1585.0 1.7431945790823094e-18
1586.0 -6.193327066814774e-18
1587.0 -2.4185447237323452e-17
1588.0 1.514155427500047e-17
1589.0 -1.713142839417305e-17
1590.0 -5.2523039480132395e-17
1591.0 -1.2697117760998676e-17
1592.0 -2.156214232944956e-17
1593.0 -6.648827216184517e-17
1594.0 2.4632506520491925e-17
1595.0 1.5552693989323953e-17
1596.0 -1.4424461830229265e-17
1597.0 4.80037460201186e-18
1598.0 2.4200775836383332e-18
1599.0 3.5018207244819155e-18
1600.0 -4.284511618784754e-17
1601.0 4.485494389873131e-17
1602.0 5.748969091441123e-18
1603.0 -3.468087446061348e-17
1604.0 -5.97046570652044e-17
1605.0 -7.826941745255424e-18
1606.0 2.4696122239331713e-17
1607.0 -3.2359397520600586e-17
1608.0 -5.43668399395624e-17
1609.0 -3.890899469414686e-18
1610.0 5.927665553847104e-19
1611.0 -1.9850114933718522e-17
1612.0 -1.0295852114434737e-17
1613.0 -3.1086013567693407e-17
1614.0 -2.807614251189977e-17
1615.0 -3.0507437279039334e-17
1616.0 -3.972233485543464e-17
1617.0 -5.1626766789313395e-17
1618.0 -2.9008382093453356e-17
1619.0 -5.097080425841052e-17
1620.0 1.3913031847895303e-17
1621.0 -2.1570858131750108e-17
1622.0 -4.879199187840745e-17
1623.0 -4.716660310505198e-17
1624.0 -2.227168321106444e-17
1625.0 1.3400275804913887e-17
1626.0 -2.2601663005277778e-17
1627.0 -1.0328123540248648e-17
1628.0 -3.8667146971171885e-17
1629.0 -3.625529431235771e-17
1630.0 1.757205647576834e-17
1631.0 -6.172870442491609e-17
1632.0 -3.907074448987439e-17
1633.0 1.416640463115187e-17
1634.0 -1.6021825122098656e-17
1635.0 -2.0546047945918294e-17
1636.0 -1.118748482610252e-17
1637.0 -3.439407867955311e-17
1638.0 4.275398028906884e-18
1639.0 -2.1541141356151902e-17
1640.0 -1.5314310779813718e-17
1641.0 -3.6227267270874226e-17
1642.0 2.6720187183841953e-17
1643.0 -2.1688520262452867e-17
1644.0 -9.080510422246584e-17
1645.0 -6.27930209742572e-17
1646.0 -3.719916221999347e-17
1647.0 -5.689015460835985e-17
1648.0 -5.3001210155298303e-17
1649.0 -3.5705144663431704e-17
1650.0 -3.0579477736532156e-17
1651.0 -7.264470692782847e-17
1652.0 -3.947061802710546e-17
1653.0 -3.511971118490888e-17
1654.0 -3.1015102789922484e-17
1655.0 -5.437236187928688e-17
1656.0 -3.020497587309008e-17
1657.0 2.2542688734046254e-17
1658.0 -2.8798773950062065e-17
1659.0 -2.8234827397116013e-17
1660.0 -7.517354420197691e-17
1661.0 -3.6631404367153364e-17
1662.0 -5.086587035189061e-17
1663.0 -7.280081989419867e-17
1664.0 -6.510464231971475e-17
1665.0 -2.5096806532576823e-17
1666.0 -4.065921509234524e-17
1667.0 -2.3867524705560436e-17
1668.0 -6.34037430380591e-17
1669.0 -9.559735653622292e-17
1670.0 -4.594393816527866e-17
1671.0 -5.824715441472175e-17
1672.0 -5.783348834592497e-17
1673.0 -7.05225339166751e-18
1674.0 -2.1364406145984e-17
1675.0 -6.37978147678474e-17
1676.0 -4.764425085724797e-17
1677.0 -3.43930597795707e-17
1678.0 -1.948055366237052e-17
1679.0 1.1193782985986046e-18
1680.0 -5.1722058154667985e-17
1681.0 -8.592598991178454e-17
1682.0 -8.565576026733953e-17
1683.0 -2.208063696302232e-17
1684.0 -2.1169372029462536e-17
1685.0 -5.3621298384725745e-17
1686.0 -1.7369379879728673e-17
1687.0 -2.2719819431144242e-17
1688.0 -9.004407458208986e-18
1689.0 -4.8652782436035994e-17
1690.0 -1.7268913357311897e-17
1691.0 -3.450253256998889e-17
1692.0 -2.7407942918740695e-17
1693.0 -5.348952627742245e-17
1694.0 -6.742312100087341e-17
1695.0 -6.440167841431418e-17
1696.0 -2.7635085135984726e-17
1697.0 -8.154547801895761e-17
1698.0 -2.388870758510456e-17
1699.0 -3.6473113211197067e-17
1700.0 -1.039071124728921e-16
1701.0 -6.520212001284492e-17
1702.0 1.3062279600850912e-17
1703.0 -2.831103103216878e-17
1704.0 -5.0886654533370364e-17
1705.0 -1.936924070985279e-17
1706.0 -7.326572121254492e-17
1707.0 -4.225888943101985e-17
1708.0 -1.310235830010644e-17
1709.0 -1.7872062321801668e-17
1710.0 -1.59724346368647e-17
1711.0 -2.1110094449872598e-17
1712.0 -1.154603732850099e-17
1713.0 -4.492961024050547e-17
1714.0 -5.532885471238031e-18
1715.0 5.294701183375462e-18
1716.0 -3.461974663529325e-17
1717.0 -4.56095988429468e-17
1718.0 -5.1208828013918565e-18
1719.0 8.529512071595103e-18
1720.0 -3.1661998230556754e-17
1721.0 -1.49950255048745e-17
1722.0 -5.317026394359156e-18
1723.0 2.4314362270058794e-17
1724.0 -2.0363340259249275e-17
1725.0 -1.1161212964521335e-17
1726.0 -1.7940584344846073e-17
1727.0 -4.230629549743694e-17
1728.0 9.134283198514286e-18
1729.0 -2.9462466628441766e-17
1730.0 -4.305634256272163e-17
1731.0 1.0108452569865097e-17
1732.0 1.7739642327473336e-18
1733.0 -1.101971099016622e-17
1734.0 2.958995668687377e-17
1735.0 3.704898203700942e-18
1736.0 -5.935515025192536e-17
1737.0 4.533934207188965e-19
1738.0 -3.747733362308587e-17
1739.0 -1.0679913420806975e-17
1740.0 1.1818741661752697e-17
1741.0 3.8803276553213084e-17
1742.0 -1.180926502208359e-18
1743.0 -1.5321353745494586e-17
1744.0 3.625758290256491e-17
1745.0 3.9044097486697005e-17
1746.0 -1.3475947630292697e-17
1747.0 -2.7696519388682725e-17
1748.0 -2.6184372090233924e-17
1749.0 3.6185762744217113e-17
1750.0 -2.5878565645081586e-17
1751.0 -4.197447983601216e-17
1752.0 2.3729378393586037e-17
1753.0 6.636985150557947e-17
1754.0 -6.122349577622533e-18
1755.0 3.852345015738009e-17
1756.0 -1.6549821275125457e-17
1757.0 1.2556827454822021e-17
1758.0 7.306158486982346e-17
1759.0 -2.5067514268827328e-17
1760.0 4.988664443944194e-17
1761.0 3.0360549907492194e-17
1762.0 -5.516460830321745e-17
1763.0 -4.28189034109456e-17
1764.0 -2.777568786820301e-17
1765.0 6.767513607673797e-17
1766.0 -8.08548409822924e-17
1767.0 3.546354275949815e-17
1768.0 -3.529946406133048e-17
1769.0 2.584991809604683e-17
1770.0 -9.956169586921649e-19
1771.0 6.684328662918467e-17
1772.0 1.756134391330978e-17
1773.0 1.7794252423913183e-17
1774.0 -1.1659290829376993e-17
1775.0 1.2048773768363915e-16
1776.0 3.9746834341720653e-17
1777.0 6.8998181542391e-17
1778.0 -1.1701537066940675e-16
1779.0 -7.570342616438562e-18
1780.0 -8.766427568178601e-17
1781.0 2.5789829256943378e-17
1782.0 -1.6039831926232402e-16
1783.0 2.0987559403594492e-16
1784.0 -1.9583102129906893e-16
1785.0 -1.5094180234700848e-16
1786.0 -3.2634920555680683e-16
1787.0 -5.691170096407219e-17
1788.0 -1.9860897881583843e-16
1789.0 -5.4045912299554794e-18
1790.0 6.506802698486337e-18
1791.0 9.528036105806049e-17
1792.0 7.707637300930167e-17
1793.0 -1.9964518364751736e-17
1794.0 -3.114061359973229e-17
1795.0 -8.77530553535138e-17
1796.0 9.708663942390832e-17
1797.0 1.8805953901280948e-16
1798.0 -6.259744951512841e-17
1799.0 1.0534662800108868e-16
1800.0 3.485184776062635e-17
1801.0 -9.724823015936053e-17
1802.0 -2.147443654270961e-16
1803.0 1.8407122756356363e-16
1804.0 -1.6753403339371846e-16
1805.0 2.2284569382843106e-16
1806.0 8.640341195375726e-17
1807.0 -3.0850597667523946e-16
1808.0 4.3171744028761115e-18
1809.0 -1.327989472774109e-16
1810.0 -1.6963438563433793e-16
1811.0 1.753103453865839e-16
1812.0 -2.115007011896297e-16
1813.0 3.1755085316609314e-16
1814.0 1.6914780832713762e-16
1815.0 1.80772628669146e-17
1816.0 -6.820406045677891e-17
1817.0 -2.7303890011253545e-17
1818.0 9.052930813576309e-17
1819.0 1.0494654262407684e-16
1820.0 2.678686316321251e-16
1821.0 9.352357093134276e-17
1822.0 3.6689370850223536e-17
1823.0 2.294353978480969e-16
1824.0 4.732353203819575e-18
1825.0 2.7411013368095744e-17
1826.0 2.80545387858765e-16
1827.0 7.56538997596288e-17
1828.0 -1.3821658753589135e-16
1829.0 5.886102762713633e-17
1830.0 -1.1309558446101607e-16
1831.0 8.144500803346822e-17
1832.0 8.356059937969792e-17
1833.0 -7.721586942814262e-17
1834.0 9.030644232151924e-17
1835.0 9.773928872889724e-17
1836.0 3.4967754933643017e-16
1837.0 -7.386350683794435e-17
1838.0 9.37590353344111e-17
1839.0 -1.539638408872516e-16
1840.0 -2.656299351439302e-16
1841.0 1.0862870229224721e-16
1842.0 3.6952539563200044e-17
1843.0 -1.494428659654812e-17
1844.0 -7.936991345021742e-17
1845.0 4.1884770749995953e-17
1846.0 -1.2686120580081662e-16
1847.0 -2.660549002448561e-16
1848.0 -1.5471296427183882e-16
1849.0 -1.1174475741316197e-17
1850.0 -7.543571469318658e-17
1851.0 -5.333674056773682e-19
1852.0 -1.1408389969718165e-16
1853.0 -1.073005628331364e-16
1854.0 9.34299852968119e-17
1855.0 2.1430672297046824e-17
1856.0 1.676522668472535e-17
1857.0 -1.974000985996179e-16
1858.0 -8.52138112676163e-17
1859.0 3.9119514915223974e-16
1860.0 -2.222736743109382e-16
1861.0 3.364706933624128e-17
1862.0 3.1383880183861206e-17
1863.0 -4.459043054230962e-17
1864.0 -1.6608298509989815e-16
1865.0 1.2699033983665122e-16
1866.0 -5.618701878813913e-17
1867.0 -1.7450941261774378e-16
1868.0 1.950946531576772e-16
1869.0 -1.8035915087827633e-16
1870.0 3.662752059947903e-17
1871.0 8.176070718287604e-18
1872.0 1.708312169144933e-16
1873.0 7.572735697123963e-17
1874.0 4.8743226090784354e-17
1875.0 -2.124454428704116e-16
1876.0 1.139772282504731e-16
1877.0 -2.20832940939261e-17
1878.0 -9.73829220751249e-18
1879.0 -1.8424585505142098e-16
1880.0 -2.1454412939579462e-16
1881.0 -2.046156589961002e-16
1882.0 -1.5791067724715542e-16
1883.0 1.357002475431555e-16
1884.0 -1.0980619725223607e-16
1885.0 -2.2307415318939204e-16
1886.0 -1.3908822599094679e-16
1887.0 1.1455864592767018e-16
1888.0 -1.342932773345472e-16
1889.0 -4.297158673525747e-17
1890.0 -5.140279690634494e-17
1891.0 -5.992676532507291e-17
1892.0 -7.658688003314279e-17
1893.0 -4.294209206070828e-17
1894.0 5.3605687353097284e-17
1895.0 6.384931120995051e-17
1896.0 3.5280915915864095e-17
1897.0 1.2986359526974164e-16
1898.0 1.6276356779712284e-16
1899.0 9.935102419570752e-17
1900.0 8.738964769963447e-17
1901.0 4.819961902534259e-17
1902.0 9.137472654475839e-17
1903.0 -2.1162509384069588e-16
1904.0 -3.395732786644957e-16
1905.0 -3.8351045564055725e-17
1906.0 -5.659307345659324e-18
1907.0 2.9802257651424803e-16
1908.0 1.3380460120549889e-16
1909.0 3.520451615799257e-17
1910.0 -5.4087800510922765e-17
1911.0 2.0485736501728262e-17
1912.0 -1.0379070091795907e-17
1913.0 -5.346196779103429e-17
1914.0 -1.4718352301008302e-17
1915.0 7.636115519433129e-17
1916.0 1.6884896160097848e-17
1917.0 1.0473854257929841e-16
1918.0 1.7451339196440898e-16
1919.0 7.708489479899488e-17
1920.0 8.553869859310626e-17
1921.0 1.8716773971057987e-17
1922.0 2.7223313729355916e-16
1923.0 -2.289357972951663e-16
1924.0 1.5601897767800363e-16
1925.0 4.684778480365712e-16
1926.0 1.9423651465698453e-16
1927.0 -7.133102493992822e-17
1928.0 -5.7401361121130006e-18
1929.0 -1.0964639848192743e-17
1930.0 -2.44361994807525e-17
1931.0 -1.6643965150624397e-16
1932.0 1.2047248599303204e-17
1933.0 7.422094407882951e-17
1934.0 1.743738540111964e-16
1935.0 2.343546599618829e-18
1936.0 -2.850207128826717e-16
1937.0 -8.793669138781959e-17
1938.0 -1.0345867106022757e-16
1939.0 -3.4203315779750334e-16
1940.0 -7.34421809196048e-17
1941.0 -1.2460123660066947e-16
1942.0 1.4518073413517602e-16
1943.0 1.0718083522510314e-16
1944.0 -6.318523768005637e-17
1945.0 1.4216061531024614e-16
1946.0 2.746129978098799e-18
1947.0 9.266207775685107e-17
1948.0 -1.8080125362858535e-16
1949.0 1.461228284423215e-17
1950.0 1.4256811053000536e-16
1951.0 2.8590418052005996e-17
1952.0 1.3408863591324637e-16
1953.0 2.3658994258990897e-16
1954.0 5.683133534492865e-17
1955.0 1.0846734636751013e-16
1956.0 2.3670047487592736e-16
1957.0 -1.1577762887599605e-17
1958.0 -4.5852420996451376e-17
1959.0 1.6797728670015965e-16
1960.0 2.090118336328058e-16
1961.0 1.5847583099500761e-16
1962.0 1.08651867327006e-16
1963.0 -1.043627379391778e-17
1964.0 1.541618095646386e-16
1965.0 6.540012976223244e-17
1966.0 -4.860820132167176e-17
1967.0 4.7869547674176075e-18
1968.0 1.736643616056356e-16
1969.0 6.428972727841049e-17
1970.0 1.6208025001466647e-16
1971.0 1.2964153475643722e-16
1972.0 2.3310202976685355e-16
1973.0 1.6185606525430985e-17
1974.0 7.146026280981816e-17
1975.0 2.397910571640192e-16
1976.0 1.03479353491886e-16
1977.0 -1.4248792863301717e-17
1978.0 9.194269750800041e-17
1979.0 -8.9869514706501e-17
1980.0 -9.386575241704202e-17
1981.0 1.6920997668991356e-16
1982.0 1.9447487738492136e-16
1983.0 9.869375879692831e-18
1984.0 -3.521012118289915e-17
1985.0 -9.632212961705672e-17
1986.0 1.4365757116258935e-16
1987.0 1.0877770748439887e-17
1988.0 3.71207173225167e-17
1989.0 1.2941408345216613e-16
1990.0 -3.2159289056293514e-17
1991.0 1.9112531178438988e-16
1992.0 -2.115762735860314e-17
1993.0 -6.878482279939552e-17
1994.0 3.2405807698760484e-17
1995.0 -8.286696568484424e-17
1996.0 -4.294147923029571e-20
1997.0 1.2637043127644882e-16
1998.0 3.9123850773901636e-17
1999.0 4.689575236996846e-17
2000.0 -1.0743891383854563e-16
2001.0 1.4368553199312417e-16
2002.0 -2.3370099124588575e-16
2003.0 5.636701381213653e-17
2004.0 -8.785747989062064e-17
2005.0 -2.44446416179107e-17
2006.0 -5.122243377064689e-17
2007.0 -1.9986116204962422e-16
2008.0 -3.05380755525218e-17
2009.0 -3.2448783930913994e-17
2010.0 -1.0109445217180409e-16
2011.0 -9.154337652300175e-17
2012.0 2.8181133311700733e-18
2013.0 5.751803179392554e-17
2014.0 -1.0170348644239354e-16
2015.0 1.0605509289474949e-16
2016.0 -4.801140802924703e-17
2017.0 -1.3072035146393343e-16
2018.0 -8.964987807976119e-17
2019.0 9.218137394198744e-18
2020.0 1.6022892237316373e-16
2021.0 -1.3837885373603004e-16
2022.0 -2.683515895392988e-16
2023.0 7.502315080951487e-17
2024.0 -6.125878784622654e-18
2025.0 8.301266369587197e-17
2026.0 4.188510438092429e-17
2027.0 -5.5189734236585444e-17
2028.0 -9.762562005331893e-17
2029.0 -1.984364091977863e-16
2030.0 -3.084188736951764e-16
2031.0 1.767579746481774e-17
2032.0 -4.7970164091266794e-17
2033.0 -3.550972495685253e-17
2034.0 -6.322994096568656e-17
2035.0 -2.8760704013837766e-17
2036.0 -7.051842215471076e-17
2037.0 -1.7403517820484344e-16
2038.0 6.304218813513978e-17
2039.0 1.070942680497238e-16
2040.0 -2.0136933556205336e-16
2041.0 8.566073465855971e-17
2042.0 -1.5596768718603573e-17
2043.0 4.617852210395894e-17
2044.0 2.3125927647809205e-16
2045.0 -1.0137600122173502e-17
2046.0 -1.4306098522118101e-16
2047.0 -2.6372263034856967e-16
2048.0 -2.5346186152660047e-17
2049.0 -2.4757310950429795e-17
2050.0 -3.363738831657004e-17
2051.0 -2.3025450465857885e-16
2052.0 1.5813317361477035e-16
2053.0 -1.4809633856223441e-16
2054.0 -1.3927148486657224e-16
2055.0 5.4466092801425436e-17
2056.0 -6.707812651281149e-17
2057.0 6.492273604592557e-17
2058.0 -5.739878915482566e-17
2059.0 1.3645597084740815e-16
2060.0 1.2059921596443306e-16
2061.0 8.962407420365178e-18
2062.0 -1.221788052781142e-16
2063.0 6.77583289522068e-17
2064.0 9.206089208029825e-17
2065.0 9.374850207898098e-17
2066.0 8.384263642947114e-17
2067.0 -1.5165013171079982e-16
2068.0 -1.351484726349685e-16
2069.0 -1.1256028431770095e-17
2070.0 2.152502065014463e-16
2071.0 5.240623118323311e-17
2072.0 2.4669884140322283e-16
2073.0 -1.5098831703518713e-16
2074.0 1.588436099960912e-17
2075.0 3.0496716169379736e-17
2076.0 1.2977351069857212e-16
2077.0 2.570722706524815e-16
2078.0 1.5520078080077484e-16
2079.0 -2.318694497425393e-17
2080.0 2.2025043514875594e-17
2081.0 8.102885584814659e-17
2082.0 7.31816429341809e-17
2083.0 3.796435410203852e-17
2084.0 9.749207803978404e-17
2085.0 7.870094801014903e-18
2086.0 7.884452869238978e-18
2087.0 7.89881093746306e-18
2088.0 7.913169005687136e-18
2089.0 7.927527073911211e-18
2090.0 7.941885142135287e-18
2091.0 7.956243210359368e-18
2092.0 7.970601278583444e-18
2093.0 7.98495934680752e-18
2094.0 7.999317415031595e-18
2095.0 8.01367548325567e-18
2096.0 8.028033551479752e-18
2097.0 8.042391619703828e-18
2098.0 8.056749687927903e-18
2099.0 8.071107756151979e-18
2100.0 8.08546582437606e-18
2101.0 8.099823892600136e-18
2102.0 8.114181960824211e-18
2103.0 8.128540029048287e-18
2104.0 8.142898097272362e-18
2105.0 8.157256165496444e-18
2106.0 8.17161423372052e-18
2107.0 8.185972301944595e-18
2108.0 8.20033037016867e-18
2109.0 8.214688438392752e-18
2110.0 8.229046506616828e-18
2111.0 8.243404574840903e-18
2112.0 8.257762643064979e-18
2113.0 8.27212071128906e-18
2114.0 8.286478779513136e-18
2115.0 8.300836847737211e-18
2116.0 8.315194915961287e-18
2117.0 8.329552984185362e-18
2118.0 8.343911052409444e-18
2119.0 8.35826912063352e-18
2120.0 8.372627188857595e-18
2121.0 8.38698525708167e-18
2122.0 8.401343325305752e-18
2123.0 8.415701393529828e-18
2124.0 8.430059461753903e-18
2125.0 8.444417529977979e-18
2126.0 8.458775598202054e-18
2127.0 8.473133666426136e-18
2128.0 8.487491734650212e-18
2129.0 8.501849802874287e-18
2130.0 8.516207871098363e-18
2131.0 8.530565939322444e-18
2132.0 8.54492400754652e-18
2133.0 8.559282075770595e-18
2134.0 8.57364014399467e-18
2135.0 8.587998212218746e-18
2136.0 8.602356280442828e-18
2137.0 8.616714348666903e-18
2138.0 8.631072416890979e-18
2139.0 8.645430485115054e-18
2140.0 8.659788553339136e-18
2141.0 8.674146621563212e-18
2142.0 8.688504689787287e-18
2143.0 8.702862758011363e-18
2144.0 8.717220826235438e-18
2145.0 8.73157889445952e-18
2146.0 8.745936962683595e-18
2147.0 8.760295030907671e-18
2148.0 8.774653099131746e-18
2149.0 8.789011167355828e-18
2150.0 8.803369235579904e-18
2151.0 8.817727303803979e-18
2152.0 8.832085372028055e-18
2153.0 8.84644344025213e-18
2154.0 8.860801508476212e-18
2155.0 8.875159576700287e-18
2156.0 8.889517644924363e-18
2157.0 8.903875713148438e-18
2158.0 8.91823378137252e-18
2159.0 8.932591849596595e-18
2160.0 8.946949917820671e-18
2161.0 8.961307986044746e-18
2162.0 8.975666054268822e-18
2163.0 8.990024122492904e-18
2164.0 9.004382190716979e-18
2165.0 9.018740258941055e-18
2166.0 9.03309832716513e-18
2167.0 9.047456395389212e-18
2168.0 9.061814463613287e-18
2169.0 9.076172531837363e-18
2170.0 9.090530600061438e-18
2171.0 9.104888668285514e-18
2172.0 9.119246736509596e-18
2173.0 9.133604804733671e-18
2174.0 9.147962872957747e-18
2175.0 9.162320941181822e-18
2176.0 9.176679009405904e-18
2177.0 9.19103707762998e-18
2178.0 9.205395145854055e-18
2179.0 9.21975321407813e-18
2180.0 9.234111282302206e-18
2181.0 9.248469350526287e-18
2182.0 9.262827418750363e-18
2183.0 9.277185486974438e-18
2184.0 9.291543555198514e-18
2185.0 9.305901623422596e-18
2186.0 9.320259691646671e-18
2187.0 9.334617759870747e-18
2188.0 9.348975828094822e-18
2189.0 9.363333896318898e-18
2190.0 9.37769196454298e-18
2191.0 9.392050032767055e-18
2192.0 9.40640810099113e-18
2193.0 9.420766169215206e-18
2194.0 9.435124237439288e-18
2195.0 9.449482305663363e-18
2196.0 9.463840373887439e-18
2197.0 9.478198442111514e-18
2198.0 9.49255651033559e-18
2199.0 9.506914578559671e-18
2200.0 9.521272646783747e-18
2201.0 9.535630715007822e-18
2202.0 9.549988783231898e-18
2203.0 9.56434685145598e-18
2204.0 9.578704919680055e-18
2205.0 9.59306298790413e-18
2206.0 9.607421056128206e-18
2207.0 9.621779124352282e-18
2208.0 9.636137192576363e-18
2209.0 9.650495260800439e-18
2210.0 9.664853329024514e-18
2211.0 9.67921139724859e-18
2212.0 9.693569465472671e-18
2213.0 9.707927533696747e-18
2214.0 9.722285601920822e-18
2215.0 9.736643670144898e-18
2216.0 9.751001738368973e-18
2217.0 9.765359806593055e-18
2218.0 9.77971787481713e-18
2219.0 9.794075943041206e-18
2220.0 9.808434011265282e-18
2221.0 9.822792079489363e-18
2222.0 9.837150147713439e-18
2223.0 9.851508215937514e-18
2224.0 9.86586628416159e-18
2225.0 9.880224352385665e-18
2226.0 9.894582420609747e-18
2227.0 9.908940488833823e-18
2228.0 9.923298557057898e-18
2229.0 9.937656625281974e-18
2230.0 9.952014693506055e-18
2231.0 9.96637276173013e-18
2232.0 9.980730829954206e-18
2233.0 9.995088898178282e-18
2234.0 1.0009446966402363e-17
2235.0 1.0023805034626439e-17
2236.0 1.0038163102850514e-17
2237.0 1.005252117107459e-17
2238.0 1.0066879239298665e-17
2239.0 1.0081237307522747e-17
2240.0 1.0095595375746823e-17
2241.0 1.0109953443970898e-17
2242.0 1.0124311512194974e-17
2243.0 1.0138669580419055e-17
2244.0 1.0153027648643131e-17
2245.0 1.0167385716867206e-17
2246.0 1.0181743785091282e-17
2247.0 1.0196101853315357e-17
2248.0 1.0210459921539439e-17
2249.0 1.0224817989763515e-17
2250.0 1.023917605798759e-17
2251.0 1.0253534126211666e-17
2252.0 1.0267892194435747e-17
2253.0 1.0282250262659823e-17
2254.0 1.0296608330883898e-17
2255.0 1.0310966399107974e-17
2256.0 1.032532446733205e-17
2257.0 1.0339682535556131e-17
2258.0 1.0354040603780206e-17
2259.0 1.0368398672004282e-17
2260.0 1.0382756740228357e-17
2261.0 1.0397114808452439e-17
2262.0 1.0411472876676515e-17
2263.0 1.042583094490059e-17
2264.0 1.0440189013124666e-17
2265.0 1.0454547081348741e-17
2266.0 1.0468905149572823e-17
2267.0 1.0483263217796898e-17
2268.0 1.0497621286020974e-17
2269.0 1.051197935424505e-17
2270.0 1.0526337422469131e-17
2271.0 1.0540695490693207e-17
2272.0 1.0555053558917282e-17
2273.0 1.0569411627141358e-17
2274.0 1.0583769695365433e-17
2275.0 1.0598127763589515e-17
2276.0 1.061248583181359e-17
2277.0 1.0626843900037666e-17
2278.0 1.0641201968261741e-17
2279.0 1.0655560036485823e-17
2280.0 1.0669918104709899e-17
2281.0 1.0684276172933974e-17
2282.0 1.069863424115805e-17
2283.0 1.0712992309382125e-17
2284.0 1.0727350377606207e-17
2285.0 1.0741708445830282e-17
2286.0 1.0756066514054358e-17
2287.0 1.0770424582278433e-17
2288.0 1.0784782650502515e-17
2289.0 1.079914071872659e-17
2290.0 1.0813498786950666e-17
2291.0 1.0827856855174741e-17
2292.0 1.0842214923398817e-17
2293.0 1.0856572991622899e-17
2294.0 1.0870931059846974e-17
2295.0 1.088528912807105e-17
2296.0 1.0899647196295125e-17
2297.0 1.0914005264519207e-17
2298.0 1.0928363332743282e-17
2299.0 1.0942721400967358e-17
2300.0 1.0957079469191433e-17
2301.0 1.0971437537415509e-17
2302.0 1.098579560563959e-17
2303.0 1.1000153673863666e-17
2304.0 1.1014511742087742e-17
2305.0 1.1028869810311817e-17
2306.0 1.1043227878535899e-17
2307.0 1.1057585946759974e-17
2308.0 1.107194401498405e-17
2309.0 1.1086302083208125e-17
2310.0 1.11006601514322e-17
2311.0 1.1115018219656282e-17
2312.0 1.1129376287880358e-17
2313.0 1.1143734356104433e-17
2314.0 1.1158092424328509e-17
2315.0 1.117245049255259e-17
2316.0 1.1186808560776666e-17
2317.0 1.1201166629000742e-17
2318.0 1.1215524697224817e-17
2319.0 1.1229882765448893e-17
2320.0 1.1244240833672974e-17
2321.0 1.125859890189705e-17
2322.0 1.1272956970121125e-17
2323.0 1.1287315038345201e-17
2324.0 1.1301673106569283e-17
2325.0 1.1316031174793358e-17
2326.0 1.1330389243017434e-17
2327.0 1.1344747311241509e-17
2328.0 1.1359105379465585e-17
2329.0 1.1373463447689666e-17
2330.0 1.1387821515913742e-17
2331.0 1.1402179584137817e-17
2332.0 1.1416537652361893e-17
2333.0 1.1430895720585974e-17
2334.0 1.144525378881005e-17
2335.0 1.1459611857034125e-17
2336.0 1.1473969925258201e-17
2337.0 1.1488327993482277e-17
2338.0 1.1502686061706358e-17
2339.0 1.1517044129930434e-17
2340.0 1.1531402198154509e-17
2341.0 1.1545760266378585e-17
2342.0 1.1560118334602666e-17
2343.0 1.1574476402826742e-17
2344.0 1.1588834471050817e-17
2345.0 1.1603192539274893e-17
2346.0 1.1617550607498968e-17
2347.0 1.163190867572305e-17
2348.0 1.1646266743947126e-17
2349.0 1.1660624812171201e-17
2350.0 1.1674982880395277e-17
2351.0 1.1689340948619358e-17
2352.0 1.1703699016843434e-17
2353.0 1.171805708506751e-17
2354.0 1.1732415153291585e-17
2355.0 1.1746773221515666e-17
2356.0 1.1761131289739742e-17
2357.0 1.1775489357963818e-17
2358.0 1.1789847426187893e-17
2359.0 1.1804205494411969e-17
2360.0 1.181856356263605e-17
2361.0 1.1832921630860126e-17
2362.0 1.1847279699084201e-17
2363.0 1.1861637767308277e-17
2364.0 1.1875995835532358e-17
2365.0 1.1890353903756434e-17
2366.0 1.190471197198051e-17
2367.0 1.1919070040204585e-17
2368.0 1.193342810842866e-17
2369.0 1.1947786176652742e-17
2370.0 1.1962144244876818e-17
2371.0 1.1976502313100893e-17
2372.0 1.1990860381324969e-17
2373.0 1.200521844954905e-17
2374.0 1.2019576517773126e-17
2375.0 1.2033934585997201e-17
2376.0 1.2048292654221277e-17
2377.0 1.2062650722445352e-17
2378.0 1.2077008790669434e-17
2379.0 1.209136685889351e-17
2380.0 1.2105724927117585e-17
2381.0 1.212008299534166e-17
2382.0 1.2134441063565742e-17
2383.0 1.2148799131789818e-17
2384.0 1.2163157200013893e-17
2385.0 1.2177515268237969e-17
2386.0 1.2191873336462044e-17
2387.0 1.2206231404686126e-17
2388.0 1.2220589472910201e-17
2389.0 1.2234947541134277e-17
2390.0 1.2249305609358352e-17
2391.0 1.2263663677582434e-17
2392.0 1.227802174580651e-17
2393.0 1.2292379814030585e-17
2394.0 1.230673788225466e-17
2395.0 1.2321095950478736e-17
2396.0 1.2335454018702818e-17
2397.0 1.2349812086926893e-17
2398.0 1.2364170155150969e-17
2399.0 1.2378528223375044e-17
2400.0 1.2392886291599126e-17
2401.0 1.2407244359823202e-17
2402.0 1.2421602428047277e-17
2403.0 1.2435960496271353e-17
2404.0 1.2450318564495428e-17
2405.0 1.246467663271951e-17
2406.0 1.2479034700943585e-17
2407.0 1.2493392769167661e-17
2408.0 1.2507750837391736e-17
2409.0 1.2522108905615818e-17
2410.0 1.2536466973839893e-17
2411.0 1.2550825042063969e-17
2412.0 1.2565183110288044e-17
2413.0 1.257954117851212e-17
2414.0 1.2593899246736202e-17
2415.0 1.2608257314960277e-17
2416.0 1.2622615383184353e-17
2417.0 1.2636973451408428e-17
2418.0 1.265133151963251e-17
2419.0 1.2665689587856585e-17
2420.0 1.2680047656080661e-17
2421.0 1.2694405724304736e-17
2422.0 1.2708763792528812e-17
2423.0 1.2723121860752894e-17
2424.0 1.2737479928976969e-17
2425.0 1.2751837997201045e-17
2426.0 1.276619606542512e-17
2427.0 1.2780554133649202e-17
2428.0 1.2794912201873277e-17
2429.0 1.2809270270097353e-17
2430.0 1.2823628338321428e-17
2431.0 1.2837986406545504e-17
2432.0 1.2852344474769586e-17
2433.0 1.2866702542993661e-17
2434.0 1.2881060611217737e-17
2435.0 1.2895418679441812e-17
2436.0 1.2909776747665894e-17
2437.0 1.2924134815889969e-17
2438.0 1.2938492884114045e-17
2439.0 1.295285095233812e-17
2440.0 1.2967209020562196e-17
2441.0 1.2981567088786277e-17
2442.0 1.2995925157010353e-17
2443.0 1.3010283225234428e-17
2444.0 1.3024641293458504e-17
2445.0 1.3038999361682586e-17
2446.0 1.3053357429906661e-17
2447.0 1.3067715498130737e-17
2448.0 1.3082073566354812e-17
2449.0 1.3096431634578888e-17
2450.0 1.311078970280297e-17
2451.0 1.3125147771027045e-17
2452.0 1.313950583925112e-17
2453.0 1.3153863907475196e-17
2454.0 1.3168221975699278e-17
2455.0 1.3182580043923353e-17
2456.0 1.3196938112147429e-17
2457.0 1.3211296180371504e-17
2458.0 1.322565424859558e-17
2459.0 1.3240012316819661e-17
2460.0 1.3254370385043737e-17
2461.0 1.3268728453267812e-17
2462.0 1.3283086521491888e-17
2463.0 1.329744458971597e-17
2464.0 1.3311802657940045e-17
2465.0 1.332616072616412e-17
2466.0 1.3340518794388196e-17
2467.0 1.3354876862612271e-17
2468.0 1.3369234930836353e-17
2469.0 1.3383592999060429e-17
2470.0 1.3397951067284504e-17
2471.0 1.341230913550858e-17
2472.0 1.3426667203732661e-17
2473.0 1.3441025271956737e-17
2474.0 1.3455383340180812e-17
2475.0 1.3469741408404888e-17
2476.0 1.348409947662897e-17
2477.0 1.3498457544853045e-17
2478.0 1.351281561307712e-17
2479.0 1.3527173681301196e-17
2480.0 1.3541531749525272e-17
2481.0 1.3555889817749353e-17
2482.0 1.3570247885973429e-17
2483.0 1.3584605954197504e-17
2484.0 1.359896402242158e-17
2485.0 1.3613322090645661e-17
2486.0 1.3627680158869737e-17
2487.0 1.3642038227093812e-17
2488.0 1.3656396295317888e-17
2489.0 1.3670754363541964e-17
2490.0 1.3685112431766045e-17
2491.0 1.369947049999012e-17
2492.0 1.3713828568214196e-17
2493.0 1.3728186636438272e-17
2494.0 1.3742544704662353e-17
2495.0 1.3756902772886429e-17
2496.0 1.3771260841110504e-17
2497.0 1.378561890933458e-17
2498.0 1.3799976977558655e-17
2499.0 1.3814335045782737e-17
2500.0 1.3828693114006813e-17
2501.0 1.3843051182230888e-17
2502.0 1.3857409250454964e-17
2503.0 1.3871767318679045e-17
2504.0 1.388612538690312e-17
2505.0 1.3900483455127196e-17
2506.0 1.3914841523351272e-17
2507.0 1.3929199591575347e-17
2508.0 1.394355765979943e-17
2509.0 1.3957915728023505e-17
2510.0 1.397227379624758e-17
2511.0 1.3986631864471656e-17
2512.0 1.4000989932695737e-17
2513.0 1.4015348000919813e-17
2514.0 1.4029706069143888e-17
2515.0 1.4044064137367964e-17
2516.0 1.405842220559204e-17
2517.0 1.407278027381612e-17
2518.0 1.4087138342040196e-17
2519.0 1.4101496410264272e-17
2520.0 1.4115854478488347e-17
2521.0 1.413021254671243e-17
2522.0 1.4144570614936505e-17
2523.0 1.415892868316058e-17
2524.0 1.4173286751384656e-17
2525.0 1.418764481960873e-17
2526.0 1.4202002887832813e-17
2527.0 1.4216360956056888e-17
2528.0 1.4230719024280964e-17
2529.0 1.424507709250504e-17
2530.0 1.425943516072912e-17
2531.0 1.4273793228953197e-17
2532.0 1.4288151297177272e-17
2533.0 1.4302509365401348e-17
2534.0 1.4316867433625423e-17
2535.0 1.4331225501849505e-17
2536.0 1.434558357007358e-17
2537.0 1.4359941638297656e-17
2538.0 1.437429970652173e-17
2539.0 1.4388657774745813e-17
2540.0 1.4403015842969888e-17
2541.0 1.4417373911193964e-17
2542.0 1.443173197941804e-17
2543.0 1.4446090047642115e-17
2544.0 1.4460448115866197e-17
2545.0 1.4474806184090272e-17
2546.0 1.4489164252314348e-17
2547.0 1.4503522320538423e-17
2548.0 1.4517880388762505e-17
2549.0 1.453223845698658e-17
2550.0 1.4546596525210656e-17
2551.0 1.456095459343473e-17
2552.0 1.4575312661658807e-17
2553.0 1.458967072988289e-17
2554.0 1.4604028798106964e-17
2555.0 1.461838686633104e-17
2556.0 1.4632744934555115e-17
2557.0 1.4647103002779197e-17
2558.0 1.4661461071003272e-17
2559.0 1.4675819139227348e-17
2560.0 1.4690177207451423e-17
2561.0 1.47045352756755e-17
2562.0 1.471889334389958e-17
2563.0 1.4733251412123656e-17
2564.0 1.474760948034773e-17
2565.0 1.4761967548571807e-17
2566.0 1.477632561679589e-17
2567.0 1.4790683685019964e-17
2568.0 1.480504175324404e-17
2569.0 1.4819399821468115e-17
2570.0 1.483375788969219e-17
2571.0 1.4848115957916272e-17
2572.0 1.4862474026140348e-17
2573.0 1.4876832094364423e-17
2574.0 1.48911901625885e-17
2575.0 1.490554823081258e-17
2576.0 1.4919906299036656e-17
2577.0 1.4934264367260732e-17
2578.0 1.4948622435484807e-17
2579.0 1.4962980503708883e-17
2580.0 1.4977338571932964e-17
2581.0 1.499169664015704e-17
2582.0 1.5006054708381115e-17
2583.0 1.502041277660519e-17
2584.0 1.5034770844829273e-17
2585.0 1.5049128913053348e-17
2586.0 1.5063486981277424e-17
2587.0 1.50778450495015e-17
2588.0 1.5092203117725575e-17
2589.0 1.5106561185949656e-17
2590.0 1.5120919254173732e-17
2591.0 1.5135277322397807e-17
2592.0 1.5149635390621883e-17
2593.0 1.5163993458845964e-17
2594.0 1.517835152707004e-17
2595.0 1.5192709595294115e-17
2596.0 1.520706766351819e-17
2597.0 1.5221425731742273e-17
2598.0 1.5235783799966348e-17
2599.0 1.5250141868190424e-17
2600.0 1.52644999364145e-17
2601.0 1.5278858004638575e-17
2602.0 1.5293216072862656e-17
2603.0 1.5307574141086732e-17
2604.0 1.5321932209310807e-17
2605.0 1.5336290277534883e-17
2606.0 1.5350648345758965e-17
2607.0 1.536500641398304e-17
2608.0 1.5379364482207116e-17
2609.0 1.539372255043119e-17
2610.0 1.5408080618655267e-17
2611.0 1.5422438686879348e-17
2612.0 1.5436796755103424e-17
2613.0 1.54511548233275e-17
2614.0 1.5465512891551575e-17
2615.0 1.5479870959775656e-17
2616.0 1.5494229027999732e-17
2617.0 1.5508587096223807e-17
2618.0 1.5522945164447883e-17
2619.0 1.553730323267196e-17
2620.0 1.555166130089604e-17
2621.0 1.5566019369120116e-17
2622.0 1.558037743734419e-17
2623.0 1.5594735505568267e-17
2624.0 1.5609093573792348e-17
2625.0 1.5623451642016424e-17
2626.0 1.56378097102405e-17
2627.0 1.5652167778464575e-17
2628.0 1.566652584668865e-17
2629.0 1.5680883914912732e-17
2630.0 1.5695241983136808e-17
2631.0 1.5709600051360883e-17
2632.0 1.572395811958496e-17
2633.0 1.573831618780904e-17
2634.0 1.5752674256033116e-17
2635.0 1.576703232425719e-17
2636.0 1.5781390392481267e-17
2637.0 1.5795748460705342e-17
2638.0 1.5810106528929424e-17
2639.0 1.58244645971535e-17
2640.0 1.5838822665377575e-17
2641.0 1.585318073360165e-17
2642.0 1.5867538801825732e-17
2643.0 1.5881896870049808e-17
2644.0 1.5896254938273883e-17
2645.0 1.591061300649796e-17
2646.0 1.5924971074722034e-17
2647.0 1.5939329142946116e-17
2648.0 1.595368721117019e-17
2649.0 1.5968045279394267e-17
2650.0 1.5982403347618342e-17
2651.0 1.5996761415842424e-17
2652.0 1.60111194840665e-17
2653.0 1.6025477552290575e-17
2654.0 1.603983562051465e-17
2655.0 1.6054193688738726e-17
2656.0 1.6068551756962808e-17
2657.0 1.6082909825186883e-17
2658.0 1.609726789341096e-17
2659.0 1.6111625961635034e-17
2660.0 1.6125984029859116e-17
2661.0 1.614034209808319e-17
2662.0 1.6154700166307267e-17
2663.0 1.6169058234531343e-17
2664.0 1.6183416302755418e-17
2665.0 1.61977743709795e-17
2666.0 1.6212132439203575e-17
2667.0 1.622649050742765e-17
2668.0 1.6240848575651726e-17
2669.0 1.6255206643875808e-17
2670.0 1.6269564712099883e-17
2671.0 1.628392278032396e-17
2672.0 1.6298280848548034e-17
2673.0 1.631263891677211e-17
2674.0 1.6326996984996192e-17
2675.0 1.6341355053220267e-17
2676.0 1.6355713121444343e-17
2677.0 1.6370071189668418e-17
2678.0 1.63844292578925e-17
2679.0 1.6398787326116575e-17
2680.0 1.641314539434065e-17
2681.0 1.6427503462564726e-17
2682.0 1.6441861530788802e-17
2683.0 1.6456219599012884e-17
2684.0 1.647057766723696e-17
2685.0 1.6484935735461035e-17
2686.0 1.649929380368511e-17
2687.0 1.6513651871909192e-17
2688.0 1.6528009940133267e-17
2689.0 1.6542368008357343e-17
2690.0 1.6556726076581418e-17
2691.0 1.6571084144805494e-17
2692.0 1.6585442213029575e-17
2693.0 1.659980028125365e-17
2694.0 1.6614158349477726e-17
2695.0 1.6628516417701802e-17
2696.0 1.6642874485925884e-17
2697.0 1.665723255414996e-17
2698.0 1.6671590622374035e-17
2699.0 1.668594869059811e-17
2700.0 1.6700306758822186e-17
2701.0 1.6714664827046267e-17
2702.0 1.6729022895270343e-17
2703.0 1.6743380963494418e-17
2704.0 1.6757739031718494e-17
2705.0 1.6772097099942576e-17
2706.0 1.678645516816665e-17
2707.0 1.6800813236390727e-17
2708.0 1.6815171304614802e-17
2709.0 1.6829529372838878e-17
2710.0 1.684388744106296e-17
2711.0 1.6858245509287035e-17
2712.0 1.687260357751111e-17
2713.0 1.6886961645735186e-17
2714.0 1.6901319713959267e-17
2715.0 1.6915677782183343e-17
2716.0 1.693003585040742e-17
2717.0 1.6944393918631494e-17
2718.0 1.6958751986855576e-17
2719.0 1.697311005507965e-17
2720.0 1.6987468123303727e-17
2721.0 1.7001826191527802e-17
2722.0 1.7016184259751878e-17
2723.0 1.703054232797596e-17
2724.0 1.7044900396200035e-17
2725.0 1.705925846442411e-17
2726.0 1.7073616532648186e-17
2727.0 1.7087974600872268e-17
2728.0 1.7102332669096343e-17
2729.0 1.711669073732042e-17
2730.0 1.7131048805544494e-17
2731.0 1.714540687376857e-17
2732.0 1.715976494199265e-17
2733.0 1.7174123010216727e-17
2734.0 1.7188481078440802e-17
2735.0 1.7202839146664878e-17
2736.0 1.721719721488896e-17
2737.0 1.7231555283113035e-17
2738.0 1.724591335133711e-17
2739.0 1.7260271419561186e-17
2740.0 1.7274629487785262e-17
2741.0 1.7288987556009343e-17
2742.0 1.730334562423342e-17
2743.0 1.7317703692457494e-17
2744.0 1.733206176068157e-17
2745.0 1.734641982890565e-17
2746.0 1.7360777897129727e-17
2747.0 1.7375135965353802e-17
2748.0 1.7389494033577878e-17
2749.0 1.7403852101801953e-17
2750.0 1.7418210170026035e-17
2751.0 1.743256823825011e-17
2752.0 1.7446926306474186e-17
2753.0 1.7461284374698262e-17
2754.0 1.7475642442922343e-17
2755.0 1.749000051114642e-17
2756.0 1.7504358579370494e-17
2757.0 1.751871664759457e-17
2758.0 1.7533074715818645e-17
2759.0 1.7547432784042727e-17
2760.0 1.7561790852266803e-17
2761.0 1.7576148920490878e-17
2762.0 1.7590506988714954e-17
2763.0 1.7604865056939035e-17
2764.0 1.761922312516311e-17
2765.0 1.7633581193387186e-17
2766.0 1.7647939261611262e-17
2767.0 1.7662297329835337e-17
2768.0 1.767665539805942e-17
2769.0 1.7691013466283494e-17
2770.0 1.770537153450757e-17
2771.0 1.7719729602731645e-17
2772.0 1.7734087670955727e-17
2773.0 1.7748445739179803e-17
2774.0 1.7762803807403878e-17
2775.0 1.7777161875627954e-17
2776.0 1.779151994385203e-17
2777.0 7.271187338115578e-17
2778.0 2.9799081014871974e-16
2779.0 3.1823760991644676e-17
2780.0 9.186509864527141e-17
2781.0 6.919387651995291e-17
2782.0 -2.6797856936722585e-16
2783.0 -1.7263950477086297e-16
2784.0 -2.6237204042017415e-17
2785.0 5.5390599812608714e-18
2786.0 2.3872244105130927e-16
2787.0 9.494338466377125e-17
2788.0 2.0816403460706804e-16
2789.0 1.0233294036006199e-16
2790.0 -8.749964908299528e-17
2791.0 2.833028966273944e-17
2792.0 5.880058341596512e-17
2793.0 1.2937227862725173e-17
2794.0 1.6828969313584045e-16
2795.0 3.6338789198382633e-16
2796.0 3.995854468516532e-16
2797.0 1.153829497467265e-16
2798.0 1.8803917105129017e-16
2799.0 6.477302479439577e-17
2800.0 1.511236139745142e-16
2801.0 -3.674537542959588e-17
2802.0 1.2067008292024684e-16
2803.0 1.0559123447847018e-16
2804.0 2.353953390168293e-16
2805.0 -2.9725253683469027e-17
2806.0 -4.7629406160258505e-17
2807.0 1.0950036075348741e-16
2808.0 9.155400328555498e-17
2809.0 -5.46580932904539e-17
2810.0 9.167274738925074e-18
2811.0 5.186135982462302e-17
2812.0 -1.9621740899057133e-16
2813.0 3.0580187743529705e-17
2814.0 1.6475883981575555e-16
2815.0 3.7699296386683204e-17
2816.0 1.0237931409256052e-16
2817.0 -9.473695278419494e-17
2818.0 1.4488933003409227e-16
2819.0 4.798410243902337e-17
2820.0 2.3639793067045134e-16
2821.0 9.773387860922844e-17
2822.0 1.0961355843817182e-16
2823.0 1.9666014917757538e-16
2824.0 -1.418009380040095e-16
2825.0 2.7599590065438014e-18
2826.0 6.463987897665166e-17
2827.0 -3.666086007136578e-17
2828.0 -1.2010656185458455e-16
2829.0 3.2252676072487437e-17
2830.0 -1.3536628227825497e-17
2831.0 8.738630753668164e-17
2832.0 1.3530966662600193e-17
2833.0 1.26514942565186e-16
2834.0 3.124898678974122e-16
2835.0 3.3604314710227255e-17
2836.0 1.2492566317000363e-16
2837.0 1.7410980644168e-16
2838.0 -1.8095536652017348e-16
2839.0 -1.5640408217891974e-17
2840.0 -3.3358886931505388e-18
2841.0 -9.787733624920573e-17
2842.0 -5.859646383329356e-17
2843.0 -1.112860783642696e-16
2844.0 -1.0894294560337705e-16
2845.0 -4.695009618884974e-18
2846.0 -9.053193401091399e-17
2847.0 8.031618486650765e-17
2848.0 1.3750523544945698e-17
2849.0 1.8742502006223832e-16
2850.0 1.3468077060456506e-16
2851.0 -1.1027432924170743e-16
2852.0 -8.712230122650965e-17
2853.0 -5.2974691676721396e-17
2854.0 -7.818329370691592e-17
2855.0 1.4970516814008312e-16
2856.0 3.525073664792831e-17
2857.0 2.703816843307744e-16
2858.0 1.271644836169012e-16
2859.0 1.8015061959585765e-16
2860.0 7.907935913604352e-17
2861.0 8.087075698793081e-17
2862.0 1.4924044658937023e-16
2863.0 1.9125227479804956e-17
2864.0 -4.9807583336908463e-17
2865.0 1.1675129623579315e-17
2866.0 -1.831829586496266e-16
2867.0 2.3935938053313687e-16
2868.0 1.507309538835074e-16
2869.0 2.1397097726340765e-17
2870.0 -8.26074817148475e-17
2871.0 -1.8526732011320836e-16
2872.0 2.859666648133361e-17
2873.0 7.990420496043924e-17
2874.0 3.9471952122457855e-17
2875.0 2.156084416028754e-16
2876.0 1.0953424928384486e-16
2877.0 1.6453495325853419e-16
2878.0 -1.2186886444968497e-16
2879.0 -7.269823016516253e-17
2880.0 -1.2814275210093849e-17
2881.0 7.972646220765418e-17
2882.0 2.1642766734306007e-16
2883.0 6.338597998707559e-17
2884.0 -5.912766090954796e-17
2885.0 1.0476590339562693e-16
2886.0 1.726285245235039e-16
2887.0 -1.1971723406146253e-16
2888.0 1.632300715641123e-16
2889.0 7.424757240038108e-17
2890.0 -3.025206353215408e-17
2891.0 9.442458656209286e-17
2892.0 2.1849006311525373e-17
2893.0 2.935513357153768e-16
2894.0 -7.439822448114276e-19
2895.0 4.627595811218243e-17
2896.0 -1.3810616701555055e-16
2897.0 7.583283554318195e-17
2898.0 3.523235305738653e-17
2899.0 9.093223622304218e-17
2900.0 2.707251819161481e-17
2901.0 2.073833623368799e-16
2902.0 1.560296328978653e-16
2903.0 -2.0429104312272458e-16
2904.0 -8.097466059753006e-17
2905.0 -4.334093987243432e-17
2906.0 2.7156642313717817e-17
2907.0 1.6172086168542288e-16
2908.0 3.9655927011935506e-16
2909.0 -8.061066161277972e-18
2910.0 1.236232711265258e-16
2911.0 -5.098754628107117e-18
2912.0 5.935074270802585e-17
2913.0 3.30457870301297e-16
2914.0 -1.514384151030274e-16
2915.0 9.582431351356536e-17
2916.0 2.3508888369883344e-16
2917.0 2.6126614244392846e-17
2918.0 -1.8186207653075104e-17
2919.0 -7.276799737393835e-17
2920.0 -9.114749025024558e-17
2921.0 5.145171965304323e-17
2922.0 -1.5624378071814555e-16
2923.0 5.885916505825044e-18
2924.0 -2.1693244484917824e-16
2925.0 -2.7495924438019423e-16
2926.0 -7.532526641531726e-17
2927.0 5.576008017185995e-17
2928.0 8.866238657176032e-17
2929.0 6.857155703482565e-17
2930.0 6.730014004168548e-17
2931.0 1.6261140554745908e-16
2932.0 1.880997771700085e-17
2933.0 -2.2812540925548963e-17
2934.0 1.590445403626112e-17
2935.0 -5.1088929561617604e-17
2936.0 1.7009656536420852e-16
2937.0 -1.4924864570989056e-16
2938.0 2.9074668670862593e-16
2939.0 2.818003693060471e-16
2940.0 1.846302815469868e-16
2941.0 -4.810695213288992e-17
2942.0 -1.2687318477773358e-16
2943.0 -7.479738844497759e-17
2944.0 3.484914704576492e-17
2945.0 3.2604731443889224e-16
2946.0 2.2746985000755596e-16
2947.0 -1.1099104255562962e-16
2948.0 2.377236421079752e-16
2949.0 8.510101361073384e-17
2950.0 1.269137598597265e-16
2951.0 -1.3611896312905208e-16
2952.0 8.448887133764903e-17
2953.0 1.5773220456986235e-16
2954.0 -1.1646929449460184e-16
2955.0 -1.4318738919001716e-16
2956.0 -2.829529794035546e-16
2957.0 2.999907251840204e-18
2958.0 4.564541150274903e-17
2959.0 2.826614830436401e-16
2960.0 1.4271261660355597e-16
2961.0 -2.3942745603841093e-16
2962.0 1.5998281210701977e-16
2963.0 -2.1438181138751757e-16
2964.0 -1.694212328006411e-16
2965.0 -8.345933274800129e-17
2966.0 -1.413471590381441e-16
2967.0 -2.877965494906119e-17
2968.0 -3.4446334378323204e-17
2969.0 -4.3845229740695724e-16
2970.0 -1.878324112695809e-17
2971.0 -1.916380578305813e-16
2972.0 3.1236882038044055e-16
2973.0 1.5885106824512415e-16
2974.0 -1.0013671064748737e-16
2975.0 2.6512152787280894e-16
2976.0 -3.8214418799967573e-17
2977.0 -1.9989462000352876e-16
2978.0 1.5162835483823548e-16
2979.0 -8.648383918939858e-17
2980.0 -1.3134949687958979e-16
2981.0 9.657728793646025e-17
2982.0 2.5142412239984834e-16
2983.0 8.454724788845136e-17
2984.0 -1.9653405629675179e-16
2985.0 -6.480777715690559e-17
2986.0 1.866999170058327e-16
2987.0 -4.0263488621031615e-17
2988.0 2.48243917533619e-16
2989.0 1.1846546333400824e-16
2990.0 3.8941231680172777e-16
2991.0 6.465942511261488e-17
2992.0 8.030597150324934e-17
2993.0 6.730440378724117e-18
2994.0 1.463985531249864e-17
2995.0 -1.0166971772367464e-16
2996.0 1.0634252309881669e-16
2997.0 -3.0400743609358047e-19
2998.0 5.1137400658137e-17
2999.0 -1.798399774804864e-16
3000.0 -1.7618486175202403e-16
3001.0 -1.5230363347791072e-16
3002.0 -1.6329194748544537e-16
3003.0 -3.940660970215021e-16
3004.0 -1.49489245048857e-17
3005.0 2.8738170683544236e-16
3006.0 3.905492714688235e-17
3007.0 -5.21347393323206e-17
3008.0 4.036419103760173e-16
3009.0 1.1194102948754596e-16
3010.0 -3.1505845526224623e-16
3011.0 -2.349256094011141e-16
3012.0 9.903669747921327e-17
3013.0 1.256759489459466e-16
3014.0 -1.4036923819220147e-16
3015.0 5.887447029831864e-17
3016.0 -1.2617668455376265e-16
3017.0 -1.19804291454884e-16
3018.0 6.963550802657136e-16
3019.0 4.954471164348829e-16
3020.0 3.6669863482168383e-16
3021.0 -5.049967122325802e-17
3022.0 -2.351018343227224e-16
3023.0 1.414342694054389e-16
3024.0 2.9795686699533145e-16
3025.0 -4.85548989520017e-16
3026.0 -1.2790570201307817e-16
3027.0 -1.1604485240358946e-16
3028.0 9.161297164822018e-17
3029.0 -1.276055365230852e-16
3030.0 1.2946912251883854e-16
3031.0 9.912452890572099e-19
3032.0 -2.2505751706236708e-17
3033.0 -7.681851558372796e-17
3034.0 -2.5042427854647325e-16
3035.0 -8.937518056799166e-17
3036.0 -2.792535706129097e-16
3037.0 -2.0079400275823039e-16
3038.0 1.9561508036782711e-16
3039.0 2.1119101636851035e-16
3040.0 4.490649029833183e-16
3041.0 2.0820876705669114e-16
3042.0 4.253860094938339e-16
3043.0 4.657843920710252e-16
3044.0 1.4427867561101132e-16
3045.0 7.46637046023803e-17
3046.0 -5.248557198957075e-16
3047.0 -1.5471747466848598e-16
3048.0 2.653203977475665e-16
3049.0 7.801221648409565e-16
3050.0 -4.007261965808955e-17
3051.0 -3.947884813403538e-17
3052.0 3.0635820307206846e-16
3053.0 5.638943546344905e-17
3054.0 3.389450897683277e-16
3055.0 1.6734994640185719e-16
3056.0 3.751112624010293e-16
3057.0 -1.3846776760463068e-16
3058.0 8.164136838622357e-17
3059.0 -5.159512207820377e-16
3060.0 -1.4608398444937457e-16
3061.0 2.9426460770899206e-16
3062.0 1.947124442164658e-16
3063.0 1.7079991449818772e-17
3064.0 -1.3830957603400048e-17
3065.0 -5.0247667823254884e-17
3066.0 -3.111113343025309e-16
3067.0 9.835962269231949e-17
3068.0 -1.637148155576448e-16
3069.0 2.0205029539317599e-16
3070.0 -1.277377419694921e-16
3071.0 3.507282405811514e-16
3072.0 1.6579888899654248e-16
3073.0 1.1591645529895288e-16
3074.0 1.4767123527246698e-16
3075.0 2.8941234669324386e-16
3076.0 -8.11994276614798e-16
3077.0 -3.889343172470047e-17
3078.0 4.48541899202842e-16
3079.0 1.104540437214664e-16
3080.0 4.1229935728399113e-16
3081.0 6.565377070721323e-16
3082.0 -7.730318031417279e-16
3083.0 -1.7632602019934941e-16
3084.0 -3.339730827093531e-16
3085.0 1.3005898511725655e-16
3086.0 9.925030558231314e-17
3087.0 -3.601032717087228e-16
3088.0 -1.9611256343860843e-16
3089.0 -1.9523879059509388e-16
3090.0 -1.1683542107143172e-16
3091.0 -5.19679643184846e-16
3092.0 1.0772192268255906e-16
3093.0 -1.2198345602728313e-16
3094.0 -5.448403967924519e-16
3095.0 -4.149670589100662e-16
3096.0 5.142463113299273e-16
3097.0 -1.0849367573436894e-16
3098.0 6.105080256791465e-16
3099.0 -4.490297478970738e-16
3100.0 -1.3764762880109813e-16
3101.0 2.4838232162952967e-17
3102.0 3.309956982154293e-16
3103.0 4.1363539611514964e-16
3104.0 2.25402946967149e-16
3105.0 -2.0018897972081048e-16
3106.0 -3.3487496718222577e-16
3107.0 -3.2359677471145157e-17
3108.0 -4.557848232606737e-16
3109.0 -1.1337830635498959e-16
3110.0 4.1204268935301897e-17
3111.0 -2.0590862374377525e-16
3112.0 6.434619768106769e-16
3113.0 4.87944339952657e-17
3114.0 -2.944315800520735e-16
3115.0 1.9032862626529752e-16
3116.0 -1.19233126522151e-16
3117.0 3.283653555268091e-16
3118.0 9.923165987634504e-16
3119.0 -9.35453531493533e-17
3120.0 -1.2104331712884514e-16
3121.0 1.0133337572651168e-16
3122.0 -8.300999646474106e-17
3123.0 6.515603673908312e-17
3124.0 3.3753121644091964e-16
3125.0 -5.393244743757188e-16
3126.0 -2.318064884617136e-16
3127.0 2.64003930053527e-16
3128.0 -3.816509529113045e-16
3129.0 2.094705108105139e-16
3130.0 -2.87021306223467e-16
3131.0 -3.614731471220913e-18
3132.0 -1.0432244480808682e-16
3133.0 1.0705843510784131e-16
3134.0 -2.220534392450371e-16
3135.0 -4.832428016172003e-16
3136.0 -3.4639763253440513e-16
3137.0 5.991821116001664e-16
3138.0 7.612563739072245e-17
3139.0 -6.115192537444934e-16
3140.0 -5.001206357319111e-16
3141.0 -3.131225569871218e-16
3142.0 -3.673140898305738e-16
3143.0 1.2378359884121244e-16
3144.0 4.877403427016044e-16
3145.0 -6.309074316232209e-17
3146.0 4.042704425941028e-16
3147.0 4.516232410244592e-16
3148.0 -5.655839324699088e-16
3149.0 1.1777098761779822e-16
3150.0 -4.575601989470079e-17
3151.0 3.7193437490612725e-17
3152.0 -4.685576199864693e-16
3153.0 5.661564690899755e-16
3154.0 5.259639042467866e-16
3155.0 1.166178773972686e-16
3156.0 6.740991742971558e-16
3157.0 2.0244721047656608e-16
3158.0 7.715417190616744e-16
3159.0 -8.650458370863434e-16
3160.0 7.017913654757372e-16
3161.0 4.848346750985794e-16
3162.0 1.3350554108194558e-15
3163.0 -5.309920602751372e-16
3164.0 3.6612705142212426e-16
3165.0 -1.4224166478973948e-17
3166.0 1.1395252344611895e-15
3167.0 6.202847112014199e-16
3168.0 2.0768786824734138e-18
3169.0 1.793265614634232e-15
3170.0 6.517183024905394e-16
3171.0 -1.1796342670972323e-15
3172.0 1.388727188247881e-16
3173.0 -5.380370258227568e-16
3174.0 7.79822726188137e-18
3175.0 0.0
3176.0 0.0
3177.0 0.0
3178.0 0.0
3179.0 0.0
3180.0 0.0
3181.0 0.0
3182.0 0.0
3183.0 0.0
3184.0 0.0
3185.0 0.0
3186.0 0.0
3187.0 0.0
3188.0 0.0
3189.0 0.0
3190.0 0.0
3191.0 0.0
3192.0 0.0
3193.0 0.0
3194.0 0.0
3195.0 0.0
3196.0 0.0
3197.0 0.0
3198.0 0.0
3199.0 0.0
3200.0 0.0
3201.0 0.0
3202.0 0.0
3203.0 0.0
3204.0 0.0
3205.0 0.0
3206.0 0.0
3207.0 0.0
3208.0 0.0
3209.0 0.0
3210.0 0.0
3211.0 0.0
3212.0 0.0
3213.0 0.0
3214.0 0.0
3215.0 0.0
3216.0 1.0147776977673169e-16
3217.0 1.0147776977673169e-16
3218.0 1.0147776977673169e-16
3219.0 9.452114787535034e-17
3220.0 6.935258279678935e-17
3221.0 6.935258279678935e-17
3222.0 6.935258279678935e-17
3223.0 6.935258279678935e-17
3224.0 6.935258279678935e-17
3225.0 4.6646706270709434e-17
3226.0 4.207447237433829e-17
3227.0 4.207447237433829e-17
3228.0 4.207447237433829e-17
3229.0 4.207447237433829e-17
3230.0 7.729343708768933e-17
3231.0 1.1658032090416156e-16
3232.0 1.1658032090416156e-16
3233.0 1.1658032090416156e-16
3234.0 1.1658032090416156e-16
3235.0 1.1658032090416156e-16
3236.0 1.1658032090416156e-16
3237.0 1.1658032090416156e-16
3238.0 1.1658032090416156e-16
3239.0 1.1658032090416156e-16
3240.0 1.0247504242593251e-16
3241.0 9.711439866295937e-17
3242.0 9.711439866295937e-17
3243.0 9.711439866295937e-17
3244.0 9.711439866295937e-17
3245.0 9.711439866295937e-17
3246.0 9.711439866295937e-17
3247.0 9.711439866295937e-17
3248.0 9.711439866295937e-17
3249.0 1.0445934462104846e-16
3250.0 1.8728124780408173e-16
3251.0 1.8728124780408173e-16
3252.0 1.8728124780408173e-16
3253.0 1.8728124780408173e-16
3254.0 1.8728124780408173e-16
3255.0 1.8728124780408173e-16
3256.0 1.7485116668941101e-16
3257.0 1.4258228685606785e-16
3258.0 1.4258228685606785e-16
3259.0 1.4258228685606785e-16
3260.0 1.4258228685606785e-16
3261.0 1.4258228685606785e-16
3262.0 1.4258228685606785e-16
3263.0 1.4258228685606785e-16
3264.0 1.4234166868975643e-16
3265.0 2.2369675261481817e-17
3266.0 2.2369675261481817e-17
3267.0 2.2369675261481817e-17
3268.0 2.2369675261481817e-17
3269.0 2.2369675261481817e-17
3270.0 2.2369675261481817e-17
3271.0 2.2369675261481817e-17
3272.0 2.2369675261481817e-17
3273.0 3.007736132140213e-17
3274.0 3.298474344167069e-17
3275.0 3.298474344167069e-17
3276.0 3.298474344167069e-17
3277.0 3.298474344167069e-17
3278.0 3.298474344167069e-17
3279.0 3.298474344167069e-17
3280.0 6.039527104671639e-17
3281.0 6.44942003346857e-17
3282.0 6.44942003346857e-17
3283.0 6.44942003346857e-17
3284.0 6.44942003346857e-17
3285.0 1.3124104431495548e-16
3286.0 1.9829282170217546e-16
3287.0 1.9829282170217546e-16
3288.0 1.9829282170217546e-16
3289.0 1.9829282170217546e-16
3290.0 1.9829282170217546e-16
3291.0 1.9829282170217546e-16
3292.0 1.9829282170217546e-16
3293.0 1.657080788518209e-16
3294.0 3.493964916181931e-17
3295.0 3.493964916181931e-17
3296.0 3.493964916181931e-17
3297.0 3.493964916181931e-17
3298.0 3.493964916181931e-17
3299.0 3.493964916181931e-17
3300.0 3.493964916181931e-17
3301.0 3.493964916181931e-17
3302.0 3.493964916181931e-17
3303.0 3.493964916181931e-17
3304.0 4.683540031345216e-17
3305.0 1.1385329833047634e-16
3306.0 1.1385329833047634e-16
3307.0 1.1385329833047634e-16
3308.0 1.1385329833047634e-16
3309.0 1.1385329833047634e-16
3310.0 1.1385329833047634e-16
3311.0 1.1385329833047634e-16
3312.0 1.1385329833047634e-16
3313.0 1.1385329833047634e-16
3314.0 9.507316922349011e-17
3315.0 5.96990938807199e-17
3316.0 5.96990938807199e-17
3317.0 5.96990938807199e-17
3318.0 1.211282586698788e-16
3319.0 2.4207624591332587e-16
3320.0 2.4207624591332587e-16
3321.0 8.220863354705499e-17
3322.0 3.322548608714812e-17
3323.0 3.322548608714812e-17
3324.0 3.322548608714812e-17
3325.0 4.812336715456263e-17
3326.0 5.387815773573524e-17
3327.0 5.387815773573524e-17
3328.0 5.387815773573524e-17
3329.0 5.387815773573524e-17
3330.0 5.387815773573524e-17
3331.0 5.387815773573524e-17
3332.0 5.387815773573524e-17
3333.0 6.054045355364262e-17
3334.0 6.988708705628642e-17
3335.0 6.988708705628642e-17
3336.0 6.988708705628642e-17
3337.0 6.988708705628642e-17
3338.0 6.988708705628642e-17
3339.0 6.988708705628642e-17
3340.0 6.988708705628642e-17
3341.0 6.988708705628642e-17
3342.0 6.988708705628642e-17
3343.0 6.988708705628642e-17
3344.0 6.988708705628642e-17
3345.0 6.988708705628642e-17
3346.0 4.94954246808457e-17
3347.0 4.870856676613199e-17
3348.0 4.870856676613199e-17
3349.0 4.870856676613199e-17
3350.0 4.870856676613199e-17
3351.0 4.870856676613199e-17
3352.0 4.870856676613199e-17
3353.0 4.870856676613199e-17
3354.0 4.870856676613199e-17
3355.0 4.870856676613199e-17
3356.0 4.870856676613199e-17
3357.0 4.870856676613199e-17
3358.0 4.870856676613199e-17
3359.0 4.6429480142759466e-17
3360.0 3.309380555107458e-17
3361.0 3.309380555107458e-17
3362.0 3.309380555107458e-17
3363.0 3.309380555107458e-17
3364.0 3.309380555107458e-17
3365.0 3.309380555107458e-17
3366.0 3.309380555107458e-17
3367.0 3.309380555107458e-17
3368.0 1.3864850677932603e-16
3369.0 1.4535440069930457e-16
3370.0 1.0256258090673194e-16
3371.0 3.1636647492723616e-17
3372.0 3.1636647492723616e-17
3373.0 3.1636647492723616e-17
3374.0 3.1636647492723616e-17
3375.0 3.1636647492723616e-17
3376.0 1.367817975354376e-16
3377.0 1.461770549795457e-16
3378.0 1.461770549795457e-16
3379.0 1.461770549795457e-16
3380.0 1.461770549795457e-16
3381.0 1.461770549795457e-16
3382.0 1.461770549795457e-16
3383.0 1.461770549795457e-16
3384.0 1.461770549795457e-16
3385.0 1.461770549795457e-16
3386.0 1.461770549795457e-16
3387.0 1.461770549795457e-16
3388.0 1.461770549795457e-16
3389.0 1.461770549795457e-16
3390.0 1.461770549795457e-16
3391.0 1.461770549795457e-16
3392.0 1.461770549795457e-16
3393.0 1.461770549795457e-16
3394.0 1.461770549795457e-16
3395.0 1.461770549795457e-16
3396.0 1.461770549795457e-16
3397.0 1.461770549795457e-16
3398.0 4.462122381421029e-17
3399.0 2.0758251327612164e-17
3400.0 2.0758251327612164e-17
3401.0 2.0758251327612164e-17
3402.0 2.0758251327612164e-17
3403.0 2.0758251327612164e-17
3404.0 2.0758251327612164e-17
3405.0 2.0758251327612164e-17
3406.0 2.0758251327612164e-17
3407.0 2.0758251327612164e-17
3408.0 2.0758251327612164e-17
3409.0 2.0758251327612164e-17
3410.0 2.0758251327612164e-17
3411.0 2.0758251327612164e-17
3412.0 2.0758251327612164e-17
3413.0 2.0758251327612164e-17
3414.0 2.0758251327612164e-17
3415.0 2.0758251327612164e-17
3416.0 2.0758251327612164e-17
3417.0 2.0758251327612164e-17
3418.0 2.0758251327612164e-17
3419.0 2.0758251327612164e-17
3420.0 2.0758251327612164e-17
3421.0 2.0758251327612164e-17
3422.0 2.0758251327612164e-17
3423.0 2.0758251327612164e-17
3424.0 2.0758251327612164e-17
3425.0 2.0758251327612164e-17
3426.0 2.0758251327612164e-17
3427.0 2.0758251327612164e-17
3428.0 5.4965031253747684e-17
3429.0 8.656590032410754e-17
3430.0 8.656590032410754e-17
3431.0 8.656590032410754e-17
3432.0 8.656590032410754e-17
3433.0 8.656590032410754e-17
3434.0 8.656590032410754e-17
3435.0 8.656590032410754e-17
3436.0 8.656590032410754e-17
3437.0 8.656590032410754e-17
3438.0 8.656590032410754e-17
3439.0 8.656590032410754e-17
3440.0 8.656590032410754e-17
3441.0 8.656590032410754e-17
3442.0 8.656590032410754e-17
3443.0 8.656590032410754e-17
3444.0 8.656590032410754e-17
3445.0 8.656590032410754e-17
3446.0 8.656590032410754e-17
3447.0 8.656590032410754e-17
3448.0 8.656590032410754e-17
3449.0 8.656590032410754e-17
3450.0 8.656590032410754e-17
3451.0 8.656590032410754e-17
3452.0 8.656590032410754e-17
3453.0 8.656590032410754e-17
3454.0 8.656590032410754e-17
3455.0 8.656590032410754e-17
3456.0 8.656590032410754e-17
3457.0 8.372079512737396e-17
3458.0 8.17076965330162e-17
3459.0 8.17076965330162e-17
3460.0 8.17076965330162e-17
3461.0 8.17076965330162e-17
3462.0 8.17076965330162e-17
3463.0 8.17076965330162e-17
3464.0 8.17076965330162e-17
3465.0 8.17076965330162e-17
3466.0 8.17076965330162e-17
3467.0 8.17076965330162e-17
3468.0 8.17076965330162e-17
3469.0 8.17076965330162e-17
3470.0 8.17076965330162e-17
3471.0 8.17076965330162e-17
3472.0 8.17076965330162e-17
3473.0 8.17076965330162e-17
3474.0 8.17076965330162e-17
3475.0 8.17076965330162e-17
3476.0 7.107594487170192e-17
3477.0 2.4573297648212887e-17
3478.0 2.4573297648212887e-17
3479.0 2.4573297648212887e-17
3480.0 2.4573297648212887e-17
3481.0 2.4573297648212887e-17
3482.0 1.0632845011481026e-16
3483.0 1.1222756417200952e-16
3484.0 1.1222756417200952e-16
3485.0 1.1222756417200952e-16
3486.0 6.51302384556142e-17
3487.0 5.0327415473179916e-17
3488.0 4.5848542760411273e-17
3489.0 2.8399826890077064e-17
3490.0 2.8399826890077064e-17
3491.0 2.8399826890077064e-17
3492.0 2.8399826890077064e-17
3493.0 2.8399826890077064e-17
3494.0 2.8399826890077064e-17
3495.0 2.8399826890077064e-17
3496.0 2.8399826890077064e-17
3497.0 2.779203921263777e-17
3498.0 2.7671855011471193e-17
3499.0 2.7671855011471193e-17
3500.0 2.7671855011471193e-17
3501.0 2.7671855011471193e-17
3502.0 2.7671855011471193e-17
3503.0 2.7671855011471193e-17
3504.0 2.7671855011471193e-17
3505.0 2.9086181550185134e-17
3506.0 3.202290444283893e-17
3507.0 3.202290444283893e-17
3508.0 7.519895837422855e-17
3509.0 8.324234817987359e-17
3510.0 8.55176942569189e-17
3511.0 1.0720620727689822e-16
3512.0 1.0720620727689822e-16
3513.0 1.11786996527704e-16
3514.0 1.175356946593256e-16
3515.0 1.175356946593256e-16
3516.0 1.175356946593256e-16
3517.0 1.0817030271133634e-16
3518.0 7.588918899030999e-17
3519.0 7.588918899030999e-17
3520.0 7.588918899030999e-17
3521.0 6.557751811519328e-17
3522.0 3.1835048417005684e-17
3523.0 3.1835048417005684e-17
3524.0 3.1835048417005684e-17
3525.0 3.1835048417005684e-17
3526.0 3.1835048417005684e-17
3527.0 3.1835048417005684e-17
3528.0 3.1835048417005684e-17
3529.0 3.1835048417005684e-17
3530.0 3.1835048417005684e-17
3531.0 3.1835048417005684e-17
3532.0 3.2160226069769397e-17
3533.0 3.477756477515077e-17
3534.0 3.477756477515077e-17
3535.0 3.477756477515077e-17
3536.0 3.477756477515077e-17
3537.0 3.477756477515077e-17
3538.0 3.477756477515077e-17
3539.0 3.477756477515077e-17
3540.0 3.477756477515077e-17
3541.0 3.477756477515077e-17
3542.0 3.477756477515077e-17
3543.0 3.4481656629924224e-17
3544.0 2.8593426858083875e-17
3545.0 2.8593426858083875e-17
3546.0 2.8593426858083875e-17
3547.0 2.8593426858083875e-17
3548.0 2.3109478307044448e-17
3549.0 2.308743311388388e-17
3550.0 2.308743311388388e-17
3551.0 2.308743311388388e-17
3552.0 2.7469510845811182e-17
3553.0 2.7740726069272362e-17
3554.0 2.7740726069272362e-17
3555.0 2.7740726069272362e-17
3556.0 2.7740726069272362e-17
3557.0 2.7740726069272362e-17
3558.0 2.7740726069272362e-17
3559.0 2.7740726069272362e-17
3560.0 2.7740726069272362e-17
3561.0 3.649904609257402e-17
3562.0 6.205072865753876e-17
3563.0 6.205072865753876e-17
3564.0 6.205072865753876e-17
3565.0 6.205072865753876e-17
3566.0 6.205072865753876e-17
3567.0 6.205072865753876e-17
3568.0 6.205072865753876e-17
3569.0 6.205072865753876e-17
3570.0 6.205072865753876e-17
3571.0 9.743583672398625e-17
3572.0 1.257016216664491e-16
3573.0 1.257016216664491e-16
3574.0 1.257016216664491e-16
3575.0 1.257016216664491e-16
3576.0 1.257016216664491e-16
3577.0 1.257016216664491e-16
3578.0 6.080532428047819e-17
3579.0 5.255522462102203e-17
3580.0 5.255522462102203e-17
3581.0 5.255522462102203e-17
3582.0 5.255522462102203e-17
3583.0 5.255522462102203e-17
3584.0 5.255522462102203e-17
3585.0 5.255522462102203e-17
3586.0 5.255522462102203e-17
3587.0 5.255522462102203e-17
3588.0 5.255522462102203e-17
3589.0 5.255522462102203e-17
3590.0 5.255522462102203e-17
3591.0 5.255522462102203e-17
3592.0 5.255522462102203e-17
3593.0 5.255522462102203e-17
3594.0 4.7349088744340914e-17
3595.0 2.921992683658664e-17
3596.0 2.921992683658664e-17
3597.0 2.921992683658664e-17
3598.0 2.921992683658664e-17
3599.0 2.921992683658664e-17
3600.0 2.921992683658664e-17
3601.0 2.921992683658664e-17
3602.0 2.921992683658664e-17
3603.0 2.921992683658664e-17
3604.0 2.921992683658664e-17
3605.0 2.921992683658664e-17
3606.0 2.921992683658664e-17
3607.0 3.7732592307233604e-17
3608.0 3.857656379186796e-17
3609.0 3.857656379186796e-17
3610.0 3.857656379186796e-17
3611.0 3.857656379186796e-17
3612.0 3.857656379186796e-17
3613.0 3.857656379186796e-17
3614.0 3.857656379186796e-17
3615.0 3.857656379186796e-17
3616.0 3.857656379186796e-17
3617.0 3.857656379186796e-17
3618.0 3.857656379186796e-17
3619.0 2.950398084142409e-17
3620.0 2.7864558315694e-17
3621.0 2.7864558315694e-17
3622.0 2.7864558315694e-17
3623.0 2.7864558315694e-17
3624.0 2.7864558315694e-17
3625.0 2.7864558315694e-17
3626.0 2.7864558315694e-17
3627.0 2.7864558315694e-17
3628.0 2.7864558315694e-17
3629.0 2.7864558315694e-17
3630.0 2.7864558315694e-17
3631.0 2.7864558315694e-17
3632.0 2.7864558315694e-17
3633.0 2.7864558315694e-17
3634.0 2.7864558315694e-17
3635.0 2.7864558315694e-17
3636.0 2.7864558315694e-17
3637.0 2.7864558315694e-17
3638.0 2.7864558315694e-17
3639.0 2.7864558315694e-17
3640.0 2.7864558315694e-17
3641.0 2.7864558315694e-17
3642.0 2.7864558315694e-17
3643.0 2.7864558315694e-17
3644.0 2.7864558315694e-17
3645.0 2.7864558315694e-17
3646.0 2.7864558315694e-17
3647.0 2.7864558315694e-17
3648.0 2.7864558315694e-17
3649.0 2.7864558315694e-17
3650.0 2.7864558315694e-17
3651.0 2.7864558315694e-17
3652.0 2.7864558315694e-17
3653.0 2.7864558315694e-17
3654.0 2.7864558315694e-17
3655.0 2.7864558315694e-17
3656.0 2.7864558315694e-17
3657.0 2.7864558315694e-17
3658.0 2.7864558315694e-17
3659.0 2.7864558315694e-17
3660.0 2.7864558315694e-17
3661.0 2.7864558315694e-17
3662.0 2.7864558315694e-17
3663.0 2.7864558315694e-17
3664.0 2.7864558315694e-17
3665.0 2.7864558315694e-17
3666.0 2.7864558315694e-17
3667.0 2.7864558315694e-17
3668.0 2.7864558315694e-17
3669.0 2.7864558315694e-17
3670.0 2.7864558315694e-17
3671.0 2.7864558315694e-17
3672.0 2.7864558315694e-17
3673.0 2.7864558315694e-17
3674.0 2.7864558315694e-17
3675.0 2.7864558315694e-17
3676.0 2.7864558315694e-17
3677.0 7.755925006211972e-17
3678.0 8.971320344086359e-17
3679.0 8.971320344086359e-17
3680.0 8.971320344086359e-17
3681.0 8.971320344086359e-17
3682.0 8.971320344086359e-17
3683.0 8.971320344086359e-17
3684.0 8.971320344086359e-17
3685.0 8.971320344086359e-17
3686.0 8.971320344086359e-17
3687.0 8.971320344086359e-17
3688.0 8.971320344086359e-17
3689.0 8.971320344086359e-17
3690.0 8.971320344086359e-17
3691.0 8.971320344086359e-17
3692.0 8.971320344086359e-17
3693.0 8.971320344086359e-17
3694.0 8.971320344086359e-17
3695.0 8.971320344086359e-17
3696.0 8.971320344086359e-17
3697.0 8.971320344086359e-17
3698.0 8.971320344086359e-17
3699.0 8.971320344086359e-17
