WAVELENGTH FLUX
100.5 1.4263487029726426e-16
101.5 1.4263487029726426e-16
102.5 1.4263487029726426e-16
103.5 1.4263487029726426e-16
104.5 1.4263487029726426e-16
105.5 1.4263487029726426e-16
106.5 1.4263487029726426e-16
107.5 1.4263487029726426e-16
108.5 1.4263487029726426e-16
109.5 1.4263487029726426e-16
110.5 1.4263487029726426e-16
111.5 1.4263487029726426e-16
112.5 1.4263487029726426e-16
113.5 1.4263487029726426e-16
114.5 1.4263487029726426e-16
115.5 1.4263487029726426e-16
116.5 1.4263487029726426e-16
117.5 1.4263487029726426e-16
118.5 1.4263487029726426e-16
119.5 1.4263487029726426e-16
120.5 1.4263487029726426e-16
121.5 1.4263487029726426e-16
122.5 1.4263487029726426e-16
123.5 1.4263487029726426e-16
124.5 1.4263487029726426e-16
125.5 1.4263487029726426e-16
126.5 1.4263487029726426e-16
127.5 1.4263487029726426e-16
128.5 1.4263487029726426e-16
129.5 1.4263487029726426e-16
130.5 1.4263487029726426e-16
131.5 1.4263487029726426e-16
132.5 1.4263487029726426e-16
133.5 1.4263487029726426e-16
134.5 1.4263487029726426e-16
135.5 1.4263487029726426e-16
136.5 1.4263487029726426e-16
137.5 1.4263487029726426e-16
138.5 1.4263487029726426e-16
139.5 1.4263487029726426e-16
140.5 1.4263487029726426e-16
141.5 1.4263487029726426e-16
142.5 1.4263487029726426e-16
143.5 1.4263487029726426e-16
144.5 1.4263487029726426e-16
145.5 1.4263487029726426e-16
146.5 1.4263487029726426e-16
147.5 1.4263487029726426e-16
148.5 1.4263487029726426e-16
149.5 1.4263487029726426e-16
150.5 1.4263487029726426e-16
151.5 1.4263487029726426e-16
152.5 1.4263487029726426e-16
153.5 1.4263487029726426e-16
154.5 1.4263487029726426e-16
155.5 1.4263487029726426e-16
156.5 1.4263487029726426e-16
157.5 1.4263487029726426e-16
158.5 1.4263487029726426e-16
159.5 1.4263487029726426e-16
160.5 1.4263487029726426e-16
161.5 1.4263487029726426e-16
162.5 1.4263487029726426e-16
163.5 1.4263487029726426e-16
164.5 1.4263487029726426e-16
165.5 1.4263487029726426e-16
166.5 1.4263487029726426e-16
167.5 1.4263487029726426e-16
168.5 1.4263487029726426e-16
169.5 1.4263487029726426e-16
170.5 1.4263487029726426e-16
171.5 1.4263487029726426e-16
172.5 1.4263487029726426e-16
173.5 1.4263487029726426e-16
174.5 1.4263487029726426e-16
175.5 1.4263487029726426e-16
176.5 1.4263487029726426e-16
177.5 1.4263487029726426e-16
178.5 1.4263487029726426e-16
179.5 1.4263487029726426e-16
180.5 1.4263487029726426e-16
181.5 1.4263487029726426e-16
182.5 1.4263487029726426e-16
183.5 1.4263487029726426e-16
184.5 1.4263487029726426e-16
185.5 1.4263487029726426e-16
186.5 1.4263487029726426e-16
187.5 1.4263487029726426e-16
188.5 1.4263487029726426e-16
189.5 1.4263487029726426e-16
190.5 1.4263487029726426e-16
191.5 1.4263487029726426e-16
192.5 1.4263487029726426e-16
193.5 1.4263487029726426e-16
194.5 1.4263487029726426e-16
195.5 1.4263487029726426e-16
196.5 1.4263487029726426e-16
197.5 1.4263487029726426e-16
198.5 1.4263487029726426e-16
199.5 1.4263487029726426e-16
200.5 1.2509089837441656e-16
201.5 1.2509089837441656e-16
202.5 1.2509089837441656e-16
203.5 1.2509089837441656e-16
204.5 1.2509089837441656e-16
205.5 1.2509089837441656e-16
206.5 1.2509089837441656e-16
207.5 1.2509089837441656e-16
208.5 1.2509089837441656e-16
209.5 1.2509089837441656e-16
210.5 1.2509089837441656e-16
211.5 1.2509089837441656e-16
212.5 1.2509089837441656e-16
213.5 1.2509089837441656e-16
214.5 1.2509089837441656e-16
215.5 1.2509089837441656e-16
216.5 1.2509089837441656e-16
217.5 1.2509089837441656e-16
218.5 1.2509089837441656e-16
219.5 1.2509089837441656e-16
220.5 1.2509089837441656e-16
221.5 1.2509089837441656e-16
222.5 1.2509089837441656e-16
223.5 1.2509089837441656e-16
224.5 1.2509089837441656e-16
225.5 1.2509089837441656e-16
226.5 1.2509089837441656e-16
227.5 1.2509089837441656e-16
228.5 1.2509089837441656e-16
229.5 1.2509089837441656e-16
230.5 1.2509089837441656e-16
231.5 1.2509089837441656e-16
232.5 1.2509089837441656e-16
233.5 1.2509089837441656e-16
234.5 1.2509089837441656e-16
235.5 1.2509089837441656e-16
236.5 1.2509089837441656e-16
237.5 1.2509089837441656e-16
238.5 1.2509089837441656e-16
239.5 1.2509089837441656e-16
240.5 1.2509089837441656e-16
241.5 1.2509089837441656e-16
242.5 1.2509089837441656e-16
243.5 1.2509089837441656e-16
244.5 1.2509089837441656e-16
245.5 1.2509089837441656e-16
246.5 1.2509089837441656e-16
247.5 1.2509089837441656e-16
248.5 1.2509089837441656e-16
249.5 1.2509089837441656e-16
250.5 1.2509089837441656e-16
251.5 1.2509089837441656e-16
252.5 1.2509089837441656e-16
253.5 1.2509089837441656e-16
254.5 1.2509089837441656e-16
255.5 1.2509089837441656e-16
256.5 1.2509089837441656e-16
257.5 1.2509089837441656e-16
258.5 1.2509089837441656e-16
259.5 1.2509089837441656e-16
260.5 1.2509089837441656e-16
261.5 1.2509089837441656e-16
262.5 1.2509089837441656e-16
263.5 1.2509089837441656e-16
264.5 1.2509089837441656e-16
265.5 1.2509089837441656e-16
266.5 1.2509089837441656e-16
267.5 1.2509089837441656e-16
268.5 1.2509089837441656e-16
269.5 1.2509089837441656e-16
270.5 1.2509089837441656e-16
271.5 1.2509089837441656e-16
272.5 1.2509089837441656e-16
273.5 1.2509089837441656e-16
274.5 1.2509089837441656e-16
275.5 1.2509089837441656e-16
276.5 1.2509089837441656e-16
277.5 1.2509089837441656e-16
278.5 1.2509089837441656e-16
279.5 1.2509089837441656e-16
280.5 1.2509089837441656e-16
281.5 1.2509089837441656e-16
282.5 1.2509089837441656e-16
283.5 1.2509089837441656e-16
284.5 1.2509089837441656e-16
285.5 1.2509089837441656e-16
286.5 1.2509089837441656e-16
287.5 1.2509089837441656e-16
288.5 1.2509089837441656e-16
289.5 1.2509089837441656e-16
290.5 1.2509089837441656e-16
291.5 1.2509089837441656e-16
292.5 1.2509089837441656e-16
293.5 1.2509089837441656e-16
294.5 1.2509089837441656e-16
295.5 1.2509089837441656e-16
296.5 1.2509089837441656e-16
297.5 1.2509089837441656e-16
298.5 1.2509089837441656e-16
299.5 1.2509089837441656e-16
300.5 1.1046525807974836e-16
301.5 1.1046525807974836e-16
302.5 1.1046525807974836e-16
303.5 1.1046525807974836e-16
304.5 1.1046525807974836e-16
305.5 1.1046525807974836e-16
306.5 1.1046525807974836e-16
307.5 1.1046525807974836e-16
308.5 1.1046525807974836e-16
309.5 1.1046525807974836e-16
310.5 1.1046525807974836e-16
311.5 1.1046525807974836e-16
312.5 1.1046525807974836e-16
313.5 1.1046525807974836e-16
314.5 1.1046525807974836e-16
315.5 1.1046525807974836e-16
316.5 1.1046525807974836e-16
317.5 1.1046525807974836e-16
318.5 1.1046525807974836e-16
319.5 1.1046525807974836e-16
320.5 1.1046525807974836e-16
321.5 1.1046525807974836e-16
322.5 1.1046525807974836e-16
323.5 1.1046525807974836e-16
324.5 1.1046525807974836e-16
325.5 1.1046525807974836e-16
326.5 1.1046525807974836e-16
327.5 1.1046525807974836e-16
328.5 1.1046525807974836e-16
329.5 1.1046525807974836e-16
330.5 1.1046525807974836e-16
331.5 1.1046525807974836e-16
332.5 1.1046525807974836e-16
333.5 1.1046525807974836e-16
334.5 1.1046525807974836e-16
335.5 1.1046525807974836e-16
336.5 1.1046525807974836e-16
337.5 1.1046525807974836e-16
338.5 1.1046525807974836e-16
339.5 1.1046525807974836e-16
340.5 1.1046525807974836e-16
341.5 1.1046525807974836e-16
342.5 1.1046525807974836e-16
343.5 1.1046525807974836e-16
344.5 1.1046525807974836e-16
345.5 1.1046525807974836e-16
346.5 1.1046525807974836e-16
347.5 1.1046525807974836e-16
348.5 1.1046525807974836e-16
349.5 1.1046525807974836e-16
350.5 1.1046525807974836e-16
351.5 1.1046525807974836e-16
352.5 1.1046525807974836e-16
353.5 1.1046525807974836e-16
354.5 1.1046525807974836e-16
355.5 1.1046525807974836e-16
356.5 1.1046525807974836e-16
357.5 1.1046525807974836e-16
358.5 1.1046525807974836e-16
359.5 1.1046525807974836e-16
360.5 1.1046525807974836e-16
361.5 1.1046525807974836e-16
362.5 1.1046525807974836e-16
363.5 1.1046525807974836e-16
364.5 1.1046525807974836e-16
365.5 1.1046525807974836e-16
366.5 1.1046525807974836e-16
367.5 1.1046525807974836e-16
368.5 1.1046525807974836e-16
369.5 1.1046525807974836e-16
370.5 1.1046525807974836e-16
371.5 1.1046525807974836e-16
372.5 1.1046525807974836e-16
373.5 1.1046525807974836e-16
374.5 1.1046525807974836e-16
375.5 1.1046525807974836e-16
376.5 1.1046525807974836e-16
377.5 1.1046525807974836e-16
378.5 1.1046525807974836e-16
379.5 1.1046525807974836e-16
380.5 1.1046525807974836e-16
381.5 1.1046525807974836e-16
382.5 1.1046525807974836e-16
383.5 1.1046525807974836e-16
384.5 1.1046525807974836e-16
385.5 1.1046525807974836e-16
386.5 1.1046525807974836e-16
387.5 1.1046525807974836e-16
388.5 1.1046525807974836e-16
389.5 1.1046525807974836e-16
390.5 1.1046525807974836e-16
391.5 1.1046525807974836e-16
392.5 1.1046525807974836e-16
393.5 1.1046525807974836e-16
394.5 1.1046525807974836e-16
395.5 1.1046525807974836e-16
396.5 1.1046525807974836e-16
397.5 1.1046525807974836e-16
398.5 1.1046525807974836e-16
399.5 1.1046525807974836e-16
400.5 1.6963809617461263e-18
401.5 1.6963809617461263e-18
402.5 1.6963809617461263e-18
403.5 1.6963809617461263e-18
404.5 1.6963809617461263e-18
405.5 1.6963809617461263e-18
406.5 1.6963809617461263e-18
407.5 1.6963809617461263e-18
408.5 1.6963809617461263e-18
409.5 1.6963809617461263e-18
410.5 1.6963809617461263e-18
411.5 1.6963809617461263e-18
412.5 1.6963809617461263e-18
413.5 1.6963809617461263e-18
414.5 1.6963809617461263e-18
415.5 1.6963809617461263e-18
416.5 1.6963809617461263e-18
417.5 1.6963809617461263e-18
418.5 1.6963809617461263e-18
419.5 1.6963809617461263e-18
420.5 1.6963809617461263e-18
421.5 1.6963809617461263e-18
422.5 1.6963809617461263e-18
423.5 1.6963809617461263e-18
424.5 1.6963809617461263e-18
425.5 1.6963809617461263e-18
426.5 1.6963809617461263e-18
427.5 1.6963809617461263e-18
428.5 1.6963809617461263e-18
429.5 1.6963809617461263e-18
430.5 1.6963809617461263e-18
431.5 1.6963809617461263e-18
432.5 1.6963809617461263e-18
433.5 1.6963809617461263e-18
434.5 1.6963809617461263e-18
435.5 1.6963809617461263e-18
436.5 1.6963809617461263e-18
437.5 1.6963809617461263e-18
438.5 1.6963809617461263e-18
439.5 1.6963809617461263e-18
440.5 1.6963809617461263e-18
441.5 1.6963809617461263e-18
442.5 1.6963809617461263e-18
443.5 1.6963809617461263e-18
444.5 1.6963809617461263e-18
445.5 1.6963809617461263e-18
446.5 1.6963809617461263e-18
447.5 1.6963809617461263e-18
448.5 1.6963809617461263e-18
449.5 1.6963809617461263e-18
450.5 1.6963809617461263e-18
451.5 1.6963809617461263e-18
452.5 1.6963809617461263e-18
453.5 1.6963809617461263e-18
454.5 1.6963809617461263e-18
455.5 1.6963809617461263e-18
456.5 1.6963809617461263e-18
457.5 1.6963809617461263e-18
458.5 1.6963809617461263e-18
459.5 1.6963809617461263e-18
460.5 1.6963809617461263e-18
461.5 1.6963809617461263e-18
462.5 1.6963809617461263e-18
463.5 1.6963809617461263e-18
464.5 1.6963809617461263e-18
465.5 1.6963809617461263e-18
466.5 1.6963809617461263e-18
467.5 1.6963809617461263e-18
468.5 1.6963809617461263e-18
469.5 1.6963809617461263e-18
470.5 1.6963809617461263e-18
471.5 1.6963809617461263e-18
472.5 1.6963809617461263e-18
473.5 1.6963809617461263e-18
474.5 1.6963809617461263e-18
475.5 1.6963809617461263e-18
476.5 1.6963809617461263e-18
477.5 1.6963809617461263e-18
478.5 1.6963809617461263e-18
479.5 1.6963809617461263e-18
480.5 1.6963809617461263e-18
481.5 1.6963809617461263e-18
482.5 1.6963809617461263e-18
483.5 1.6963809617461263e-18
484.5 1.6963809617461263e-18
485.5 1.6963809617461263e-18
486.5 1.6963809617461263e-18
487.5 1.6963809617461263e-18
488.5 1.6963809617461263e-18
489.5 1.6963809617461263e-18
490.5 1.6963809617461263e-18
491.5 1.6963809617461263e-18
492.5 1.6963809617461263e-18
493.5 1.6963809617461263e-18
494.5 1.6963809617461263e-18
495.5 1.6963809617461263e-18
496.5 1.6963809617461263e-18
497.5 1.6963809617461263e-18
498.5 1.6963809617461263e-18
499.5 1.6963809617461263e-18
500.5 1.8941094036539476e-18
501.5 1.8941094036539476e-18
502.5 1.8941094036539476e-18
503.5 1.8941094036539476e-18
504.5 1.8941094036539476e-18
505.5 1.8941094036539476e-18
506.5 1.8941094036539476e-18
507.5 1.8941094036539476e-18
508.5 1.8941094036539476e-18
509.5 1.8941094036539476e-18
510.5 1.8941094036539476e-18
511.5 1.8941094036539476e-18
512.5 1.8941094036539476e-18
513.5 1.8941094036539476e-18
514.5 1.8941094036539476e-18
515.5 1.8941094036539476e-18
516.5 1.8941094036539476e-18
517.5 1.8941094036539476e-18
518.5 1.8941094036539476e-18
519.5 1.8941094036539476e-18
520.5 1.8941094036539476e-18
521.5 1.8941094036539476e-18
522.5 1.8941094036539476e-18
523.5 1.8941094036539476e-18
524.5 1.8941094036539476e-18
525.5 1.8941094036539476e-18
526.5 1.8941094036539476e-18
527.5 1.8941094036539476e-18
528.5 1.8941094036539476e-18
529.5 1.8941094036539476e-18
530.5 1.8941094036539476e-18
531.5 1.8941094036539476e-18
532.5 1.8941094036539476e-18
533.5 1.8941094036539476e-18
534.5 1.8941094036539476e-18
535.5 1.8941094036539476e-18
536.5 1.8941094036539476e-18
537.5 1.8941094036539476e-18
538.5 1.8941094036539476e-18
539.5 1.8941094036539476e-18
540.5 1.8941094036539476e-18
541.5 1.8941094036539476e-18
542.5 1.8941094036539476e-18
543.5 1.8941094036539476e-18
544.5 1.8941094036539476e-18
545.5 1.8941094036539476e-18
546.5 1.8941094036539476e-18
547.5 1.8941094036539476e-18
548.5 1.8941094036539476e-18
549.5 1.8941094036539476e-18
550.5 1.8941094036539476e-18
551.5 1.8941094036539476e-18
552.5 1.8941094036539476e-18
553.5 1.8941094036539476e-18
554.5 1.8941094036539476e-18
555.5 1.8941094036539476e-18
556.5 1.8941094036539476e-18
557.5 1.8941094036539476e-18
558.5 1.8941094036539476e-18
559.5 1.8941094036539476e-18
560.5 1.8941094036539476e-18
561.5 1.8941094036539476e-18
562.5 1.8941094036539476e-18
563.5 1.8941094036539476e-18
564.5 1.8941094036539476e-18
565.5 1.8941094036539476e-18
566.5 1.8941094036539476e-18
567.5 1.8941094036539476e-18
568.5 1.8941094036539476e-18
569.5 1.8941094036539476e-18
570.5 1.8941094036539476e-18
571.5 1.8941094036539476e-18
572.5 1.8941094036539476e-18
573.5 1.8941094036539476e-18
574.5 1.8941094036539476e-18
575.5 1.8941094036539476e-18
576.5 1.8941094036539476e-18
577.5 1.8941094036539476e-18
578.5 1.8941094036539476e-18
579.5 1.8941094036539476e-18
580.5 1.8941094036539476e-18
581.5 1.8941094036539476e-18
582.5 1.8941094036539476e-18
583.5 1.8941094036539476e-18
584.5 1.8941094036539476e-18
585.5 1.8941094036539476e-18
586.5 1.8941094036539476e-18
587.5 1.8941094036539476e-18
588.5 1.8941094036539476e-18
589.5 1.8941094036539476e-18
590.5 1.8941094036539476e-18
591.5 1.8941094036539476e-18
592.5 1.8941094036539476e-18
593.5 1.8941094036539476e-18
594.5 1.8941094036539476e-18
595.5 1.8941094036539476e-18
596.5 1.8941094036539476e-18
597.5 1.8941094036539476e-18
598.5 1.8941094036539476e-18
599.5 1.8941094036539476e-18
600.5 4.092740880203871e-18
601.5 4.092740880203871e-18
602.5 4.092740880203871e-18
603.5 4.092740880203871e-18
604.5 4.092740880203871e-18
605.5 4.092740880203871e-18
606.5 4.092740880203871e-18
607.5 4.092740880203871e-18
608.5 4.092740880203871e-18
609.5 4.092740880203871e-18
610.5 4.092740880203871e-18
611.5 4.092740880203871e-18
612.5 4.092740880203871e-18
613.5 4.092740880203871e-18
614.5 4.092740880203871e-18
615.5 4.092740880203871e-18
616.5 4.092740880203871e-18
617.5 4.092740880203871e-18
618.5 4.092740880203871e-18
619.5 4.092740880203871e-18
620.5 4.092740880203871e-18
621.5 4.092740880203871e-18
622.5 4.092740880203871e-18
623.5 4.092740880203871e-18
624.5 4.092740880203871e-18
625.5 4.092740880203871e-18
626.5 4.092740880203871e-18
627.5 4.092740880203871e-18
628.5 4.092740880203871e-18
629.5 4.092740880203871e-18
630.5 4.092740880203871e-18
631.5 4.092740880203871e-18
632.5 4.092740880203871e-18
633.5 4.092740880203871e-18
634.5 4.092740880203871e-18
635.5 4.092740880203871e-18
636.5 4.092740880203871e-18
637.5 4.092740880203871e-18
638.5 4.092740880203871e-18
639.5 4.092740880203871e-18
640.5 4.092740880203871e-18
641.5 4.092740880203871e-18
642.5 4.092740880203871e-18
643.5 4.092740880203871e-18
644.5 4.092740880203871e-18
645.5 4.092740880203871e-18
646.5 4.092740880203871e-18
647.5 4.092740880203871e-18
648.5 4.092740880203871e-18
649.5 4.092740880203871e-18
650.5 4.092740880203871e-18
651.5 4.092740880203871e-18
652.5 4.092740880203871e-18
653.5 4.092740880203871e-18
654.5 4.092740880203871e-18
655.5 4.092740880203871e-18
656.5 4.092740880203871e-18
657.5 4.092740880203871e-18
658.5 4.092740880203871e-18
659.5 4.092740880203871e-18
660.5 4.092740880203871e-18
661.5 4.092740880203871e-18
662.5 4.092740880203871e-18
663.5 4.092740880203871e-18
664.5 4.092740880203871e-18
665.5 4.092740880203871e-18
666.5 4.092740880203871e-18
667.5 4.092740880203871e-18
668.5 4.092740880203871e-18
669.5 4.092740880203871e-18
670.5 4.092740880203871e-18
671.5 4.092740880203871e-18
672.5 4.092740880203871e-18
673.5 4.092740880203871e-18
674.5 4.092740880203871e-18
675.5 4.092740880203871e-18
676.5 4.092740880203871e-18
677.5 4.092740880203871e-18
678.5 4.092740880203871e-18
679.5 4.092740880203871e-18
680.5 4.092740880203871e-18
681.5 4.092740880203871e-18
682.5 4.092740880203871e-18
683.5 4.092740880203871e-18
684.5 4.092740880203871e-18
685.5 4.092740880203871e-18
686.5 4.092740880203871e-18
687.5 4.092740880203871e-18
688.5 4.092740880203871e-18
689.5 4.092740880203871e-18
690.5 4.092740880203871e-18
691.5 4.092740880203871e-18
692.5 4.092740880203871e-18
693.5 4.092740880203871e-18
694.5 4.092740880203871e-18
695.5 4.092740880203871e-18
696.5 4.092740880203871e-18
697.5 4.092740880203871e-18
698.5 4.092740880203871e-18
699.5 4.092740880203871e-18
700.5 3.212755229590428e-18
701.5 3.212755229590428e-18
702.5 3.212755229590428e-18
703.5 3.212755229590428e-18
704.5 3.212755229590428e-18
705.5 3.212755229590428e-18
706.5 3.212755229590428e-18
707.5 3.212755229590428e-18
708.5 3.212755229590428e-18
709.5 3.212755229590428e-18
710.5 3.212755229590428e-18
711.5 3.212755229590428e-18
712.5 3.212755229590428e-18
713.5 3.212755229590428e-18
714.5 3.212755229590428e-18
715.5 3.212755229590428e-18
716.5 3.212755229590428e-18
717.5 3.212755229590428e-18
718.5 3.212755229590428e-18
719.5 3.212755229590428e-18
720.5 3.212755229590428e-18
721.5 3.212755229590428e-18
722.5 3.212755229590428e-18
723.5 3.212755229590428e-18
724.5 3.212755229590428e-18
725.5 3.212755229590428e-18
726.5 3.212755229590428e-18
727.5 3.212755229590428e-18
728.5 3.212755229590428e-18
729.5 3.212755229590428e-18
730.5 3.212755229590428e-18
731.5 3.212755229590428e-18
732.5 3.212755229590428e-18
733.5 3.212755229590428e-18
734.5 3.212755229590428e-18
735.5 3.212755229590428e-18
736.5 3.212755229590428e-18
737.5 3.212755229590428e-18
738.5 3.212755229590428e-18
739.5 3.212755229590428e-18
740.5 3.212755229590428e-18
741.5 3.212755229590428e-18
742.5 3.212755229590428e-18
743.5 3.212755229590428e-18
744.5 3.212755229590428e-18
745.5 3.212755229590428e-18
746.5 3.212755229590428e-18
747.5 3.212755229590428e-18
748.5 3.212755229590428e-18
749.5 3.212755229590428e-18
750.5 3.212755229590428e-18
751.5 3.212755229590428e-18
752.5 3.212755229590428e-18
753.5 3.212755229590428e-18
754.5 3.212755229590428e-18
755.5 3.212755229590428e-18
756.5 3.212755229590428e-18
757.5 3.212755229590428e-18
758.5 3.212755229590428e-18
759.5 3.212755229590428e-18
760.5 3.212755229590428e-18
761.5 3.212755229590428e-18
762.5 3.212755229590428e-18
763.5 3.212755229590428e-18
764.5 3.212755229590428e-18
765.5 3.212755229590428e-18
766.5 3.212755229590428e-18
767.5 3.212755229590428e-18
768.5 3.212755229590428e-18
769.5 3.212755229590428e-18
770.5 3.212755229590428e-18
771.5 3.212755229590428e-18
772.5 3.212755229590428e-18
773.5 3.212755229590428e-18
774.5 3.212755229590428e-18
775.5 3.212755229590428e-18
776.5 3.212755229590428e-18
777.5 3.212755229590428e-18
778.5 3.212755229590428e-18
779.5 3.212755229590428e-18
780.5 3.212755229590428e-18
781.5 3.212755229590428e-18
782.5 3.212755229590428e-18
783.5 3.212755229590428e-18
784.5 3.212755229590428e-18
785.5 3.212755229590428e-18
786.5 3.212755229590428e-18
787.5 3.212755229590428e-18
788.5 3.212755229590428e-18
789.5 3.212755229590428e-18
790.5 3.212755229590428e-18
791.5 3.212755229590428e-18
792.5 3.212755229590428e-18
793.5 3.212755229590428e-18
794.5 3.212755229590428e-18
795.5 3.212755229590428e-18
796.5 3.212755229590428e-18
797.5 3.212755229590428e-18
798.5 3.212755229590428e-18
799.5 3.212755229590428e-18
800.5 3.212755229590428e-18
801.5 3.212755229590428e-18
802.5 3.212755229590428e-18
803.5 2.6583849394778345e-18
804.5 2.6583849394778345e-18
805.5 2.6583849394778345e-18
806.5 2.6583849394778345e-18
807.5 2.6583849394778345e-18
808.5 2.6583849394778345e-18
809.5 2.6583849394778345e-18
810.5 2.6583849394778345e-18
811.5 2.6583849394778345e-18
812.5 2.6583849394778345e-18
813.5 2.6583849394778345e-18
814.5 2.6583849394778345e-18
815.5 2.6583849394778345e-18
816.5 2.6583849394778345e-18
817.5 2.6583849394778345e-18
818.5 2.6583849394778345e-18
819.5 2.6583849394778345e-18
820.5 2.6583849394778345e-18
821.5 2.6583849394778345e-18
822.5 2.6583849394778345e-18
823.5 2.6583849394778345e-18
824.5 2.6583849394778345e-18
825.5 2.6583849394778345e-18
826.5 2.6583849394778345e-18
827.5 2.6583849394778345e-18
828.5 2.6583849394778345e-18
829.5 2.6583849394778345e-18
830.5 2.6583849394778345e-18
831.5 2.6583849394778345e-18
832.5 2.6583849394778345e-18
833.5 2.6583849394778345e-18
834.5 2.6583849394778345e-18
835.5 2.6583849394778345e-18
836.5 2.6583849394778345e-18
837.5 2.6583849394778345e-18
838.5 2.6583849394778345e-18
839.5 2.6583849394778345e-18
840.5 2.6583849394778345e-18
841.5 2.6583849394778345e-18
842.5 2.6583849394778345e-18
843.5 2.6583849394778345e-18
844.5 2.6583849394778345e-18
845.5 2.6583849394778345e-18
846.5 2.6583849394778345e-18
847.5 2.6583849394778345e-18
848.5 2.6583849394778345e-18
849.5 2.6583849394778345e-18
850.5 2.6583849394778345e-18
851.5 2.6583849394778345e-18
852.5 2.6583849394778345e-18
853.5 2.6583849394778345e-18
854.5 2.6583849394778345e-18
855.5 2.6583849394778345e-18
856.5 2.6583849394778345e-18
857.5 2.6583849394778345e-18
858.5 2.6583849394778345e-18
859.5 2.6583849394778345e-18
860.5 2.6583849394778345e-18
861.5 2.6583849394778345e-18
862.5 2.6583849394778345e-18
863.5 2.6583849394778345e-18
864.5 2.6583849394778345e-18
865.5 2.6583849394778345e-18
866.5 2.6583849394778345e-18
867.5 2.6583849394778345e-18
868.5 2.6583849394778345e-18
869.5 2.6583849394778345e-18
870.5 2.6583849394778345e-18
871.5 2.6583849394778345e-18
872.5 2.6583849394778345e-18
873.5 2.6583849394778345e-18
874.5 2.6583849394778345e-18
875.5 2.6583849394778345e-18
876.5 2.6583849394778345e-18
877.5 2.6583849394778345e-18
878.5 2.6583849394778345e-18
879.5 2.6583849394778345e-18
880.5 2.6583849394778345e-18
881.5 2.6583849394778345e-18
882.5 2.6583849394778345e-18
883.5 2.6583849394778345e-18
884.5 2.6583849394778345e-18
885.5 2.6583849394778345e-18
886.5 2.6583849394778345e-18
887.5 2.6583849394778345e-18
888.5 2.6583849394778345e-18
889.5 2.6583849394778345e-18
890.5 2.6583849394778345e-18
891.5 2.6583849394778345e-18
892.5 2.6583849394778345e-18
893.5 2.6583849394778345e-18
894.5 2.6583849394778345e-18
895.5 2.6583849394778345e-18
896.5 2.6583849394778345e-18
897.5 2.6583849394778345e-18
898.5 2.6583849394778345e-18
899.5 2.6583849394778345e-18
900.5 2.6583849394778345e-18
901.5 2.6583849394778345e-18
902.5 2.6583849394778345e-18
903.5 2.6583849394778345e-18
904.5 2.6583849394778345e-18
905.5 2.6583849394778345e-18
906.5 2.6583849394778345e-18
907.5 2.6583849394778345e-18
908.5 2.6583849394778345e-18
909.5 2.6583849394778345e-18
910.5 2.6583849394778345e-18
911.5 2.6583849394778345e-18
912.5 2.6583849394778345e-18
913.5 2.6583849394778345e-18
914.5 2.6583849394778345e-18
915.5 2.6583849394778345e-18
916.5 2.6583849394778345e-18
917.5 2.6583849394778345e-18
918.5 2.6583849394778345e-18
919.5 2.6583849394778345e-18
920.5 2.6583849394778345e-18
921.5 2.6583849394778345e-18
922.5 2.6583849394778345e-18
923.5 2.6583849394778345e-18
924.5 2.6583849394778345e-18
925.5 2.6583849394778345e-18
926.5 2.6583849394778345e-18
927.5 2.6583849394778345e-18
928.5 2.6583849394778345e-18
929.5 2.6583849394778345e-18
930.5 2.6583849394778345e-18
931.5 2.6583849394778345e-18
932.5 2.6583849394778345e-18
933.5 2.6583849394778345e-18
934.5 2.6583849394778345e-18
935.5 2.6583849394778345e-18
936.5 2.6583849394778345e-18
937.5 2.6583849394778345e-18
938.5 2.6583849394778345e-18
939.5 2.6583849394778345e-18
940.5 2.6583849394778345e-18
941.5 2.6583849394778345e-18
942.5 2.6583849394778345e-18
943.5 2.6583849394778345e-18
944.5 2.6583849394778345e-18
945.5 2.6583849394778345e-18
946.5 2.6583849394778345e-18
947.5 2.6583849394778345e-18
948.5 2.6583849394778345e-18
949.5 1.5810462262744353e-17
950.5 1.5810462262744353e-17
951.5 1.5810462262744353e-17
952.5 1.5810462262744353e-17
953.5 1.5810462262744353e-17
954.5 1.5810462262744353e-17
955.5 1.5810462262744353e-17
956.5 1.5810462262744353e-17
957.5 1.5810462262744353e-17
958.5 1.5810462262744353e-17
959.5 1.5810462262744353e-17
960.5 1.5810462262744353e-17
961.5 1.5810462262744353e-17
962.5 1.5810462262744353e-17
963.5 1.5810462262744353e-17
964.5 1.5810462262744353e-17
965.5 1.5810462262744353e-17
966.5 1.5810462262744353e-17
967.5 1.5810462262744353e-17
968.5 1.5810462262744353e-17
969.5 1.5810462262744353e-17
970.5 1.5810462262744353e-17
971.5 1.5810462262744353e-17
972.5 1.5810462262744353e-17
973.5 1.5810462262744353e-17
974.5 1.5810462262744353e-17
975.5 1.5810462262744353e-17
976.5 1.5810462262744353e-17
977.5 1.5810462262744353e-17
978.5 1.5810462262744353e-17
979.5 1.5810462262744353e-17
980.5 1.5810462262744353e-17
981.5 1.5810462262744353e-17
982.5 1.5810462262744353e-17
983.5 1.5810462262744353e-17
984.5 1.5810462262744353e-17
985.5 1.5810462262744353e-17
986.5 1.5810462262744353e-17
987.5 1.5810462262744353e-17
988.5 1.5810462262744353e-17
989.5 1.5810462262744353e-17
990.5 1.5810462262744353e-17
991.5 1.5810462262744353e-17
992.5 1.5810462262744353e-17
993.5 1.5810462262744353e-17
994.5 1.5810462262744353e-17
995.5 1.5810462262744353e-17
996.5 1.5810462262744353e-17
997.5 1.5810462262744353e-17
998.5 1.5810462262744353e-17
999.5 1.5810462262744353e-17
1000.5 1.5810462262744353e-17
1001.5 1.5810462262744353e-17
1002.5 1.5810462262744353e-17
1003.5 1.5810462262744353e-17
1004.5 1.5810462262744353e-17
1005.5 1.5810462262744353e-17
1006.5 1.5810462262744353e-17
1007.5 1.5810462262744353e-17
1008.5 1.5810462262744353e-17
1009.5 1.5810462262744353e-17
1010.5 1.5810462262744353e-17
1011.5 1.5810462262744353e-17
1012.5 1.5810462262744353e-17
1013.5 1.5810462262744353e-17
1014.5 1.5810462262744353e-17
1015.5 1.5810462262744353e-17
1016.5 1.5810462262744353e-17
1017.5 1.5810462262744353e-17
1018.5 1.5810462262744353e-17
1019.5 1.5810462262744353e-17
1020.5 1.5810462262744353e-17
1021.5 1.5810462262744353e-17
1022.5 1.5810462262744353e-17
1023.5 1.5810462262744353e-17
1024.5 1.5810462262744353e-17
1025.5 1.5810462262744353e-17
1026.5 1.5810462262744353e-17
1027.5 1.5810462262744353e-17
1028.5 1.5810462262744353e-17
1029.5 1.5810462262744353e-17
1030.5 1.5810462262744353e-17
1031.5 1.5810462262744353e-17
1032.5 1.5810462262744353e-17
1033.5 1.5810462262744353e-17
1034.5 1.5810462262744353e-17
1035.5 1.5810462262744353e-17
1036.5 1.5810462262744353e-17
1037.5 1.5810462262744353e-17
1038.5 1.5810462262744353e-17
1039.5 1.5810462262744353e-17
1040.5 1.5810462262744353e-17
1041.5 1.5810462262744353e-17
1042.5 1.5810462262744353e-17
1043.5 1.5810462262744353e-17
1044.5 1.5810462262744353e-17
1045.5 1.5810462262744353e-17
1046.5 1.5810462262744353e-17
1047.5 1.5810462262744353e-17
1048.5 1.5810462262744353e-17
1049.5 1.5810462262744353e-17
1050.5 1.5810462262744353e-17
1051.5 1.5810462262744353e-17
1052.5 1.5810462262744353e-17
1053.5 1.5810462262744353e-17
1054.5 1.5810462262744353e-17
1055.5 1.5810462262744353e-17
1056.5 1.5810462262744353e-17
1057.5 1.5810462262744353e-17
1058.5 1.5810462262744353e-17
1059.5 1.5810462262744353e-17
1060.5 1.5810462262744353e-17
1061.5 1.5810462262744353e-17
1062.5 1.5810462262744353e-17
1063.5 1.5810462262744353e-17
1064.5 1.5810462262744353e-17
1065.5 1.5810462262744353e-17
1066.5 1.5810462262744353e-17
1067.5 1.5810462262744353e-17
1068.5 1.5810462262744353e-17
1069.5 1.5810462262744353e-17
1070.5 1.5810462262744353e-17
1071.5 1.5810462262744353e-17
1072.5 1.5810462262744353e-17
1073.5 1.5810462262744353e-17
1074.5 1.5810462262744353e-17
1075.5 1.5810462262744353e-17
1076.5 1.5810462262744353e-17
1077.5 1.5810462262744353e-17
1078.5 1.5810462262744353e-17
1079.5 1.5810462262744353e-17
1080.5 1.5810462262744353e-17
1081.5 1.5810462262744353e-17
1082.5 1.5810462262744353e-17
1083.5 1.5810462262744353e-17
1084.5 1.5810462262744353e-17
1085.5 1.5810462262744353e-17
1086.5 1.5810462262744353e-17
1087.5 1.5810462262744353e-17
1088.5 1.5810462262744353e-17
1089.5 1.5810462262744353e-17
1090.5 1.5810462262744353e-17
1091.5 1.5810462262744353e-17
1092.5 1.5810462262744353e-17
1093.5 1.5810462262744353e-17
1094.5 1.5810462262744353e-17
1095.5 1.5810462262744353e-17
1096.5 1.5810462262744353e-17
1097.5 1.5810462262744353e-17
1098.5 1.5810462262744353e-17
1099.5 1.5810462262744353e-17
1100.5 1.5810462262744353e-17
1101.5 1.5810462262744353e-17
1102.5 1.5810462262744353e-17
1103.5 1.5810462262744353e-17
1104.5 1.5810462262744353e-17
1105.5 1.5810462262744353e-17
1106.5 1.5810462262744353e-17
1107.5 1.5810462262744353e-17
1108.5 1.5810462262744353e-17
1109.5 1.5810462262744353e-17
1110.5 1.5810462262744353e-17
1111.5 1.5810462262744353e-17
1112.5 1.5810462262744353e-17
1113.5 1.5810462262744353e-17
1114.5 1.5810462262744353e-17
1115.5 1.5810462262744353e-17
1116.5 1.5810462262744353e-17
1117.5 1.5810462262744353e-17
1118.5 1.5810462262744353e-17
1119.5 1.5810462262744353e-17
1120.5 1.5810462262744353e-17
1121.5 1.5810462262744353e-17
1122.5 1.5810462262744353e-17
1123.5 1.5810462262744353e-17
1124.5 1.5810462262744353e-17
1125.5 1.5810462262744353e-17
1126.5 1.5810462262744353e-17
1127.5 1.5810462262744353e-17
1128.5 1.5810462262744353e-17
1129.5 1.5810462262744353e-17
1130.5 1.5810462262744353e-17
1131.5 1.5810462262744353e-17
1132.5 1.5810462262744353e-17
1133.5 1.5810462262744353e-17
1134.5 1.5810462262744353e-17
1135.5 1.5810462262744353e-17
1136.5 1.5810462262744353e-17
1137.5 1.5810462262744353e-17
1138.5 1.5810462262744353e-17
1139.5 1.5810462262744353e-17
1140.5 1.5810462262744353e-17
1141.5 1.5810462262744353e-17
1142.5 1.5810462262744353e-17
1143.5 1.5810462262744353e-17
1144.5 1.5810462262744353e-17
1145.5 1.5810462262744353e-17
1146.5 1.5810462262744353e-17
1147.5 1.5810462262744353e-17
1148.5 1.5810462262744353e-17
1149.5 1.5810462262744353e-17
1150.5 1.5810462262744353e-17
1151.5 1.5810462262744353e-17
1152.5 1.5810462262744353e-17
1153.5 1.5810462262744353e-17
1154.5 1.5810462262744353e-17
1155.5 1.5810462262744353e-17
1156.5 1.5810462262744353e-17
1157.5 1.5810462262744353e-17
1158.5 1.5810462262744353e-17
1159.5 1.5810462262744353e-17
1160.5 1.5810462262744353e-17
1161.5 1.5810462262744353e-17
1162.5 1.5810462262744353e-17
1163.5 1.5810462262744353e-17
1164.5 1.5810462262744353e-17
1165.5 1.5810462262744353e-17
1166.5 1.5810462262744353e-17
1167.5 1.5810462262744353e-17
1168.5 1.5810462262744353e-17
1169.5 1.5810462262744353e-17
