8.312584686207298290e-01 2.880442783032430398e+00 3.117403653736747159e-06 1.656078740039407355e-05 5.717995137498999975e+04
9.668483445121195397e-01 4.880422148663673632e+00 3.895367097753339646e-06 2.800502116194772352e-05 5.718097299668000051e+04
8.636254750556487947e-01 7.185404660662336518e+00 3.303113299335852632e-06 4.118757963776526620e-05 5.718200749519999954e+04
8.446493376917858509e-01 7.466625596947163324e+00 3.194235397643929931e-06 4.279653457259305496e-05 5.718302222458000324e+04
1.058997389557517765e+00 1.640625259423644522e+01 4.424083478493905882e-06 9.400009671797674804e-05 5.718406832746999862e+04
1.268706914104261063e+00 6.144721074161469915e+03 5.627317443322888281e-06 3.520003537860629667e-02 5.718495639476000360e+04
7.840228373876263479e-01 1.001080947202399507e+01 2.846383460578383854e-06 5.736243711879980583e-05 5.718496882170999743e+04
8.692774549937574147e-01 1.084062203790150747e+01 3.335542223318981636e-06 6.211794983608896076e-05 5.718596048885000346e+04
8.365858429337876823e-01 5.695572718253239408e+00 3.147970113370295359e-06 3.265793439139559937e-05 5.718996048064999923e+04
9.905725012035033750e-01 9.865510627915980990e+00 4.031487339214451999e-06 5.653923166785905198e-05 5.718695539483000175e+04
6.849405113855233651e-01 3.867766862977715192e+01 2.277886535044537629e-06 2.215681419180910521e-04 5.718795821147000242e+04
9.822989733663881617e-01 1.098625002722386235e+01 3.984016964542193851e-06 6.295651711950524178e-05 5.718896224038999935e+04
7.914516250369466599e-01 5.760711348809475219e+00 2.889007035432619535e-06 3.302767506485244795e-05 5.719095064969999657e+04
8.312786044276493369e-01 1.100929614565860781e+01 3.117519185383900572e-06 6.308252445991893785e-05 5.719195590501999686e+04
6.424351074509218051e-01 8.508639404097520398e+00 2.034006597719667598e-06 4.875430069389783538e-05 5.719896085738999682e+04
1.195198757564425840e+00 1.499844621347345175e+01 5.205555433076277207e-06 8.594197148291374982e-05 5.720295783567999752e+04
5.705580142879013161e-01 2.655076979319532171e+01 1.621603012456442109e-06 1.520993249286580037e-04 5.720095949968000059e+04
8.778151916774615815e-01 5.978766536202244630e+00 3.384528528460832186e-06 3.428158427074698357e-05 5.719995748312000069e+04
4.278843670437048607e-01 6.703196729483046568e+00 8.029955666511764702e-07 3.840698708765705226e-05 5.720395614570000180e+04
1.729155542111239008e+00 1.966441545512014599e+01 8.269197584314820211e-06 1.126844784593057246e-04 5.721097707082000125e+04
1.729155542111239008e+00 1.966441545512014599e+01 8.269197584314820211e-06 1.126844784593057246e-04 5.721196612291000201e+04
2.036710237912660926e+00 1.865292144118784847e+02 1.003383014848065145e-05 1.068538001732097708e-03 5.721797729036999954e+04
3.521874973021176802e-01 5.254995623086763601e+01 3.686755475620511307e-07 3.010331455170205009e-04 5.721896813018999819e+04
5.434205652839796397e-01 1.675344397581249822e+01 1.465898590204248004e-06 9.597680320408580616e-05 5.721995689121000032e+04
8.293517220535762124e-01 1.562210798443914861e+01 3.106463462837554275e-06 8.950231254281579036e-05 5.722095949300000211e+04
1.257969069493376946e+00 5.709517819738041311e+01 5.565707750712137316e-06 3.270765213942431935e-04 5.722197042607000185e+04
6.952072100057574700e-01 5.185794742391980350e+00 2.336792970091912316e-06 2.973069081833864478e-05 5.731834785492000083e+04
6.584686686507220665e-01 1.305325032255072983e+02 2.126001109912000962e-06 7.477563154341188489e-04 5.731934508975999779e+04
8.471404545101988148e-01 2.576639085139170060e+00 3.208528484106024231e-06 1.482998247763116169e-05 5.732534663177000039e+04
4.537774890951636886e-01 2.293663174145462946e+00 9.515605113055293695e-07 1.316418926887471878e-05 5.736429356813000049e+04
7.147180818185450146e-01 1.769964763071507630e+00 2.448738975879253640e-06 1.021265640809760860e-05 5.736530588218000048e+04
6.698408752204874084e-01 7.106795012752902707e+00 2.191250531603112768e-06 4.072752504272716858e-05 5.736628168865999760e+04
6.115056540139598429e-01 3.213802309641716093e+00 1.856545087712505166e-06 1.844060118835207408e-05 5.736729434536000190e+04
7.051277341269965859e-01 3.404239319175576206e+00 2.393713186745779292e-06 1.953849776717420445e-05 5.737032322915000259e+04
3.993972836179804919e-01 3.866500063323711878e+00 6.395474523567386736e-07 2.216117249902723547e-05 5.737132254071000352e+04
4.480792028052937304e-01 1.136570053042022721e+01 9.188658989835098251e-07 6.511334572697216822e-05 5.737332637149999937e+04
6.379762359557792362e-01 3.423517758435127512e+00 2.008423278891592876e-06 1.964241505089727591e-05 5.737424880410000333e+04
6.302828021739694808e-01 2.390926770676437663e+00 1.964281264586597199e-06 1.373950419670047665e-05 5.738930327211000258e+04
7.254637447400407169e-01 2.320603913361738879e+00 2.510393527000346070e-06 1.335125074654910036e-05 5.739028824321999855e+04
6.849246549875394052e-01 1.355868980099869336e+00 2.277795557027895658e-06 7.855396133450849008e-06 5.740121665118000237e+04
8.386496776510741213e-01 2.071518720136081626e+00 3.159811616683030013e-06 1.195164032136049732e-05 5.740328235529999802e+04
8.313368291760213635e-01 3.633071748788063271e+00 3.117853256976435112e-06 2.085979834893246564e-05 5.740422667835999891e+04
8.104446113395344931e-01 2.060948240611389259e+00 2.997981609964695587e-06 1.188614300349070634e-05 5.740517765828000120e+04
9.227823691620373747e-01 8.159146746020836005e+00 3.642533191667603498e-06 4.676566713773775032e-05 5.740624880609999673e+04
7.775654464549166534e-01 4.097629188223355534e+00 2.809333392818189298e-06 2.351055621961685042e-05 5.741223166433000006e+04
6.722694661410414385e-01 2.820864489295086042e+00 2.205184868103096013e-06 1.620049284395140405e-05 5.741320384845999797e+04
1.033086710290163746e+00 3.953420721364109269e+00 4.275417797172781851e-06 2.271382736534503566e-05 5.741526557984000101e+04
9.335378495722885805e-01 6.133506169609414194e+00 3.704244071827376203e-06 3.517114245903756698e-05 5.741620606327000132e+04
1.062317105967963249e+00 3.988142359247607516e+00 4.443130756137977477e-06 2.291582528711622391e-05 5.741720350789000076e+04
8.487601505547884839e-01 3.661954563686770303e+00 3.217821687634865093e-06 2.102679123498370274e-05 5.741820327933000226e+04
1.543500099487097765e+00 3.388516380225731428e+00 7.203976847185481954e-06 1.958136667204067247e-05 5.742022400668999762e+04
6.781344343053904433e-01 2.008958139447186486e+00 2.238835838001759544e-06 1.156699581038572886e-05 5.742121271557000000e+04
1.063054092651026350e+00 2.025297453363018363e+00 4.447359307085316396e-06 1.173885560638038605e-05 5.742219986049999716e+04
1.030407199196275547e+00 3.701031093941795636e+00 4.260043775586157762e-06 2.127218699615452852e-05 5.742320938882000337e+04
8.419138343258091295e-01 2.653829797044461536e+00 3.178540113569631634e-06 1.526935655089567637e-05 5.742417500625999674e+04
1.172835380957640838e+00 6.100451846264936862e+00 5.077242833256578258e-06 3.500177930125695445e-05 5.742516374742000335e+04
7.862759170573563328e-01 2.554723183628964112e+00 2.859310779878469006e-06 1.469573778094890730e-05 5.744610116948000359e+04
9.058130178571931479e-01 2.821853964133166137e+00 3.545169469656243494e-06 1.623737124377576925e-05 5.744710956974999863e+04
1.017121247495786918e+00 2.156667214910440222e+00 4.183814007884109443e-06 1.247263065163416439e-05 5.744807483753999986e+04
1.622030550794026471e+00 3.113115568362454511e+00 7.654554885975436453e-06 1.803759659075244691e-05 5.744905813102999673e+04
7.807875862155009283e-01 2.361736398970760042e+00 2.827820812537157756e-06 1.359430523533047927e-05 5.745007393302000128e+04
7.623415069013438350e-01 2.137397714903404911e+00 2.721984183529990480e-06 1.231279885473584585e-05 5.745107627833000151e+04
1.049413619745539483e+00 2.064192520058478753e+00 4.369095430746438427e-06 1.195580305732104362e-05 5.745203487581000081e+04
8.562702859069123429e-01 1.678780524056334933e+00 3.260912004851831718e-06 9.725739080109942547e-06 5.745302734693999810e+04
8.652600452554782828e-01 1.799230223559358066e+01 3.312491845143837213e-06 1.030793243477698678e-04 5.745527803755000059e+04
1.276933665772270521e+00 1.239552321825765802e+01 5.674519434021961478e-06 7.103994183693871614e-05 5.745605234863000078e+04
9.365699100997212367e-01 2.742558309391085913e+00 3.721640888771716641e-06 1.579014197084835624e-05 5.745703695079000317e+04
8.269806582179597410e-01 2.859560842939122605e+00 3.092859195001090092e-06 1.644101002073623525e-05 5.745804576726999949e+04
5.614507519735115748e-01 6.422701994638661205e+00 1.569348984572085392e-06 3.680544485184724404e-05 5.747017785857999843e+04
7.539167833021426235e-01 4.359191816470241676e+00 2.673646304739006973e-06 2.500469311700095798e-05 5.747223812898000324e+04
7.575077000660016546e-01 3.824680017072690230e+00 2.694249627475480355e-06 2.194769520658166570e-05 5.747308157871999720e+04
5.748585104823166203e-01 2.378980931136309707e+00 1.646277633687510265e-06 1.366457175458689582e-05 5.747409758821000287e+04
7.208634570476665226e-01 7.548623635776649188e+00 2.483998815499220782e-06 4.325984397490739003e-05 5.747510976081000263e+04
9.187264825011941527e-01 3.311945698690341278e+00 3.619262047458149412e-06 1.903588999890416073e-05 5.747608402999999817e+04
1.055948383847156613e+00 3.113408992044944146e+00 4.406589436496560029e-06 1.792339082729162250e-05 5.747708621570999821e+04
1.745132593593353265e+00 5.517546104610525859e+00 8.360867865112278950e-06 3.174082907334467650e-05 5.747700634631999856e+04
8.482079201169744342e-01 5.149441492236396911e+00 3.214653198170085655e-06 2.953360057772680202e-05 5.747814786848999938e+04
1.170787772078750733e+00 4.113284826747092282e+00 5.065494427669893202e-06 2.364467161147187316e-05 5.747911274130999664e+04
5.767248831975649859e-01 3.121726226453622299e+00 1.656986174689024888e-06 1.791086562079621618e-05 5.748803470173000096e+04
8.197029587598222422e-01 5.693175083418716476e+00 3.051102507064406889e-06 3.264303523337991976e-05 5.748604958489999990e+04
1.151807869778483928e+00 9.923558053407155910e+00 4.956594924196332831e-06 5.687995913378974719e-05 5.748820166302000143e+04
5.181942388669343869e-01 8.047229968061687444e+00 1.321159466797929469e-06 4.610753862617634590e-05 5.752900466605000111e+04
9.098672643111099800e-01 2.767188481630519803e+01 3.568431202978483889e-06 1.585258562665702530e-04 5.753300531346000207e+04
8.147189031417833016e-01 1.088765193046428870e+01 3.022505880300874164e-06 6.238526123789483481e-05 5.753606244460999733e+04
1.319953711027037624e+00 7.593756824695923058e+01 5.921352188666245156e-06 4.350139755243699331e-04 5.756595984085000237e+04
9.951567583535624317e-01 5.926847376246950461e+00 4.057790073524603312e-06 3.399333408896315043e-05 5.756696421541000018e+04
1.068471120633540661e+00 1.241466135752794919e+01 4.478440165577928974e-06 7.114008012215966635e-05 5.756795885560999886e+04
9.891413539508099317e-01 2.254758519888104473e+01 4.023275957366944847e-06 1.291746026425745898e-04 5.756904143907000253e+04
9.090645681452472759e-01 1.185940240523910738e+01 3.563825635862296063e-06 6.795396601998891426e-05 5.757598996109000291e+04
1.076969944738647600e+00 2.914299056040599112e+01 4.527203205055864489e-06 1.669554420969749308e-04 5.757700155952999921e+04
4.147690900111263845e-01 1.954845962777624635e+01 7.277450656648828863e-07 1.119858661662615510e-04 5.758399281642000278e+04
8.908044011966333997e-01 5.190192055915376024e+00 3.459055701718830039e-06 2.977018544314185159e-05 5.772931866699999955e+04
7.653839883723407844e-01 1.074944555545739178e+02 2.739440791908549385e-06 6.157833803982234013e-04 5.773232403820000036e+04
7.464289353331896582e-01 2.437477163681191605e+00 2.630683864100257344e-06 1.402103013756032123e-05 5.773433804978000262e+04
9.342512559606166445e-01 2.136721340179624562e+00 3.708337327958768574e-06 1.234146815658274217e-05 5.775127934744999948e+04
9.086551934224020854e-01 2.292909559507357287e+01 3.561476798479089059e-06 1.313583078801551388e-04 5.775229839637000259e+04
9.112533864259841909e-01 5.552278075971927684e+00 3.576384247608297876e-06 3.184349941367609028e-05 5.775328702871999849e+04
8.402374801759052714e-01 3.021428814557577613e+00 3.168921827253805733e-06 1.736681546612159273e-05 5.775430760531000124e+04
8.850252665661383356e-01 2.110001972109448509e+00 3.425897212185460554e-06 1.217957648776797531e-05 5.775530750596999860e+04
9.095016731107470331e-01 2.122035789749290746e+00 3.566333578893598261e-06 1.225291967861060959e-05 5.779221045289000176e+04
7.383405462723914292e-01 2.845332142634308781e+00 2.584275745729199203e-06 1.634813967986529652e-05 5.779515633587000048e+04
9.991118408421033603e-01 3.053211874426286609e+00 4.080482841505449180e-06 1.757114882095654315e-05 5.779612858160999895e+04
6.956825834021307386e-01 2.687812927133303109e+00 2.339520482911030286e-06 1.544318995334494155e-05 5.779712357999999949e+04
8.034565915880765852e-01 2.998820120790739008e+00 2.957886994662777156e-06 1.723292073493785419e-05 5.779817981120000331e+04
9.647134478179933970e-01 1.016094608530005594e+01 3.883117867684625230e-06 5.822972385644385474e-05 5.779910765015999641e+04
8.178281843339119117e-01 5.449907906486076037e+00 3.040345760223634812e-06 3.125066776214106764e-05 5.780324054731000069e+04
1.047358569399510442e+00 2.335015523840800356e+00 4.357304328834781685e-06 1.349171022322131050e-05 5.781011728505000065e+04
1.082475063685269134e+00 3.252686467612063925e+00 4.558789496195073692e-06 1.872164611726306803e-05 5.783006644793000305e+04
7.022698153614066463e-01 3.029929126553422059e+00 2.377315529391340223e-06 1.739854306559727786e-05 5.783102494329999899e+04
8.765219446014752558e-01 6.188835911451842087e+00 3.377108365689943052e-06 3.548378617385695039e-05 5.783205639217000135e+04
1.075727976251384943e+00 4.954000661347394363e+00 4.520077259439652368e-06 2.843656149352816290e-05 5.783404301315000339e+04
9.806053034719518502e-01 1.251489911932916321e+01 3.974299327030980230e-06 7.171065997097816598e-05 5.783500471577999997e+04
8.899872129662639297e-01 5.859105288256524879e+00 3.454366984615664203e-06 3.359764240416061192e-05 5.783602200797999831e+04
4.765516260684792837e-01 1.011766736973845404e+01 1.082229898808017151e-06 5.796521979021412342e-05 5.784714757429999736e+04
6.657360551806568161e-01 1.166471211832006638e+01 2.167698626165770602e-06 6.683109293081823036e-05 5.784818543777000014e+04
1.012945260493884447e+00 2.139266916030674892e+01 4.159853773325217980e-06 1.225597811738380759e-04 5.784920542348000163e+04
8.715739414076449920e-01 4.010695566245679800e+00 3.348718594105811482e-06 2.302262050251287386e-05 5.785007553747000202e+04
9.828775729324282784e-01 1.090074109665232882e+01 3.987336750095088380e-06 6.246687502898651929e-05 5.785118380887000239e+04
5.056215367603863475e-01 9.113759138675964877e+00 1.249022055600358623e-06 5.221576147745608977e-05 5.785213759836000099e+04
1.027514825894956241e+00 5.542239797300464232e+00 4.243448431132281059e-06 3.179580697305652286e-05 5.785417609382000228e+04
8.245979015141975399e-01 3.787606552685550465e+00 3.079187837908048034e-06 2.174240174916968089e-05 5.787202798528000130e+04
6.530761811995164923e-01 1.122432623616562886e+01 2.095061055709749589e-06 6.430836953142962068e-05 5.787315452958999958e+04
1.158409083075671253e+00 7.925853652658972237e+00 4.994470190307510933e-06 4.544484499857865035e-05 5.787404675198000041e+04
8.466268233262863596e-01 5.880030153153347072e+01 3.205581462566517815e-06 3.368405916015753255e-04 5.787516954612999689e+04
8.092088915690611728e-01 5.245074466251254286e+00 2.990891517122904547e-06 3.007784287012117835e-05 5.787705722021000111e+04
