WAVELENGTH,FLUX
1210.0,1.1919988537417309e-16
1210.01,1.1962074939505432e-16
1210.02,1.2004384503841659e-16
1210.03,1.204691881007108e-16
1210.04,1.2089679451832317e-16
1210.05,1.213266803690655e-16
1210.06,1.2175886187368217e-16
1210.07,1.2219335539737767e-16
1210.08,1.2263017745136118e-16
1210.09,1.2306934469441266e-16
1210.1,1.2351087393446667e-16
1210.11,1.2395478213021763e-16
1210.12,1.244010863927433e-16
1210.1299999999999,1.2484980398715156e-16
1210.1399999999999,1.2530095233424434e-16
1210.1499999999999,1.257545490122061e-16
1210.1599999999999,1.2621061175831113e-16
1210.1699999999998,1.2666915847065355e-16
1210.1799999999998,1.2713020720989975e-16
1210.1899999999998,1.2759377620106215e-16
1210.1999999999998,1.280598838352953e-16
1210.2099999999998,1.2852854867171673e-16
1210.2199999999998,1.2899978943924963e-16
1210.2299999999998,1.294736250384889e-16
1210.2399999999998,1.299500745435924e-16
1210.2499999999998,1.3042915720419522e-16
1210.2599999999998,1.309108924473502e-16
1210.2699999999998,1.313952998794913e-16
1210.2799999999997,1.3188239928842478e-16
1210.2899999999997,1.323722106453441e-16
1210.2999999999997,1.3286475410687339e-16
1210.3099999999997,1.3336005001713347e-16
1210.3199999999997,1.3385811890984014e-16
1210.3299999999997,1.3435898151042506e-16
1210.3399999999997,1.348626587381874e-16
1210.3499999999997,1.3536917170847217e-16
1210.3599999999997,1.3587854173487808e-16
1210.3699999999997,1.3639079033149312e-16
1210.3799999999997,1.369059392151616e-16
1210.3899999999996,1.3742401030777927e-16
1210.3999999999996,1.3794502573861997e-16
1210.4099999999996,1.384690078466916e-16
1210.4199999999996,1.3899597918312576e-16
1210.4299999999996,1.3952596251359733e-16
1210.4399999999996,1.4005898082077643e-16
1210.4499999999996,1.4059505730681391e-16
1210.4599999999996,1.4113421539585986e-16
1210.4699999999996,1.4167647873661496e-16
1210.4799999999996,1.4222187120491705e-16
1210.4899999999996,1.427704169063632e-16
1210.4999999999995,1.433221401789652e-16
1210.5099999999995,1.4387706559584187e-16
1210.5199999999995,1.44435217967948e-16
1210.5299999999995,1.4499662234684089e-16
1210.5399999999995,1.4556130402748244e-16
1210.5499999999995,1.4612928855108197e-16
1210.5599999999995,1.4670060170797504e-16
1210.5699999999995,1.4727526954054422e-16
1210.5799999999995,1.4785331834617828e-16
1210.5899999999995,1.4843477468027204e-16
1210.5999999999995,1.4901966535926795e-16
1210.6099999999994,1.496080174637399e-16
1210.6199999999994,1.5019985834151883e-16
1210.6299999999994,1.5079521561086034e-16
1210.6399999999994,1.5139411716366004e-16
1210.6499999999994,1.5199659116870907e-16
1210.6599999999994,1.5260266607499793e-16
1210.6699999999994,1.5321237061506474e-16
1210.6799999999994,1.5382573380839179e-16
1210.6899999999994,1.544427849648474e-16
1210.6999999999994,1.550635536881782e-16
1210.7099999999994,1.5568806987954878e-16
1210.7199999999993,1.5631636374113225e-16
1210.7299999999993,1.5694846577975153e-16
1210.7399999999993,1.575844068105706e-16
1210.7499999999993,1.5822421796083966e-16
1210.7599999999993,1.588679306736936e-16
1210.7699999999993,1.5951557671200143e-16
1210.7799999999993,1.601671881622749e-16
1210.7899999999993,1.6082279743863045e-16
1210.7999999999993,1.6148243728680641e-16
1210.8099999999993,1.621461407882417e-16
1210.8199999999993,1.6281394136420993e-16
1210.8299999999992,1.6348587278001392e-16
1210.8399999999992,1.641619691492403e-16
1210.8499999999992,1.6484226493807712e-16
1210.8599999999992,1.6552679496969212e-16
1210.8699999999992,1.662155944286752e-16
1210.8799999999992,1.6690869886554615e-16
1210.8899999999992,1.6760614420132673e-16
1210.8999999999992,1.6830796673218032e-16
1210.9099999999992,1.6901420313411932e-16
1210.9199999999992,1.6972489046778267e-16
1210.9299999999992,1.7044006618327975e-16
1210.9399999999991,1.7115976812511187e-16
1210.9499999999991,1.718840345371589e-16
1210.9599999999991,1.726129040677465e-16
1210.9699999999991,1.733464157747839e-16
1210.979999999999,1.740846091309791e-16
1210.989999999999,1.7482752402913335e-16
1210.999999999999,1.7557520078751147e-16
1211.009999999999,1.763276801552957e-16
1211.019999999999,1.7708500331811731e-16
1211.029999999999,1.7784721190367628e-16
1211.039999999999,1.786143479874406e-16
1211.049999999999,1.7938645409843374e-16
1211.059999999999,1.8016357322510988e-16
1211.069999999999,1.8094574882131696e-16
1211.079999999999,1.817330248123502e-16
1211.089999999999,1.825254456010988e-16
1211.099999999999,1.8332305607428476e-16
1211.109999999999,1.841259016087972e-16
1211.119999999999,1.849340280781254e-16
1211.129999999999,1.8574748185888749e-16
1211.139999999999,1.8656630983746141e-16
1211.149999999999,1.8739055941671767e-16
1211.159999999999,1.8822027852285498e-16
1211.169999999999,1.890555156123439e-16
1211.179999999999,1.898963196789747e-16
1211.189999999999,1.9074274026101814e-16
1211.199999999999,1.9159482744849443e-16
1211.209999999999,1.9245263189055927e-16
1211.219999999999,1.9331620480300104e-16
1211.2299999999989,1.9418559797585974e-16
1211.2399999999989,1.9506086378116188e-16
1211.2499999999989,1.9594205518078132e-16
1211.2599999999989,1.968292257344182e-16
1211.2699999999988,1.9772242960770967e-16
1211.2799999999988,1.986217215804664e-16
1211.2899999999988,1.995271570550402e-16
1211.2999999999988,2.0043879206482553e-16
1211.3099999999988,2.01356683282894e-16
1211.3199999999988,2.0228088803077204e-16
1211.3299999999988,2.0321146428735355e-16
1211.3399999999988,2.0414847069796042e-16
1211.3499999999988,2.050919665835441e-16
1211.3599999999988,2.060420119500417e-16
1211.3699999999988,2.0699866749787651e-16
1211.3799999999987,2.0796199463161955e-16
1211.3899999999987,2.0893205546980022e-16
1211.3999999999987,2.0990891285488606e-16
1211.4099999999987,2.1089263036341523e-16
1211.4199999999987,2.1188327231630448e-16
1211.4299999999987,2.1288090378931777e-16
1211.4399999999987,2.1388559062371353e-16
1211.4499999999987,2.1489739943706196e-16
1211.4599999999987,2.1591639763424559e-16
1211.4699999999987,2.1694265341863823e-16
1211.4799999999987,2.1797623580347168e-16
1211.4899999999986,2.190172146233905e-16
1211.4999999999986,2.20065660546199e-16
1211.5099999999986,2.2112164508480625e-16
1211.5199999999986,2.2218524060936876e-16
1211.5299999999986,2.2325652035963896e-16
1211.5399999999986,2.243355584575192e-16
1211.5499999999986,2.2542242991983105e-16
1211.5599999999986,2.2651721067129656e-16
1211.5699999999986,2.276199775577422e-16
1211.5799999999986,2.2873080835952615e-16
1211.5899999999986,2.298497818051943e-16
1211.5999999999985,2.309769775853698e-16
1211.6099999999985,2.321124763668783e-16
1211.6199999999985,2.332563598071196e-16
1211.6299999999985,2.34408710568682e-16
1211.6399999999985,2.355696123342117e-16
1211.6499999999985,2.367391498215359e-16
1211.6599999999985,2.3791740879905236e-16
1211.6699999999985,2.391044761013821e-16
1211.6799999999985,2.4030043964529767e-16
1211.6899999999985,2.415053884459255e-16
1211.6999999999985,2.4271941263323573e-16
1211.7099999999984,2.4394260346881965e-16
1211.7199999999984,2.451750533629613e-16
1211.7299999999984,2.4641685589201023e-16
1211.7399999999984,2.4766810581606387e-16
1211.7499999999984,2.4892889909695713e-16
1211.7599999999984,2.5019933291657716e-16
1211.7699999999984,2.5147950569550473e-16
1211.7799999999984,2.5276951711197954e-16
1211.7899999999984,2.5406946812121667e-16
1211.7999999999984,2.5537946097506114e-16
1211.8099999999984,2.5669959924199863e-16
1211.8199999999983,2.5802998782752827e-16
1211.8299999999983,2.5937073299490025e-16
1211.8399999999983,2.607219423862343e-16
1211.8499999999983,2.6208372504401477e-16
1211.8599999999983,2.6345619143298565e-16
1211.8699999999983,2.64839453462438e-16
1211.8799999999983,2.6623362450891045e-16
1211.8899999999983,2.6763881943930164e-16
1211.8999999999983,2.6905515463441564e-16
1211.9099999999983,2.7048274801293147e-16
1211.9199999999983,2.719217190558253e-16
1211.9299999999982,2.733721888312414e-16
1211.9399999999982,2.748342800198246e-16
1211.9499999999982,2.7630811694053e-16
1211.9599999999982,2.7779382557690727e-16
1211.9699999999982,2.792915336038863e-16
1211.9799999999982,2.808013704150607e-16
1211.9899999999982,2.823234671504861e-16
1211.9999999999982,2.8385795672500625e-16
1212.0099999999982,2.8540497385711563e-16
1212.0199999999982,2.869646550983629e-16
1212.0299999999982,2.8853713886332867e-16
1212.0399999999981,2.9012256546015977e-16
1212.0499999999981,2.9172107712170223e-16
1212.0599999999981,2.9333281803722257e-16
1212.0699999999981,2.949579343847442e-16
1212.079999999998,2.965965743640078e-16
1212.089999999998,2.9824888823006737e-16
1212.099999999998,2.9991502832754355e-16
1212.109999999998,3.0159514912553753e-16
1212.119999999998,3.0328940725323174e-16
1212.129999999998,3.049979615361839e-16
1212.139999999998,3.0672097303333427e-16
1212.149999999998,3.0845860507474446e-16
1212.159999999998,3.102110233000767e-16
1212.169999999998,3.119783956978351e-16
1212.179999999998,3.1376089264538956e-16
1212.189999999998,3.1555868694979406e-16
1212.199999999998,3.1737195388941806e-16
1212.209999999998,3.192008712564135e-16
1212.219999999998,3.210456194000339e-16
1212.229999999998,3.229063812708237e-16
1212.239999999998,3.2478334246570335e-16
1212.249999999998,3.2667669127396354e-16
1212.259999999998,3.2858661872419473e-16
1212.269999999998,3.3051331863217146e-16
1212.279999999998,3.3245698764971775e-16
1212.289999999998,3.344178253145667e-16
1212.299999999998,3.363960341012515e-16
1212.309999999998,3.3839181947303937e-16
1212.319999999998,3.4040538993494164e-16
1212.3299999999979,3.4243695708781846e-16
1212.3399999999979,3.444867356836109e-16
1212.3499999999979,3.4655494368172604e-16
1212.3599999999979,3.486418023065922e-16
1212.3699999999978,3.5074753610643193e-16
1212.3799999999978,3.5287237301326e-16
1212.3899999999978,3.55016544404155e-16
1212.3999999999978,3.5718028516382266e-16
1212.4099999999978,3.593638337484856e-16
1212.4199999999978,3.615674322511366e-16
1212.4299999999978,3.637913264681803e-16
1212.4399999999978,3.660357659675028e-16
1212.4499999999978,3.683010041580032e-16
1212.4599999999978,3.705872983606226e-16
1212.4699999999978,3.7289490988090797e-16
1212.4799999999977,3.752241040831443e-16
1212.4899999999977,3.7757515046610266e-16
1212.4999999999977,3.7994832274043884e-16
1212.5099999999977,3.823438989077821e-16
1212.5199999999977,3.8476216134155813e-16
1212.5299999999977,3.8720339686959516e-16
1212.5399999999977,3.896678968585465e-16
1212.5499999999977,3.921559573001902e-16
1212.5599999999977,3.9466787889963577e-16
1212.5699999999977,3.972039671655044e-16
1212.5799999999977,3.9976453250211763e-16
1212.5899999999976,4.0234989030375976e-16
1212.5999999999976,4.04960361051055e-16
1212.6099999999976,4.0759627040951745e-16
1212.6199999999976,4.1025794933033766e-16
1212.6299999999976,4.129457341534534e-16
1212.6399999999976,4.156599667129681e-16
1212.6499999999976,4.1840099444497726e-16
1212.6599999999976,4.2116917049787265e-16
1212.6699999999976,4.2396485384517203e-16
1212.6799999999976,4.267884094009652e-16
1212.6899999999976,4.2964020813802126e-16
1212.6999999999975,4.3252062720864454e-16
1212.7099999999975,4.354300500683449e-16
1212.7199999999975,4.383688666023997e-16
1212.7299999999975,4.413374732553805e-16
1212.7399999999975,4.443362731637327e-16
1212.7499999999975,4.473656762914789e-16
1212.7599999999975,4.504260995691425e-16
1212.7699999999975,4.535179670359681e-16
1212.7799999999975,4.566417099855355e-16
1212.7899999999975,4.597977671148567e-16
1212.7999999999975,4.6298658467705265e-16
1212.8099999999974,4.662086166377037e-16
1212.8199999999974,4.694643248349854e-16
1212.8299999999974,4.727541791436792e-16
1212.8399999999974,4.760786576431809e-16
1212.8499999999974,4.794382467896064e-16
1212.8599999999974,4.828334415921176e-16
1212.8699999999974,4.862647457935801e-16
1212.8799999999974,4.897326720556775e-16
1212.8899999999974,4.932377421486083e-16
1212.8999999999974,4.967804871454973e-16
1212.9099999999974,5.003614476216483e-16
1212.9199999999973,5.039811738587871e-16
1212.9299999999973,5.076402260544212e-16
1212.9399999999973,5.113391745364862e-16
1212.9499999999973,5.15078599983409e-16
1212.9599999999973,5.188590936497544e-16
1212.9699999999973,5.226812575976222e-16
1212.9799999999973,5.265457049339488e-16
1212.9899999999973,5.304530600538991e-16
1212.9999999999973,5.344039588905193e-16
1213.0099999999973,5.383990491708422e-16
1213.0199999999973,5.424389906786189e-16
1213.0299999999972,5.465244555238967e-16
1213.0399999999972,5.506561284196366e-16
1213.0499999999972,5.548347069655621e-16
1213.0599999999972,5.590609019395014e-16
1213.0699999999972,5.633354375963918e-16
1213.0799999999972,5.676590519752247e-16
1213.0899999999972,5.720324972141471e-16
1213.0999999999972,5.764565398739762e-16
1213.1099999999972,5.809319612703771e-16
1213.1199999999972,5.854595578149783e-16
1213.1299999999972,5.90040141365693e-16
1213.1399999999971,5.946745395865359e-16
1213.1499999999971,5.993635963172199e-16
1213.1599999999971,6.041081719528483e-16
1213.1699999999971,6.089091438340138e-16
1213.179999999997,6.137674066476255e-16
1213.189999999997,6.186838728388111e-16
1213.199999999997,6.236594730342277e-16
1213.209999999997,6.286951564771702e-16
1213.219999999997,6.337918914748172e-16
1213.229999999997,6.389506658580428e-16
1213.239999999997,6.441724874541488e-16
1213.249999999997,6.494583845729862e-16
1213.259999999997,6.548094065068581e-16
1213.269999999997,6.602266240446686e-16
1213.279999999997,6.657111300007793e-16
1213.289999999997,6.712640397590549e-16
1213.299999999997,6.768864918325971e-16
1213.309999999997,6.825796484396795e-16
1213.319999999997,6.883446960964253e-16
1213.329999999997,6.941828462267834e-16
1213.339999999997,7.000953357903726e-16
1213.349999999997,7.060834279288086e-16
1213.359999999997,7.121484126311153e-16
1213.369999999997,7.182916074188794e-16
1213.379999999997,7.245143580518191e-16
1213.389999999997,7.308180392544438e-16
1213.399999999997,7.37204055464551e-16
1213.409999999997,7.436738416042877e-16
1213.419999999997,7.50228863874575e-16
1213.4299999999969,7.568706205736834e-16
1213.4399999999969,7.636006429408109e-16
1213.4499999999969,7.70420496025549e-16
1213.4599999999969,7.773317795840986e-16
1213.4699999999968,7.843361290032467e-16
1213.4799999999968,7.914352162530167e-16
1213.4899999999968,7.986307508690569e-16
1213.4999999999968,8.059244809658076e-16
1213.5099999999968,8.133181942815527e-16
1213.5199999999968,8.208137192565008e-16
1213.5299999999968,8.284129261450933e-16
1213.5399999999968,8.361177281637821e-16
1213.5499999999968,8.439300826755547e-16
1213.5599999999968,8.518519924125766e-16
1213.5699999999968,8.598855067383178e-16
1213.5799999999967,8.680327229506694e-16
1213.5899999999967,8.762957876275092e-16
1213.5999999999967,8.846768980163612e-16
1213.6099999999967,8.93178303469733e-16
1213.6199999999967,9.018023069279174e-16
1213.6299999999967,9.105512664509875e-16
1213.6399999999967,9.194275968018858e-16
1213.6499999999967,9.284337710825533e-16
1213.6599999999967,9.375723224250996e-16
1213.6699999999967,9.468458457401696e-16
1213.6799999999967,9.562569995246825e-16
1213.6899999999966,9.658085077312625e-16
1213.6999999999966,9.755031617017666e-16
1213.7099999999966,9.853438221674049e-16
1213.7199999999966,9.953334213180843e-16
1213.7299999999966,1.0054749649437174e-15
1213.7399999999966,1.015771534650331e-15
1213.7499999999966,1.0262262901539833e-15
1213.7599999999966,1.0368424716555937e-15
1213.7699999999966,1.0476234022999343e-15
1213.7799999999966,1.0585724907222303e-15
1213.7899999999966,1.0696932336858657e-15
1213.7999999999965,1.0809892188149731e-15
1213.8099999999965,1.0924641274257854e-15
1213.8199999999965,1.1041217374607983e-15
1213.8299999999965,1.115965926530033e-15
1213.8399999999965,1.128000675063872e-15
1213.8499999999965,1.1402300695820802e-15
1213.8599999999965,1.1526583060839631e-15
1213.8699999999965,1.1652896935647422e-15
1213.8799999999965,1.178128657663525e-15
1213.8899999999965,1.1911797444484888e-15
1213.8999999999965,1.2044476243451387e-15
1213.9099999999964,1.217937096213849e-15
1213.9199999999964,1.231653091583139e-15
1213.9299999999964,1.245600679045446e-15
1213.9399999999964,1.259785068822542e-15
1213.9499999999964,1.2742116175080455e-15
1213.9599999999964,1.288885832994847e-15
1213.9699999999964,1.3038133795956863e-15
1213.9799999999964,1.3190000833655028e-15
1213.9899999999964,1.3344519376346342e-15
1213.9999999999964,1.3501751087623404e-15
1214.0099999999964,1.3661759421207166e-15
1214.0199999999963,1.3824609683194559e-15
1214.0299999999963,1.3990369096825053e-15
1214.0399999999963,1.4159106869882768e-15
1214.0499999999963,1.433089426485573e-15
1214.0599999999963,1.4505804671980894e-15
1214.0699999999963,1.4683913685310433e-15
1214.0799999999963,1.4865299181940835e-15
1214.0899999999963,1.5050041404555643e-15
1214.0999999999963,1.5238223047438284e-15
1214.1099999999963,1.5429929346122231e-15
1214.1199999999963,1.562524817085258e-15
1214.1299999999962,1.5824270124044067e-15
1214.1399999999962,1.6027088641929824e-15
1214.1499999999962,1.6233800100605269e-15
1214.1599999999962,1.6444503926684493e-15
1214.1699999999962,1.6659302712795631e-15
1214.1799999999962,1.6878302338157579e-15
1214.1899999999962,1.71016120944906e-15
1214.1999999999962,1.7329344817530104e-15
1214.2099999999962,1.7561617024426348e-15
1214.2199999999962,1.779854905732957e-15
1214.2299999999962,1.8040265233476836e-15
1214.2399999999961,1.828689400211469e-15
1214.2499999999961,1.853856810861151e-15
1214.2599999999961,1.879542476613309e-15
1214.2699999999961,1.905760583527727e-15
1214.279999999996,1.9325258012086373e-15
1214.289999999996,1.9598533024879942e-15
1214.299999999996,1.9877587840378197e-15
1214.309999999996,2.0162584879612218e-15
1214.319999999996,2.0453692244148357e-15
1214.329999999996,2.075108395318461e-15
1214.339999999996,2.1054940192111145e-15
1214.349999999996,2.1365447573162504e-15
1214.359999999996,2.168279940882734e-15
1214.369999999996,2.200719599872244e-15
1214.379999999996,2.233884493068102e-15
1214.389999999996,2.267796139685161e-15
1214.399999999996,2.30247685256537e-15
1214.409999999996,2.337949773048861e-15
1214.419999999996,2.3742389076161293e-15
1214.429999999996,2.411369166402783e-15
1214.439999999996,2.4493664036949705e-15
1214.449999999996,2.4882574605202258e-15
1214.459999999996,2.5280702094561104e-15
1214.469999999996,2.56883360178673e-15
1214.479999999996,2.6105777171455975e-15
1214.489999999996,2.6533338157925486e-15
1214.499999999996,2.697134393681819e-15
1214.509999999996,2.742013240488811e-15
1214.519999999996,2.7880055007742612e-15
1214.5299999999959,2.83514773847608e-15
1214.5399999999959,2.8834780049321355e-15
1214.5499999999959,2.9330359106506304e-15
1214.5599999999959,2.983862701059321e-15
1214.5699999999958,3.036001336480551e-15
1214.5799999999958,3.0894965765956148e-15
1214.5899999999958,3.1443950696800503e-15
1214.5999999999958,3.200745446910653e-15
1214.6099999999958,3.2585984220655045e-15
1214.6199999999958,3.318006896960575e-15
1214.6299999999958,3.379026072990059e-15
1214.6399999999958,3.441713569162946e-15
1214.6499999999958,3.5061295470557764e-15
1214.6599999999958,3.572336843130418e-15
1214.6699999999958,3.640401108897304e-15
1214.6799999999957,3.710390959437882e-15
1214.6899999999957,3.782378130836078e-15
1214.6999999999957,3.856437647106913e-15
1214.7099999999957,3.932647997251811e-15
1214.7199999999957,4.011091323113976e-15
1214.7299999999957,4.0918536187545e-15
1214.7399999999957,4.1750249421201635e-15
1214.7499999999957,4.260699639827636e-15
1214.7599999999957,4.348976585946265e-15
1214.7699999999957,4.43995943572259e-15
1214.7799999999957,4.533756895254933e-15
1214.7899999999956,4.630483008195384e-15
1214.7999999999956,4.7302574606298985e-15
1214.8099999999956,4.833205905364702e-15
1214.8199999999956,4.939460306929281e-15
1214.8299999999956,5.049159308692124e-15
1214.8399999999956,5.162448623576213e-15
1214.8499999999956,5.279481449955523e-15
1214.8599999999956,5.400418914412045e-15
1214.8699999999956,5.525430543134655e-15
1214.8799999999956,5.654694763845002e-15
1214.8899999999956,5.788399440241947e-15
1214.8999999999955,5.926742441062325e-15
1214.9099999999955,6.069932245961649e-15
1214.9199999999955,6.218188590520829e-15
1214.9299999999955,6.371743152781907e-15
1214.9399999999955,6.530840283804119e-15
1214.9499999999955,6.695737784806446e-15
1214.9599999999955,6.866707733519959e-15
1214.9699999999955,7.044037362405081e-15
1214.9799999999955,7.22802999138856e-15
1214.9899999999955,7.419006017731442e-15
1214.9999999999955,7.617303965540698e-15
1215.0099999999954,7.823281597268565e-15
1215.0199999999954,8.03731708928559e-15
1215.0299999999954,8.259810273243667e-15
1215.0399999999954,8.491183944435162e-15
1215.0499999999954,8.731885237669733e-15
1215.0599999999954,8.982387070289354e-15
1215.0699999999954,9.243189650772554e-15
1215.0799999999954,9.514822049879154e-15
1215.0899999999954,9.797843829380208e-15
1215.0999999999954,1.0092846721011638e-14
1215.1099999999954,1.0400456345272005e-14
1215.1199999999953,1.0721333955918565e-14
1215.1299999999953,1.1056178191335855e-14
1215.1399999999953,1.1405726808158462e-14
1215.1499999999953,1.1770758365383451e-14
1215.1599999999953,1.2152093818419885e-14
1215.1699999999953,1.2550597971744557e-14
1215.1799999999953,1.2967180725653034e-14
1215.1899999999953,1.3402798036518042e-14
1215.1999999999953,1.3858452490412664e-14
1215.2099999999953,1.4335193366238507e-14
1215.2199999999953,1.4834116035821188e-14
1215.2299999999952,1.5356360513878732e-14
1215.2399999999952,1.5903108929287363e-14
1215.2499999999952,1.6475581639498556e-14
1215.2599999999952,1.7075031651034687e-14
1215.2699999999952,1.770273693938297e-14
1215.2799999999952,1.8359990180011986e-14
1215.2899999999952,1.9048085307498352e-14
1215.2999999999952,1.9768300211075418e-14
1215.3099999999952,2.0521874752187236e-14
1215.3199999999952,2.1309983153897e-14
1215.3299999999952,2.2133699666166194e-14
1215.3399999999951,2.2993956260861473e-14
1215.3499999999951,2.389149096589249e-14
1215.3599999999951,2.4826785325336967e-14
1215.3699999999951,2.5799989396684282e-14
1215.379999999995,2.6810832704317947e-14
1215.389999999995,2.7858519712967235e-14
1215.399999999995,2.8941608739669264e-14
1215.409999999995,3.0057873886908274e-14
1215.419999999995,3.1204150681742934e-14
1215.429999999995,3.237616780555674e-14
1215.439999999995,3.3568369782552453e-14
1215.449999999995,3.477373895868674e-14
1215.459999999995,3.598362971844116e-14
1215.469999999995,3.7187633738325624e-14
1215.479999999995,3.837350205413918e-14
1215.489999999995,3.952715736794065e-14
1215.499999999995,4.0632837336885025e-14
1215.509999999995,4.167341479747297e-14
1215.519999999995,4.2630941277359674e-14
1215.529999999995,4.3487452115629014e-14
1215.539999999995,4.422605095952732e-14
1215.549999999995,4.4832254850172407e-14
1215.559999999995,4.5295527562673605e-14
1215.569999999995,4.561086230952183e-14
1215.579999999995,4.578020655755574e-14
1215.589999999995,4.581347051368089e-14
1215.599999999995,4.5728850192436114e-14
1215.609999999995,4.5552244477503614e-14
1215.619999999995,4.531566648000885e-14
1215.6299999999949,4.505471389084076e-14
1215.6399999999949,4.480534562444478e-14
1215.6499999999949,4.4600356148881743e-14
1215.6599999999949,4.4466008720595e-14
1215.6699999999948,4.441927119811333e-14
1215.6799999999948,4.446600872049827e-14
1215.6899999999948,4.460035614870044e-14
1215.6999999999948,4.4805345624201905e-14
1215.7099999999948,4.505471389056776e-14
1215.7199999999948,4.5315666479742314e-14
1215.7299999999948,4.555224447728153e-14
1215.7399999999948,4.572885019229439e-14
1215.7499999999948,4.581347051365015e-14
1215.7599999999948,4.578020655765925e-14
1215.7699999999948,4.561086230977429e-14
1215.7799999999947,4.5295527563081105e-14
1215.7899999999947,4.4832254850733104e-14
1215.7999999999947,4.422605096023283e-14
1215.8099999999947,4.348745211646597e-14
1215.8199999999947,4.2630941278311426e-14
1215.8299999999947,4.167341479852106e-14
1215.8399999999947,4.063283733801051e-14
1215.8499999999947,3.952715736912508e-14
1215.8599999999947,3.8373502055365274e-14
1215.8699999999947,3.7187633739577723e-14
1215.8799999999947,3.5983629719705494e-14
1215.8899999999946,3.477373895995148e-14
1215.8999999999946,3.356836978380765e-14
1215.9099999999946,3.237616780679424e-14
1215.9199999999946,3.1204150682956164e-14
1215.9299999999946,3.0057873888092127e-14
1215.9399999999946,2.89416087408199e-14
1215.9499999999946,2.7858519714081854e-14
1215.9599999999946,2.6810832705394672e-14
1215.9699999999946,2.5799989397721937e-14
1215.9799999999946,2.482678532633504e-14
1215.9899999999946,2.389149096685093e-14
1215.9999999999945,2.299395626178062e-14
1216.0099999999945,2.2133699667046685e-14
1216.0199999999945,2.1309983154739752e-14
1216.0299999999945,2.0521874752993275e-14
1216.0399999999945,1.976830021184595e-14
1216.0499999999945,1.904808530823462e-14
1216.0599999999945,1.8359990180715313e-14
1216.0699999999945,1.7702736940054718e-14
1216.0799999999945,1.7075031651676214e-14
1216.0899999999945,1.647558164011119e-14
1216.0999999999945,1.590310892987245e-14
1216.1099999999944,1.535636051443756e-14
1216.1199999999944,1.483411603635502e-14
1216.1299999999944,1.4335193366748547e-14
1216.1399999999944,1.3858452490900085e-14
1216.1499999999944,1.3402798036983954e-14
1216.1599999999944,1.2967180726098526e-14
1216.1699999999944,1.2550597972170644e-14
1216.1799999999944,1.2152093818827555e-14
1216.1899999999944,1.1770758365773633e-14
1216.1999999999944,1.1405726808532012e-14
1216.2099999999944,1.1056178191693635e-14
1216.2199999999943,1.0721333956261355e-14
1216.2299999999943,1.0400456345600559e-14
1216.2399999999943,1.0092846721326663e-14
1216.2499999999943,9.797843829682387e-15
1216.2599999999943,9.514822050169117e-15
1216.2699999999943,9.243189651050892e-15
1216.2799999999943,8.982387070556654e-15
1216.2899999999943,8.731885237926527e-15
1216.2999999999943,8.491183944681956e-15
1216.3099999999943,8.259810273480942e-15
1216.3199999999943,8.037317089513801e-15
1216.3299999999942,7.823281597488143e-15
1216.3399999999942,7.617303965752053e-15
1216.3499999999942,7.419006017934963e-15
1216.3599999999942,7.228029991584592e-15
1216.3699999999942,7.044037362593976e-15
1216.3799999999942,6.86670773370205e-15
1216.3899999999942,6.69573778498204e-15
1216.3999999999942,6.530840283973506e-15
1216.4099999999942,6.371743152945368e-15
1216.4199999999942,6.218188590678622e-15
1216.4299999999942,6.0699322461140215e-15
1216.4399999999941,5.926742441209513e-15
1216.4499999999941,5.788399440384181e-15
1216.4599999999941,5.654694763982494e-15
1216.4699999999941,5.525430543267599e-15
1216.479999999994,5.4004189145406326e-15
1216.489999999994,5.2794814500799464e-15
1216.499999999994,5.162448623696636e-15
1216.509999999994,5.049159308808705e-15
1216.519999999994,4.939460307042188e-15
1216.529999999994,4.833205905474081e-15
1216.539999999994,4.7302574607358875e-15
1216.549999999994,4.630483008298127e-15
1216.559999999994,4.53375689535455e-15
1216.569999999994,4.439959435819203e-15
1216.579999999994,4.3489765860399874e-15
1216.589999999994,4.260699639918589e-15
1216.599999999994,4.1750249422084465e-15
1216.609999999994,4.09185361884022e-15
1216.619999999994,4.011091323197219e-15
1216.629999999994,3.932647997332671e-15
1216.639999999994,3.856437647185481e-15
1216.649999999994,3.7823781309124416e-15
1216.659999999994,3.710390959512119e-15
1216.669999999994,3.640401108969484e-15
1216.679999999994,3.572336843200623e-15
1216.689999999994,3.5061295471240748e-15
1216.699999999994,3.441713569229407e-15
1216.709999999994,3.37902607305474e-15
1216.719999999994,3.3180068970235436e-15
1216.7299999999939,3.2585984221268168e-15
1216.7399999999939,3.200745446970368e-15
1216.7499999999939,3.144395069738218e-15
1216.7599999999939,3.0894965766522893e-15
1216.7699999999938,3.0360013365357858e-15
1216.7799999999938,2.9838627011131575e-15
1216.7899999999938,2.9330359107031164e-15
1216.7999999999938,2.883478004983321e-15
1216.8099999999938,2.8351477385260003e-15
1216.8199999999938,2.788005500822963e-15
1216.8299999999938,2.7420132405363287e-15
1216.8399999999938,2.697134393728188e-15
1216.8499999999938,2.6533338158378087e-15
1216.8599999999938,2.6105777171897804e-15
1216.8699999999938,2.568833601829873e-15
1216.8799999999937,2.528070209498246e-15
1216.8899999999937,2.488257460561377e-15
1216.8999999999937,2.449366403735177e-15
1216.9099999999937,2.4113691664420694e-15
1216.9199999999937,2.3742389076545216e-15
1216.9299999999937,2.3379497730863876e-15
1216.9399999999937,2.3024768526020546e-15
1216.9499999999937,2.2677961397210282e-15
1216.9599999999937,2.233884493103178e-15
1216.9699999999937,2.2007195999065473e-15
1216.9799999999937,2.1682799409162917e-15
1216.9899999999936,2.136544757349085e-15
1216.9999999999936,2.1054940192432452e-15
1217.0099999999936,2.0751083953499026e-15
1217.0199999999936,2.0453692244456068e-15
1217.0299999999936,2.0162584879913468e-15
1217.0399999999936,1.9877587840673128e-15
1217.0499999999936,1.9598533025168756e-15
1217.0599999999936,1.932525801236923e-15
1217.0699999999936,1.905760583555434e-15
1217.0799999999936,1.8795424766404498e-15
1217.0899999999936,1.8538568108877437e-15
1217.0999999999935,1.828689400237528e-15
1217.1099999999935,1.8040265233732182e-15
1217.1199999999935,1.779854905757986e-15
1217.1299999999935,1.7561617024671688e-15
1217.1399999999935,1.7329344817770655e-15
1217.1499999999935,1.710161209472647e-15
1217.1599999999935,1.687830233838889e-15
1217.1699999999935,1.6659302713022484e-15
1217.1799999999935,1.6444503926906975e-15
1217.1899999999935,1.6233800100823547e-15
1217.1999999999935,1.6027088642143973e-15
1217.2099999999934,1.58242701242542e-15
1217.2199999999934,1.5625248171058781e-15
1217.2299999999934,1.5429929346324623e-15
1217.2399999999934,1.5238223047636927e-15
1217.2499999999934,1.5050041404750627e-15
1217.2599999999934,1.4865299182132266e-15
1217.2699999999934,1.4683913685498399e-15
1217.2799999999934,1.450580467216552e-15
1217.2899999999934,1.4330894265037029e-15
1217.2999999999934,1.4159106870060838e-15
1217.3099999999934,1.3990369096999937e-15
1217.3199999999933,1.3824609683366363e-15
1217.3299999999933,1.3661759421376002e-15
1217.3399999999933,1.3501751087789292e-15
1217.3499999999933,1.3344519376509346e-15
1217.3599999999933,1.3190000833815236e-15
1217.3699999999933,1.3038133796114317e-15
1217.3799999999933,1.2888858330103252e-15
1217.3899999999933,1.2742116175232643e-15
1217.3999999999933,1.2597850688375026e-15
1217.4099999999933,1.2456006790601559e-15
1217.4199999999933,1.2316530915976059e-15
1217.4299999999932,1.2179370962280763e-15
1217.4399999999932,1.2044476243591301e-15
1217.4499999999932,1.1911797444622529e-15
1217.4599999999932,1.1781286576770645e-15
1217.4699999999932,1.1652896935780598e-15
1217.4799999999932,1.1526583060970665e-15
1217.4899999999932,1.140230069594975e-15
1217.4999999999932,1.1280006750765614e-15
1217.5099999999932,1.11596592654252e-15
1217.5199999999932,1.1041217374730848e-15
1217.5299999999932,1.0924641274378822e-15
1217.5399999999931,1.0809892188268816e-15
1217.5499999999931,1.0696932336975875e-15
1217.5599999999931,1.0585724907337705e-15
1217.5699999999931,1.0476234023112978e-15
1217.579999999993,1.0368424716667813e-15
1217.589999999993,1.0262262901650013e-15
1217.599999999993,1.0157715346611823e-15
1217.609999999993,1.0054749649544047e-15
1217.619999999993,9.953334213286119e-16
1217.629999999993,9.853438221777733e-16
1217.639999999993,9.75503161711981e-16
1217.649999999993,9.658085077413266e-16
1217.659999999993,9.562569995345973e-16
1217.669999999993,9.468458457499392e-16
1217.679999999993,9.375723224347274e-16
1217.689999999993,9.28433771092042e-16
1217.699999999993,9.19427596811238e-16
1217.709999999993,9.10551266460203e-16
1217.719999999993,9.018023069370018e-16
1217.729999999993,8.931783034786884e-16
1217.739999999993,8.8467689802518945e-16
1217.749999999993,8.762957876362152e-16
1217.759999999993,8.680327229592512e-16
1217.769999999993,8.598855067467792e-16
1217.779999999993,8.518519924209195e-16
1217.789999999993,8.439300826837836e-16
1217.799999999993,8.361177281718969e-16
1217.809999999993,8.28412926153097e-16
1217.819999999993,8.208137192643944e-16
1217.8299999999929,8.133181942893391e-16
1217.8399999999929,8.059244809734892e-16
1217.8499999999929,7.986307508766351e-16
1217.8599999999929,7.914352162604927e-16
1217.8699999999928,7.843361290106213e-16
1217.8799999999928,7.773317795913755e-16
1217.8899999999928,7.704204960327291e-16
1217.8999999999928,7.636006429478972e-16
1217.9099999999928,7.568706205806758e-16
1217.9199999999928,7.502288638814756e-16
1217.9299999999928,7.436738416110984e-16
1217.9399999999928,7.372040554712731e-16
1217.9499999999928,7.308180392610799e-16
1217.9599999999928,7.245143580583697e-16
1217.9699999999928,7.182916074253459e-16
1217.9799999999927,7.12148412637499e-16
1217.9899999999927,7.060834279351112e-16
1217.9999999999927,7.000953357965961e-16
1218.0099999999927,6.941828462329276e-16
1218.0199999999927,6.883446961024936e-16
1218.0299999999927,6.825796484456716e-16
1218.0399999999927,6.768864918385144e-16
1218.0499999999927,6.712640397648994e-16
1218.0599999999927,6.657111300065505e-16
1218.0699999999927,6.602266240503694e-16
1218.0799999999927,6.548094065124897e-16
1218.0899999999926,6.494583845785484e-16
1218.0999999999926,6.441724874596427e-16
1218.1099999999926,6.38950665863471e-16
1218.1199999999926,6.337918914801809e-16
1218.1299999999926,6.286951564824672e-16
1218.1399999999926,6.236594730394628e-16
1218.1499999999926,6.186838728439837e-16
1218.1599999999926,6.137674066527384e-16
1218.1699999999926,6.08909143839066e-16
1218.1799999999926,6.041081719578406e-16
1218.1899999999926,5.993635963221531e-16
1218.1999999999925,5.946745395914121e-16
1218.2099999999925,5.900401413705131e-16
1218.2199999999925,5.854595578197409e-16
1218.2299999999925,5.80931961275085e-16
1218.2399999999925,5.764565398786305e-16
1218.2499999999925,5.720324972187478e-16
1218.2599999999925,5.676590519797722e-16
1218.2699999999925,5.633354376008879e-16
1218.2799999999925,5.59060901943947e-16
1218.2899999999925,5.548347069699578e-16
1218.2999999999925,5.506561284239816e-16
1218.3099999999924,5.465244555281941e-16
1218.3199999999924,5.42438990682868e-16
1218.3299999999924,5.383990491750443e-16
1218.3399999999924,5.344039588946757e-16
1218.3499999999924,5.304530600580082e-16
1218.3599999999924,5.265457049380127e-16
1218.3699999999924,5.22681257601642e-16
1218.3799999999924,5.188590936537299e-16
1218.3899999999924,5.150785999873416e-16
1218.3999999999924,5.11339174540376e-16
1218.4099999999924,5.076402260582687e-16
1218.4199999999923,5.039811738625926e-16
1218.4299999999923,5.003614476254142e-16
1218.4399999999923,4.967804871492231e-16
1218.4499999999923,4.932377421522947e-16
1218.4599999999923,4.897326720593249e-16
1218.4699999999923,4.862647457971886e-16
1218.4799999999923,4.828334415956875e-16
1218.4899999999923,4.794382467931386e-16
1218.4999999999923,4.760786576466757e-16
1218.5099999999923,4.727541791471379e-16
1218.5199999999923,4.694643248384088e-16
1218.5299999999922,4.662086166410919e-16
1218.5399999999922,4.629865846804053e-16
1218.5499999999922,4.59797767118175e-16
1218.5599999999922,4.566417099888193e-16
1218.5699999999922,4.535179670392182e-16
1218.5799999999922,4.504260995723595e-16
1218.5899999999922,4.473656762946633e-16
1218.5999999999922,4.443362731668856e-16
1218.6099999999922,4.4133747325850135e-16
1218.6199999999922,4.383688666054891e-16
1218.6299999999922,4.35430050071403e-16
1218.6399999999921,4.3252062721167253e-16
1218.6499999999921,4.296402081410184e-16
1218.6599999999921,4.267884094039334e-16
1218.6699999999921,4.239648538481105e-16
1218.679999999992,4.211691705007828e-16
1218.689999999992,4.1840099444785858e-16
1218.699999999992,4.1565996671582097e-16
1218.709999999992,4.1294573415627827e-16
1218.719999999992,4.1025794933313536e-16
1218.729999999992,4.075962704122885e-16
1218.739999999992,4.049603610537986e-16
1218.749999999992,4.0234989030647704e-16
1218.759999999992,3.9976453250480844e-16
1218.769999999992,3.9720396716816906e-16
1218.779999999992,3.9466787890227584e-16
1218.789999999992,3.921559573028049e-16
1218.799999999992,3.8966789686113677e-16
1218.809999999992,3.8720339687216034e-16
1218.819999999992,3.8476216134409914e-16
1218.829999999992,3.8234389891029955e-16
1218.839999999992,3.7994832274293277e-16
1218.849999999992,3.7757515046857357e-16
1218.859999999992,3.7522410408559145e-16
1218.869999999992,3.728949098833324e-16
1218.879999999992,3.705872983630256e-16
1218.889999999992,3.6830100416038335e-16
1218.899999999992,3.6603576596986085e-16
1218.909999999992,3.6379132647051714e-16
1218.919999999992,3.615674322534522e-16
1218.9299999999919,3.593638337507799e-16
1218.9399999999919,3.571802851660962e-16
1218.9499999999919,3.5501654440640774e-16
1218.9599999999919,3.5287237301549227e-16
1218.9699999999918,3.507475361086443e-16
1218.9799999999918,3.4864180230878465e-16
1218.9899999999918,3.4655494368389876e-16
1218.9999999999918,3.444867356857644e-16
1219.0099999999918,3.424369570899527e-16
1219.0199999999918,3.4040538993705687e-16
1219.0299999999918,3.383918194751365e-16
1219.0399999999918,3.3639603410332964e-16
1219.0499999999918,3.3441782531662635e-16
1219.0599999999918,3.324569876517593e-16
1219.0699999999918,3.305133186341953e-16
1219.0799999999917,3.2858661872620105e-16
1219.0899999999917,3.266766912759522e-16
1219.0999999999917,3.2478334246767476e-16
1219.1099999999917,3.2290638127277823e-16
1219.1199999999917,3.2104561940197146e-16
1219.1299999999917,3.1920087125833474e-16
1219.1399999999917,3.173719538913228e-16
1219.1499999999917,3.1555868695168274e-16
1219.1599999999917,3.1376089264726177e-16
1219.1699999999917,3.1197839569969116e-16
1219.1799999999917,3.102110233019173e-16
1219.1899999999916,3.0845860507656994e-16
1219.1999999999916,3.0672097303514416e-16
1219.2099999999916,3.049979615379782e-16
1219.2199999999916,3.0328940725501156e-16
1219.2299999999916,3.015951491273023e-16
1219.2399999999916,2.999150283292937e-16
1219.2499999999916,2.9824888823180325e-16
1219.2599999999916,2.965965743657286e-16
1219.2699999999916,2.94957934386451e-16
1219.2799999999916,2.933328180389151e-16
1219.2899999999916,2.9172107712338113e-16
1219.2999999999915,2.9012256546182516e-16
1219.3099999999915,2.8853713886497926e-16
1219.3199999999915,2.8696465510000087e-16
1219.3299999999915,2.8540497385873994e-16
1219.3399999999915,2.8385795672661814e-16
1219.3499999999915,2.823234671520842e-16
1219.3599999999915,2.808013704166454e-16
1219.3699999999915,2.792915336054595e-16
1219.3799999999915,2.777938255784678e-16
1219.3899999999915,2.7630811694207767e-16
1219.3999999999915,2.748342800213603e-16
1219.4099999999914,2.73372188832764e-16
1219.4199999999914,2.719217190573362e-16
1219.4299999999914,2.704827480144302e-16
1219.4399999999914,2.6905515463590274e-16
1219.4499999999914,2.676388194407772e-16
1219.4599999999914,2.662336245103741e-16
1219.4699999999914,2.648394534638907e-16
1219.4799999999914,2.634561914344268e-16
1219.4899999999914,2.6208372504544453e-16
1219.4999999999914,2.607219423876529e-16
1219.5099999999914,2.5937073299630807e-16
1219.5199999999913,2.580299878289248e-16
1219.5299999999913,2.5669959924338485e-16
1219.5399999999913,2.5537946097643637e-16
1219.5499999999913,2.5406946812258175e-16
1219.5599999999913,2.527695171133343e-16
1219.5699999999913,2.5147950569684885e-16
1219.5799999999913,2.501993329179115e-16
1219.5899999999913,2.489288990982804e-16
1219.5999999999913,2.4766810581737737e-16
1219.6099999999913,2.464168558933141e-16
1219.6199999999913,2.4517505336425523e-16
1219.6299999999912,2.4394260347010357e-16
1219.6399999999912,2.427194126345102e-16
1219.6499999999912,2.4150538844719046e-16
1219.6599999999912,2.4030043964655314e-16
1219.6699999999912,2.391044761026287e-16
1219.6799999999912,2.3791740880028905e-16
1219.6899999999912,2.3673914982276345e-16
1219.6999999999912,2.355696123354305e-16
1219.7099999999912,2.3440871056989203e-16
1219.7199999999912,2.3325635980832044e-16
1219.7299999999912,2.3211247636807033e-16
1219.7399999999911,2.309769775865528e-16
1219.7499999999911,2.298497818063691e-16
1219.7599999999911,2.287308083606921e-16
1219.7699999999911,2.276199775588997e-16
1219.779999999991,2.265172106724457e-16
1219.789999999991,2.2542242992097184e-16
1219.799999999991,2.2433555845865175e-16
1219.809999999991,2.232565203607633e-16
1219.819999999991,2.2218524061048524e-16
1219.829999999991,2.211216450859148e-16
1219.839999999991,2.2006566054729946e-16
1219.849999999991,2.1901721462448292e-16
1219.859999999991,2.1797623580455638e-16
1219.869999999991,2.169426534197152e-16
1219.879999999991,2.159163976353153e-16
1219.889999999991,2.1489739943812416e-16
1219.899999999991,2.138855906247681e-16
1219.909999999991,2.1288090379036503e-16
1219.919999999991,2.1188327231734414e-16
1219.929999999991,2.1089263036444798e-16
1219.939999999991,2.0990891285591103e-16
1219.949999999991,2.089320554708185e-16
1219.959999999991,2.0796199463263045e-16
1219.969999999991,2.069986674988809e-16
1219.979999999991,2.0604201195103875e-16
1219.989999999991,2.0509196658453455e-16
1219.999999999991,2.0414847069894363e-16
1220.009999999991,2.0321146428833025e-16
1220.019999999991,2.022808880317418e-16
1220.0299999999909,2.0135668328385742e-16
1220.0399999999909,2.00438792065782e-16
1220.0499999999909,1.9952715705599085e-16
1220.0599999999909,1.986217215814105e-16
1220.0699999999908,1.9772242960864681e-16
1220.0799999999908,1.968292257353492e-16
1220.0899999999908,1.9594205518170623e-16
1220.0999999999908,1.9506086378208053e-16
1220.1099999999908,1.9418559797677176e-16
1220.1199999999908,1.9331620480390732e-16
1220.1299999999908,1.9245263189145918e-16
1220.1399999999908,1.9159482744938872e-16
1220.1499999999908,1.9074274026190603e-16
1220.1599999999908,1.8989631967985698e-16
1220.1699999999908,1.8905551561322049e-16
1220.1799999999907,1.882202785237256e-16
1220.1899999999907,1.8739055941758234e-16
1220.1999999999907,1.8656630983832058e-16
1220.2099999999907,1.8574748185974106e-16
1220.2199999999907,1.8493402807897353e-16
1220.2299999999907,1.8412590160963968e-16
1220.2399999999907,1.8332305607512152e-16
1220.2499999999907,1.8252544560193056e-16
1220.2599999999907,1.8173302481317656e-16
1220.2699999999907,1.8094574882213777e-16
1220.2799999999907,1.8016357322592524e-16
1220.2899999999906,1.7938645409924385e-16
1220.2999999999906,1.786143479882455e-16
1220.3099999999906,1.77847211904476e-16
1220.3199999999906,1.7708500331891194e-16
1220.3299999999906,1.7632768015608503e-16
1220.3399999999906,1.755752007882962e-16
1220.3499999999906,1.7482752402991304e-16
1220.3599999999906,1.740846091317539e-16
1220.3699999999906,1.7334641577555351e-16
1220.3799999999906,1.726129040685114e-16
1220.3899999999906,1.7188403453791884e-16
1220.3999999999905,1.7115976812586698e-16
1220.4099999999905,1.7044006618403023e-16
1220.4199999999905,1.6972489046852829e-16
1220.4299999999905,1.6901420313486038e-16
1220.4399999999905,1.6830796673291633e-16
1220.4499999999905,1.6760614420205852e-16
1220.4599999999905,1.6690869886627339e-16
1220.4699999999905,1.6621559442939795e-16
1220.4799999999905,1.655267949704103e-16
1220.4899999999905,1.6484226493879087e-16
1220.4999999999905,1.6416196914994933e-16
1220.5099999999904,1.6348587278071876e-16
1220.5199999999904,1.6281394136491084e-16
1220.5299999999904,1.6214614078893823e-16
1220.5399999999904,1.614824372874985e-16
1220.5499999999904,1.6082279743931816e-16
1220.5599999999904,1.6016718816295881e-16
1220.5699999999904,1.5951557671268078e-16
1220.5799999999904,1.588679306743689e-16
1220.5899999999904,1.5822421796151108e-16
1220.5999999999904,1.5758440681123784e-16
1220.6099999999904,1.5694846578041464e-16
1220.6199999999903,1.5631636374179127e-16
1220.6299999999903,1.5568806988020393e-16
1220.6399999999903,1.5506355368882929e-16
1220.6499999999903,1.5444278496549497e-16
1220.6599999999903,1.5382573380903532e-16
1220.6699999999903,1.5321237061570433e-16
1220.6799999999903,1.5260266607563348e-16
1220.6899999999903,1.5199659116934105e-16
1220.6999999999903,1.5139411716428826e-16
1220.7099999999903,1.5079521561148502e-16
1220.7199999999903,1.5019985834213966e-16
1220.7299999999902,1.4960801746435738e-16
1220.7399999999902,1.4901966535988164e-16
1220.7499999999902,1.4843477468088173e-16
1220.7599999999902,1.478533183467847e-16
1220.7699999999902,1.472752695411471e-16
1220.7799999999902,1.4670060170857442e-16
1220.7899999999902,1.4612928855167788e-16
1220.7999999999902,1.4556130402807478e-16
1220.8099999999902,1.4499662234742975e-16
1220.8199999999902,1.4443521796853361e-16
1220.8299999999902,1.4387706559642388e-16
1220.8399999999901,1.4332214017954397e-16
1220.8499999999901,1.4277041690693873e-16
1220.8599999999901,1.4222187120548912e-16
1220.8699999999901,1.4167647873718353e-16
1220.87999999999,1.411342153964253e-16
1220.88999999999,1.4059505730737603e-16
1220.89999999999,1.4005898082133556e-16
1220.90999999999,1.3952596251415318e-16
1220.91999999999,1.389959791836786e-16
1220.92999999999,1.3846900784724113e-16
1220.93999999999,1.3794502573916648e-16
1220.94999999999,1.3742401030832255e-16
1220.95999999999,1.36905939215702e-16
1220.96999999999,1.3639079033203034e-16
1220.97999999999,1.3587854173541224e-16
1220.98999999999,1.3536917170900345e-16
1220.99999999999,1.3486265873871572e-16
1221.00999999999,1.3435898151095052e-16
1221.01999999999,1.3385811891036254e-16
1221.02999999999,1.33360050017653e-16
1221.03999999999,1.3286475410738992e-16
1221.04999999999,1.3237221064585794e-16
1221.05999999999,1.3188239928893567e-16
1221.06999999999,1.3139529987999935e-16
1221.07999999999,1.309108924478554e-16
1221.08999999999,1.3042915720469777e-16
1221.09999999999,1.2995007454409212e-16
1221.10999999999,1.2947362503898585e-16
1221.11999999999,1.289997894397439e-16
1221.1299999999899,1.2852854867220846e-16
1221.1399999999899,1.2805988383578392e-16
1221.1499999999899,1.2759377620154832e-16
1221.1599999999899,1.2713020721038332e-16
1221.1699999999898,1.2666915847113434e-16
1221.1799999999898,1.262106117587892e-16
1221.1899999999898,1.2575454901268182e-16
1221.1999999999898,1.2530095233471745e-16
1221.2099999999898,1.248498039876221e-16
1221.2199999999898,1.2440108639321147e-16
1221.2299999999898,1.2395478213068296e-16
1221.2399999999898,1.2351087393492975e-16
1221.2499999999898,1.2306934469487318e-16
1221.2599999999898,1.2263017745181924e-16
1221.2699999999897,1.221933553978334e-16
1221.2799999999897,1.2175886187413542e-16
1221.2899999999897,1.2132668036951625e-16
1221.2999999999897,1.2089679451877151e-16
1221.3099999999897,1.2046918810115667e-16
1221.3199999999897,1.2004384503886027e-16
1221.3299999999897,1.1962074939549561e-16
1221.3399999999897,1.1919988537461201e-16
1221.3499999999897,1.1878123731822365e-16
1221.3599999999897,1.1836478970535522e-16
1221.3699999999897,1.179505271506092e-16
1221.3799999999896,1.1753843440274507e-16
1221.3899999999896,1.171284963432805e-16
1221.3999999999896,1.1672069798510742e-16
1221.4099999999896,1.163150244711253e-16
1221.4199999999896,1.1591146107289055e-16
1221.4299999999896,1.1550999318928322e-16
1221.4399999999896,1.1511060634518825e-16
1221.4499999999896,1.1471328619019428e-16
1221.4599999999896,1.1431801849730768e-16
1221.4699999999896,1.1392478916168068e-16
1221.4799999999896,1.1353358419935658e-16
1221.4899999999895,1.1314438974602897e-16
1221.4999999999895,1.1275719205581599e-16
1221.5099999999895,1.1237197750004874e-16
1221.5199999999895,1.119887325660753e-16
1221.5299999999895,1.116074438560782e-16
1221.5399999999895,1.1122809808590475e-16
1221.5499999999895,1.1085068208391419e-16
1221.5599999999895,1.1047518278983524e-16
1221.5699999999895,1.1010158725363962e-16
1221.5799999999895,1.0972988263442717e-16
1221.5899999999895,1.0936005619932501e-16
1221.5999999999894,1.0899209532239942e-16
1221.6099999999894,1.0862598748358041e-16
1221.6199999999894,1.0826172026759852e-16
1221.6299999999894,1.07899281362935e-16
1221.6399999999894,1.0753865856078332e-16
1221.6499999999894,1.0717983975402332e-16
1221.6599999999894,1.0682281293620631e-16
1221.6699999999894,1.0646756620055462e-16
1221.6799999999894,1.0611408773896861e-16
1221.6899999999894,1.0576236584104854e-16
1221.6999999999894,1.0541238889312683e-16
1221.7099999999893,1.0506414537731061e-16
1221.7199999999893,1.0471762387053674e-16
1221.7299999999893,1.0437281304363586e-16
1221.7399999999893,1.0402970166040934e-16
1221.7499999999893,1.0368827857671473e-16
1221.7599999999893,1.0334853273956372e-16
1221.7699999999893,1.0301045318622766e-16
1221.7799999999893,1.026740290433571e-16
1221.7899999999893,1.0233924952610732e-16
1221.7999999999893,1.0200610393727678e-16
1221.8099999999893,1.0167458166645373e-16
1221.8199999999892,1.0134467218917301e-16
1221.8299999999892,1.0101636506608268e-16
1221.8399999999892,1.006896499421197e-16
1221.8499999999892,1.0036451654569486e-16
1221.8599999999892,1.0004095468788661e-16
1221.8699999999892,9.971895426164504e-17
1221.8799999999892,9.939850524100356e-17
1221.8899999999892,9.907959768030022e-17
1221.8999999999892,9.876222171340724e-17
1221.9099999999892,9.844636755296949e-17
1221.9199999999892,9.813202548965127e-17
1221.9299999999891,9.781918589139156e-17
1221.9399999999891,9.750783920266765e-17
1221.9499999999891,9.719797594376637e-17
1221.9599999999891,9.688958671006408e-17
1221.969999999989,9.658266217131467e-17
1221.979999999989,9.627719307094474e-17
1221.989999999989,9.597317022535729e-17
1221.999999999989,9.567058452324213e-17
1222.009999999989,9.536942692489507e-17
1222.019999999989,9.506968846154378e-17
1222.029999999989,9.477136023468129e-17
1222.039999999989,9.447443341540632e-17
1222.049999999989,9.417889924377181e-17
1222.059999999989,9.388474902814003e-17
1222.069999999989,9.359197414454373e-17
1222.079999999989,9.330056603605623e-17
1222.089999999989,9.301051621216659e-17
1222.099999999989,9.272181624816272e-17
1222.109999999989,9.243445778452052e-17
1222.119999999989,9.214843252629923e-17
1222.129999999989,9.18637322425447e-17
1222.139999999989,9.158034876569855e-17
1222.149999999989,9.129827399101148e-17
1222.159999999989,9.101749987596713e-17
1222.169999999989,9.073801843970834e-17
1222.179999999989,9.045982176247116e-17
1222.189999999989,9.018290198502549e-17
1222.199999999989,8.990725130811994e-17
1222.209999999989,8.963286199193447e-17
1222.2199999999889,8.935972635553755e-17
1222.2299999999889,8.908783677634927e-17
1222.2399999999889,8.881718568961119e-17
1222.2499999999889,8.854776558786044e-17
1222.2599999999888,8.827956902041015e-17
1222.2699999999888,8.801258859283505e-17
1222.2799999999888,8.774681696646284e-17
1222.2899999999888,8.748224685787105e-17
1222.2999999999888,8.721887103838789e-17
1222.3099999999888,8.695668233359988e-17
1222.3199999999888,8.669567362286422e-17
1222.3299999999888,8.643583783882618e-17
1222.3399999999888,8.6177167966941e-17
1222.3499999999888,8.59196570450013e-17
1222.3599999999888,8.566329816266985e-17
1222.3699999999887,8.540808446101621e-17
1222.3799999999887,8.515400913205911e-17
1222.3899999999887,8.49010654183125e-17
1222.3999999999887,8.464924661233796e-17
1222.4099999999887,8.439854605629974e-17
1222.4199999999887,8.414895714152602e-17
1222.4299999999887,8.390047330807362e-17
1222.4399999999887,8.365308804429854e-17
1222.4499999999887,8.340679488642884e-17
1222.4599999999887,8.316158741814365e-17
1222.4699999999887,8.291745927015616e-17
1222.4799999999886,8.267440411980026e-17
1222.4899999999886,8.243241569062226e-17
1222.4999999999886,8.219148775197556e-17
1222.5099999999886,8.195161411862112e-17
1222.5199999999886,8.171278865033021e-17
1222.5299999999886,8.147500525149304e-17
1222.5399999999886,8.123825787072928e-17
1222.5499999999886,8.100254050050507e-17
1222.5599999999886,8.076784717675061e-17
1222.5699999999886,8.053417197848531e-17
1222.5799999999886,8.030150902744401e-17
1222.5899999999885,8.006985248770774e-17
1222.5999999999885,7.983919656533878e-17
1222.6099999999885,7.960953550801863e-17
1222.6199999999885,7.938086360468992e-17
1222.6299999999885,7.91531751852023e-17
1222.6399999999885,7.892646461996032e-17
1222.6499999999885,7.870072631957776e-17
1222.6599999999885,7.847595473453174e-17
1222.6699999999885,7.8252144354824e-17
1222.6799999999885,7.802928970964188e-17
1222.6899999999885,7.78073853670257e-17
1222.6999999999884,7.75864259335383e-17
1222.7099999999884,7.736640605393696e-17
1222.7199999999884,7.714732041085e-17
1222.7299999999884,7.692916372445571e-17
1222.7399999999884,7.671193075216528e-17
1222.7499999999884,7.649561628830717e-17
1222.7599999999884,7.628021516381701e-17
1222.7699999999884,7.6065722245928e-17
1222.7799999999884,7.585213243786667e-17
1222.7899999999884,7.56394406785497e-17
1222.7999999999884,7.54276419422852e-17
1222.8099999999883,7.521673123847547e-17
1222.8199999999883,7.500670361132443e-17
1222.8299999999883,7.479755413954584e-17
1222.8399999999883,7.458927793607636e-17
1222.8499999999883,7.438187014778985e-17
1222.8599999999883,7.417532595521535e-17
1222.8699999999883,7.396964057225735e-17
1222.8799999999883,7.376480924591901e-17
1222.8899999999883,7.35608272560281e-17
1222.8999999999883,7.335768991496488e-17
1222.9099999999883,7.315539256739387e-17
1222.9199999999882,7.295393058999694e-17
1222.9299999999882,7.27532993912102e-17
1222.9399999999882,7.255349441096192e-17
1222.9499999999882,7.235451112041402e-17
1222.9599999999882,7.215634502170629e-17
1222.9699999999882,7.195899164770202e-17
1222.9799999999882,7.176244656173681e-17
1222.9899999999882,7.156670535736948e-17
