WAVELENGTH FLUX
5.0 1.9419999820571209e-16
5.001999855041504 1.942422969135156e-16
5.004000186920166 1.9432453851873807e-16
5.00600004196167 1.9436675781720278e-16
5.007999897003174 1.9444888030841704e-16
5.010000228881836 1.9457085305282166e-16
5.01200008392334 1.94573023574749e-16
5.013999938964844 1.9465496077750605e-16
5.015999794006348 1.9469696831773395e-16
5.01800012588501 1.947787996413726e-16
5.019999980926514 1.9482071453737188e-16
5.0229997634887695 1.9486362205010623e-16
5.025000095367432 1.9494526808528766e-16
5.0269999504089355 1.9506664525965124e-16
5.0289998054504395 1.9506860402334177e-16
5.031000137329102 1.9511032039599404e-16
5.0329999923706055 1.9527120371641316e-16
5.034999847412109 1.9574975086183224e-16
5.0370001792907715 2.764740950826454e-16
5.039000034332275 1.3963088260767701e-14
5.040999889373779 7.712755380617374e-16
5.043000221252441 1.38052743759912e-15
5.045000076293945 4.051536198938446e-16
5.046999931335449 4.168813204441724e-16
5.048999786376953 1.2141017688478846e-15
5.051000118255615 2.0807761395995913e-16
5.052999973297119 1.986146809872423e-16
5.054999828338623 1.9624134760859495e-16
5.057000160217285 1.9640102655404219e-16
5.059000015258789 2.894247788599104e-16
5.060999870300293 3.8229598582593407e-16
5.063000202178955 1.3806044117182018e-15
5.065000057220459 3.7662388263420485e-16
5.066999912261963 2.6745609528223144e-15
5.068999767303467 2.8463208115588837e-16
5.071000099182129 2.18891736537114e-16
5.072999954223633 2.2156514457221597e-16
5.074999809265137 2.0295565866747158e-16
5.077000141143799 2.1307858912477713e-16
5.079999923706055 2.029527602266052e-16
5.081999778747559 1.9972451914127204e-16
5.084000110626221 4.626278493897031e-16
5.085999965667725 3.4777820208523925e-16
5.0879998207092285 2.994496784884611e-16
5.090000152587891 1.9430255536677886e-16
5.0920000076293945 3.425373180730013e-16
5.093999862670898 1.9403219303792713e-16
5.0960001945495605 1.9540815835607234e-16
5.0980000495910645 8.207139924567739e-16
5.099999904632568 2.2168627028367334e-16
5.1020002365112305 7.604860853191713e-15
5.104000091552734 1.9431818577163366e-16
5.105999946594238 1.9479044634439734e-16
5.109000205993652 1.9412801364008527e-16
5.111000061035156 1.9416943884516193e-16
5.11299991607666 1.942499466798205e-16
5.114999771118164 1.9429130571044814e-16
5.117000102996826 1.943326118015166e-16
5.11899995803833 1.9437390465769524e-16
5.120999813079834 2.020699136675498e-16
5.123000144958496 1.9449541418095683e-16
5.125 1.9457560437826017e-16
5.126999855041504 2.003120688390909e-16
5.129000186920166 2.014037884289833e-16
5.131999969482422 2.2938425129210823e-16
5.133999824523926 2.8823530637394896e-16
5.136000156402588 1.9528815761024805e-16
5.138000011444092 1.9486180887020351e-16
5.139999866485596 1.9525291309870839e-16
5.142000198364258 1.9486580580692337e-16
5.144000053405762 1.9498444335909818e-16
5.145999908447266 3.0194326407583893e-16
5.1479997634887695 1.9502719205315492e-16
5.151000022888184 1.950300904940213e-16
5.1529998779296875 1.951096454166142e-16
5.15500020980835 1.9511153800585572e-16
5.1570000648498535 1.9515222205710353e-16
5.158999919891357 1.9519286640368194e-16
5.160999774932861 1.9527223603781762e-16
5.163000106811523 3.877590571681487e-16
5.164999961853027 1.9535333944251722e-16
5.168000221252441 1.9551083463114732e-16
5.170000076293945 1.953965248879374e-16
5.171999931335449 1.9543697071116879e-16
5.173999786376953 1.9547739006462058e-16
5.176000118255615 1.956336941131686e-16
5.177999973297119 1.9559675553573443e-16
5.179999828338623 1.9563706901006781e-16
5.183000087738037 1.9567817657778925e-16
5.184999942779541 1.957569903465533e-16
5.186999797821045 4.866011052584863e-16
5.189000129699707 1.960300658278142e-16
5.190999984741211 1.9599306107593103e-16
5.192999839782715 1.9587906897007633e-16
5.195000171661377 1.9588065715685243e-16
5.197999954223633 1.9588302620212678e-16
5.199999809265137 1.9592307497866415e-16
5.202000141143799 1.9596309728542191e-16
5.203999996185303 1.9600307988751028e-16
5.205999851226807 1.9604302278492924e-16
5.208000183105469 2.071428601631048e-16
5.210999965667725 1.9620034591999192e-16
5.2129998207092285 2.149625889228177e-16
5.215000152587891 1.9693193092351342e-16
5.2170000076293945 3.3950545892951108e-15
5.218999862670898 1.9632114075920427e-16
5.2210001945495605 1.9632254365752316e-16
5.223999977111816 6.66156208208637e-16
5.22599983215332 1.9728281432191352e-16
5.228000164031982 1.9632746703652907e-16
5.230000019073486 1.9636711876637241e-16
5.23199987411499 1.964449531532912e-16
5.235000133514404 1.9644699132632053e-16
5.236999988555908 1.9648653717704547e-16
5.238999843597412 1.9656422598017645e-16
5.241000175476074 1.9660370565645238e-16
5.243000030517578 1.966431456280589e-16
5.244999885559082 1.9672068884740208e-16
5.248000144958496 1.96722554966864e-16
5.25 1.9676190229424192e-16
5.251999855041504 1.9680122315184024e-16
5.254000186920166 1.968785678478364e-16
5.25600004196167 1.9691780929609592e-16
5.258999824523926 1.9691956953643943e-16
5.261000156402588 1.9695875804513974e-16
5.263000011444092 1.970359174526787e-16
5.264999866485596 1.970750265520402e-16
5.26800012588501 1.970766941481551e-16
5.269999980926514 1.971157503079574e-16
5.271999835968018 1.9719271119214934e-16
5.27400016784668 1.9723170117750264e-16
5.276000022888184 1.9727066469307634e-16
5.2789998054504395 1.9727221317518304e-16
5.281000137329102 1.9731111051630773e-16
5.2829999923706055 1.974635632119237e-16
5.284999847412109 9.797540103639846e-16
5.288000106811523 2.04765503377958e-16
5.289999961853027 1.975803346446366e-16
5.291999816894531 1.975056633963802e-16
5.294000148773193 1.9754438868393748e-16
5.296999931335449 1.9754577834736657e-16
5.298999786376953 1.9762219660107667e-16
5.301000118255615 1.9766081600951555e-16
5.302999973297119 1.976617027471322e-16
5.304999828338623 2.246182880654839e-16
5.308000087738037 2.0772418946271728e-16
5.309999942779541 1.9777777273068565e-16
5.311999797821045 1.9781625979022651e-16
5.314000129699707 1.978923604065814e-16
5.316999912261963 1.9789355154666347e-16
5.318999767303467 2.1379958621645795e-16
5.321000099182129 1.9845893280406591e-16
5.323999881744385 2.022539448102306e-16
5.326000213623047 2.5174615932763817e-16
5.328000068664551 2.023648664216515e-16
5.329999923706055 1.9819888045436904e-16
5.333000183105469 1.981998863059939e-16
5.335000038146973 2.2155576103534717e-16
5.336999893188477 1.9872588053134903e-16
5.339000225067139 1.997377805008525e-16
5.3420000076293945 1.985398773900879e-16
5.343999862670898 1.9861526332239353e-16
5.3460001945495605 1.9872802458349676e-16
5.348999977111816 2.0583287077061683e-16
5.35099983215332 2.1637076796273818e-16
5.353000164031982 1.9899121360207644e-16
5.355000019073486 1.9906629513191665e-16
5.357999801635742 1.9914146930598547e-16
5.360000133514404 1.9925372764127626e-16
5.361999988555908 1.9932861064776946e-16
5.364999771118164 1.9940354659382187e-16
5.367000102996826 1.9947829725141706e-16
5.36899995803833 1.9959023794935264e-16
5.370999813079834 1.9966486949293962e-16
5.374000072479248 1.9970227129151682e-16
5.375999927520752 1.9981398699632578e-16
5.377999782562256 1.9988843325145555e-16
5.38100004196167 3.5413491965658676e-16
5.382999897003174 1.9966561064676847e-16
5.385000228881836 1.9974001719722884e-16
5.388000011444092 2.775798171859471e-16
5.389999866485596 1.9988868471436177e-16
5.392000198364258 1.9996290597636493e-16
5.394999980926514 2.053753538650913e-16
5.396999835968018 2.0574393231115513e-16
5.39900016784668 2.0114835505582692e-16
5.4019999504089355 2.002961869713299e-16
5.4039998054504395 1.7253886435024727e-15
5.406000137329102 2.0055494230182628e-16
5.408999919891357 2.147162082142851e-16
5.410999774932861 2.0055442614112405e-16
5.413000106811523 2.0062811800753517e-16
5.415999889373779 2.0066469924294472e-16
5.418000221252441 2.0073828523023743e-16
5.420000076293945 2.0081180504308115e-16
5.422999858856201 2.0084824069470288e-16
5.425000190734863 2.0103225860249388e-16
5.427000045776367 2.0180578497179427e-16
5.429999828338623 2.0349908324269442e-16
5.432000160217285 2.241163416348969e-16
5.434000015258789 2.048215001967054e-16
5.436999797821045 2.0217031354157904e-16
5.439000129699707 2.0132377028524737e-16
5.440999984741211 2.0139680040716845e-16
5.443999767303467 2.0143277283764716e-16
5.446000099182129 2.0157913748395474e-16
5.448999881744385 2.0814828827149566e-16
5.451000213623047 2.1504310999236607e-16
5.453000068664551 2.6524849978158216e-16
5.455999851226807 2.0560849968382305e-16
5.458000183105469 2.0296812593366398e-16
5.460000038146973 2.0194138965269376e-16
5.4629998207092285 2.0190370992143075e-16
5.465000152587891 2.112717354993857e-16
5.4679999351501465 2.0314557933611376e-16
5.46999979019165 2.020841014694163e-16
5.4720001220703125 2.0215643014217795e-16
5.474999904632568 2.0219178053283601e-16
5.4770002365112305 2.0226401656136904e-16
5.480000019073486 2.022992743077985e-16
5.48199987411499 2.0237139122232333e-16
5.484000205993652 2.0247994378846989e-16
5.486999988555908 2.025879404892448e-16
5.488999843597412 2.0262342322880088e-16
5.492000102996826 2.0269482545927646e-16
5.49399995803833 2.1871131851934882e-16
5.495999813079834 2.0280204130155313e-16
5.499000072479248 2.028732450086817e-16
5.500999927520752 2.029449251718431e-16
5.504000186920166 2.0305232630257698e-16
5.50600004196167 2.1017072501685311e-16
5.508999824523926 2.0312216681605606e-16
5.511000156402588 2.0319360875120104e-16
5.513000011444092 2.0326501098167661e-16
5.515999794006348 2.0333575146766215e-16
5.51800012588501 2.0340703458412952e-16
5.520999908447266 2.0344140559294232e-16
5.5229997634887695 2.0351258283029128e-16
5.526000022888184 2.0354687442976528e-16
5.5279998779296875 2.0365412997671136e-16
5.53000020980835 2.0383363478708027e-16
5.5329999923706055 2.0390384587747377e-16
5.534999847412109 2.299187026120461e-16
5.538000106811523 2.0469482906642147e-16
5.539999961853027 2.12851981341607e-16
5.543000221252441 2.430091997651673e-16
5.545000076293945 2.0407574062620719e-16
5.547999858856201 2.0410959547431776e-16
5.550000190734863 2.0418017714162568e-16
5.552000045776367 2.042507191042642e-16
5.554999828338623 2.049324879825753e-16
5.557000160217285 2.079539339147702e-16
5.559999942779541 2.161870544574126e-16
5.561999797821045 2.9910104502132713e-16
5.565000057220459 2.2716981600040987e-16
5.566999912261963 2.0955630849273853e-16
5.570000171661377 2.059246017918265e-16
5.572000026702881 2.0466618876489244e-16
5.574999809265137 2.0469955392208038e-16
5.577000141143799 2.0476959295890647e-16
5.579999923706055 2.048028654718658e-16
5.581999778747559 2.0487281186446328e-16
5.585000038146973 2.04905991733194e-16
5.586999893188477 2.049758322466731e-16
5.590000152587891 2.050089459409548e-16
5.5920000076293945 2.0507868057531548e-16
5.59499979019165 2.050759541880165e-16
5.5970001220703125 2.0514560941303837e-16
5.599999904632568 2.0517857752353229e-16
5.6020002365112305 2.0524812686943574e-16
5.605000019073486 2.524174858778964e-16
5.60699987411499 2.0531479100936262e-16
5.610000133514404 2.0534758706628912e-16
5.611999988555908 2.0541696435862517e-16
5.614999771118164 2.0544969424110267e-16
5.617000102996826 2.055189656543203e-16
5.619999885559082 2.0551601427389472e-16
5.622000217437744 2.056919191942378e-16
5.625 2.0561777734157344e-16
5.626999855041504 2.056513277872186e-16
5.630000114440918 2.0568383267656948e-16
5.631999969482422 2.057528393919911e-16
5.635000228881836 2.057497821324471e-16
5.63700008392334 2.0581869620364012e-16
5.639999866485596 2.05851068744093e-16
5.64300012588501 2.058479585449898e-16
5.644999980926514 2.059167402672848e-16
5.6479997634887695 2.05913603598402e-16
5.650000095367432 2.059823059113582e-16
5.6529998779296875 2.0601450639824367e-16
5.65500020980835 2.060477392065336e-16
5.6579999923706055 2.0607988675385987e-16
5.659999847412109 2.061130798574804e-16
5.663000106811523 2.0614514799546785e-16
5.665999889373779 2.0614190544746664e-16
5.668000221252441 2.0621030335795743e-16
5.671000003814697 2.0620702110528682e-16
5.672999858856201 2.062753396064388e-16
5.676000118255615 2.0630726216063844e-16
5.677999973297119 2.0634025674091196e-16
5.681000232696533 4.122513589451416e-15
5.684000015258789 2.0672061423889854e-16
5.685999870300293 2.064016930993675e-16
5.689000129699707 2.5319037697248636e-16
5.690999984741211 2.065014974033557e-16
5.693999767303467 2.0649806956689727e-16
5.696000099182129 2.0653090532849318e-16
5.698999881744385 2.06562549950007e-16
5.702000141143799 2.0655909564376899e-16
5.703999996185303 2.0659186523091589e-16
5.706999778747559 2.066234436779807e-16
5.709000110626221 2.066561603255684e-16
5.711999893188477 2.0665266631466098e-16
5.715000152587891 2.06684165352387e-16
5.7170000076293945 2.067168158255257e-16
5.71999979019165 2.0671328210994887e-16
5.7220001220703125 2.0674589287841816e-16
5.724999904632568 2.0677728603702577e-16
5.728000164031982 2.0677373908655915e-16
5.730000019073486 2.0680628368057943e-16
5.732999801635742 2.06802723495223e-16
5.736000061035156 2.068340372444918e-16
5.73799991607666 2.72743126708227e-16
5.741000175476074 2.397491817094223e-16
5.743000030517578 2.0710430692911494e-16
5.745999813079834 2.0706578016490467e-16
5.749000072479248 2.069229492341739e-16
5.750999927520752 2.0695530853973699e-16
5.754000186920166 2.0695168217993155e-16
5.756999969482422 2.0788605216498165e-16
5.758999824523926 7.24431333825904e-16
5.76200008392334 2.0794862672396006e-16
5.764999866485596 2.0700781134757695e-16
5.767000198364258 2.0704005153913182e-16
5.769999980926514 2.072097095914889e-16
5.7729997634887695 2.0724059982428407e-16
5.775000095367432 2.0716882701689407e-16
5.7779998779296875 2.0723433972140827e-16
5.781000137329102 2.07161389008826e-16
5.7829999923706055 2.0719349685148286e-16
5.785999774932861 2.0718976461255902e-16
5.789000034332275 2.0715148931125496e-16
5.790999889373779 2.3902608027026313e-16
5.794000148773193 2.913013538847727e-16
5.796999931335449 2.388476739557477e-16
5.798999786376953 2.078289303806012e-16
5.802000045776367 2.073767603705552e-16
5.804999828338623 2.083376398398764e-16
5.807000160217285 2.4997416640198218e-16
5.809999942779541 2.1462994320256318e-16
5.813000202178955 2.072940026046305e-16
5.815000057220459 4.715391124508511e-16
5.817999839782715 2.3172912965768375e-16
5.821000099182129 2.09276761150365e-16
5.823999881744385 2.0728022508434781e-16
5.826000213623047 2.0727772369017545e-16
5.828999996185303 2.0734260111997921e-16
5.831999778747559 2.0740741237533397e-16
5.834000110626221 4.50805598786638e-16
5.836999893188477 2.0736679449853516e-16
5.840000152587891 2.0729451876533273e-16
5.8429999351501465 2.072907732915191e-16
5.84499979019165 2.0728828513223653e-16
5.8480000495910645 2.072845396584229e-16
5.85099983215332 2.1398052039492535e-16
5.854000091552734 2.184147643435812e-16
5.855999946594238 2.0853825429947766e-16
5.859000205993652 2.0809012093082093e-16
5.861999988555908 2.0866598422094565e-16
5.863999843597412 2.0743519240902595e-16
5.867000102996826 2.0763592598263542e-16
5.869999885559082 2.0817716680104111e-16
5.873000144958496 2.0759407726108513e-16
5.875 2.0857872659248866e-16
5.877999782562256 2.0768968610500646e-16
5.88100004196167 2.0935214708267064e-16
5.883999824523926 2.1074098994859207e-16
5.88700008392334 2.0760998559862575e-16
5.888999938964844 2.0764136552234357e-16
5.892000198364258 2.076714219570813e-16
5.894999980926514 2.0770143868714962e-16
5.8979997634887695 2.0796879669601656e-16
5.900000095367432 2.0813559601217665e-16
5.9029998779296875 2.077587722297669e-16
5.906000137329102 2.079241421778285e-16
5.908999919891357 2.0781858069677693e-16
5.9120001792907715 2.0781461022983667e-16
5.914000034332275 2.079134219170898e-16
5.916999816894531 2.0787560983692878e-16
5.920000076293945 2.0837837683068341e-16
5.922999858856201 2.079351668410326e-16
5.926000118255615 2.0793115666942294e-16
5.927999973297119 2.0829958953169896e-16
5.931000232696533 2.0799190481360884e-16
5.934000015258789 2.0798786817221958e-16
5.936999797821045 2.0805121035480644e-16
5.940000057220459 2.0801346444909442e-16
5.941999912261963 2.079771082068115e-16
5.945000171661377 2.0797308480031203e-16
5.947999954223633 2.0793544477371842e-16
5.951000213623047 2.0793143460210876e-16
5.953999996185303 2.0796104105059326e-16
5.956999778747559 2.079570308789836e-16
5.959000110626221 2.0798792111177878e-16
5.961999893188477 2.0798389770527933e-16
5.965000152587891 2.0797988753366967e-16
5.9679999351501465 2.080428988440115e-16
5.9710001945495605 2.0810584397990434e-16
5.973999977111816 2.0813525190504183e-16
5.97599983215332 2.082329253917721e-16
5.979000091552734 2.0829569847409751e-16
5.98199987411499 2.0835840538197393e-16
5.985000133514404 2.08387641253544e-16
5.98799991607666 2.0848363390926956e-16
5.991000175476074 2.0851276390172123e-16
5.99399995803833 2.085418806592831e-16
5.995999813079834 2.0863909092487033e-16
5.999000072479248 2.086681150382036e-16
6.001999855041504 2.0879706256953325e-16
6.005000114440918 2.088259808037481e-16
6.007999897003174 2.1248334995598397e-16
6.011000156402588 2.089835289319374e-16
6.013999938964844 2.0891253698304566e-16
6.017000198364258 2.0900781495472196e-16
6.019999980926514 2.1398671432335214e-16
6.021999835968018 2.091331758309156e-16
6.025000095367432 2.0916182936733444e-16
6.0279998779296875 2.0919044319908387e-16
6.031000137329102 2.0925219719489463e-16
6.033999919891357 2.0931388501625639e-16
6.0370001792907715 2.098724503054114e-16
6.039999961853027 2.1930463862912086e-16
6.043000221252441 2.0953169159770895e-16
6.046000003814697 2.0949387951754792e-16
6.048999786376953 2.096214241505587e-16
6.052000045776367 3.876404460857535e-16
6.053999900817871 2.986124922992186e-16
6.057000160217285 2.0974078962167255e-16
6.059999942779541 2.0980197451722188e-16
6.063000202178955 2.0979713054755477e-16
6.065999984741211 2.239366912407402e-16
6.068999767303467 2.0998517186184522e-16
6.072000026702881 2.1001317688866382e-16
6.074999809265137 2.100411554457028e-16
6.078000068664551 2.100691075329622e-16
6.080999851226807 2.101299086167073e-16
6.084000110626221 2.10190669995783e-16
6.086999893188477 2.1025135196551988e-16
6.090000152587891 2.1031198099569757e-16
6.0929999351501465 2.1037255708631605e-16
6.0960001945495605 2.1043306700248553e-16
6.098999977111816 2.104935239790958e-16
6.1020002365112305 2.1055391478125708e-16
6.105000019073486 2.1061425264385915e-16
6.107999801635742 2.107727536841141e-16
6.111000061035156 2.3351332515173613e-16
6.113999843597412 2.1089303236262422e-16
6.117000102996826 2.1092038887984257e-16
6.119999885559082 2.1088235180655493e-16
6.123000144958496 2.1094234556202218e-16
6.125999927520752 2.1100228637793022e-16
6.129000186920166 2.1102953701603017e-16
6.131999969482422 2.110893719528198e-16
6.135000228881836 2.1114914071516044e-16
6.138000011444092 2.1117628547414198e-16
6.140999794006348 2.11235961592254e-16
6.144000053405762 2.1129557153591702e-16
6.146999835968018 2.1132259718089036e-16
6.150000095367432 2.1138211448032477e-16
6.1529998779296875 2.1144157884019998e-16
6.156000137329102 2.114684853711651e-16
6.158999919891357 2.115603222714932e-16
6.1620001792907715 2.1217137713359837e-16
6.164999961853027 2.2225466909595037e-16
6.168000221252441 2.2879376344875357e-16
6.171000003814697 3.67525531170832e-16
6.173999786376953 2.545513471604872e-16
6.177000045776367 6.682855960984751e-16
6.179999828338623 1.0938511483041518e-14
6.183000087738037 5.036390141738289e-16
6.185999870300293 5.518913471570016e-15
6.189000129699707 5.532396224387055e-16
6.191999912261963 4.1763565622326157e-16
6.195000171661377 2.3396286141871175e-16
6.197999954223633 4.0109712616988454e-16
6.201000213623047 3.267214924120894e-16
6.203999996185303 2.480012943189289e-16
6.206999778747559 2.128564547343597e-16
6.210999965667725 2.1603607083456452e-16
6.214000225067139 2.1242355472386374e-16
6.2170000076293945 2.1978445632396082e-16
6.21999979019165 2.1302251289669093e-16
6.2230000495910645 2.1516952965974377e-16
6.22599983215332 2.225184669194609e-16
6.229000091552734 3.6924064054012393e-16
6.23199987411499 2.183568617007025e-16
6.235000133514404 2.1260624914267465e-16
6.23799991607666 2.1266431060423097e-16
6.242000102996826 2.129766142988616e-16
6.244999885559082 3.191032780844842e-16
6.248000144958496 2.7724071283946974e-16
6.250999927520752 2.492401329438475e-16
6.254000186920166 2.578189885127575e-16
6.256999969482422 2.1304139908443674e-16
6.260000228881836 2.1277954678972696e-16
6.263000011444092 2.1270956069246007e-16
6.265999794006348 6.996488967946969e-16
6.269999980926514 2.1285486654758359e-16
6.2729997634887695 2.127849466247657e-16
6.276000022888184 2.1277884534056751e-16
6.2789998054504395 2.128364435809808e-16
6.2820000648498535 2.1286214573697405e-16
6.284999847412109 2.1323787102353034e-16
6.289000034332275 2.1303863299246837e-16
6.291999816894531 2.1293706844813666e-16
6.295000076293945 2.1302620543094537e-16
6.297999858856201 2.1302001150251857e-16
6.301000118255615 2.1301380433920197e-16
6.303999900817871 2.1342004928163902e-16
6.308000087738037 2.132530117374625e-16
6.310999870300293 2.1308826382922155e-16
6.314000129699707 2.824516860007578e-16
6.316999912261963 2.1016304878076862e-16
6.320000171661377 2.090506298232277e-16
6.322999954223633 2.088881847858121e-16
6.327000141143799 2.0888257319253654e-16
6.329999923706055 2.089099561795345e-16
6.333000183105469 2.0893731269675285e-16
6.335999965667725 2.0915403401724174e-16
6.339000225067139 2.0914970620827686e-16
6.3429999351501465 2.3023806050294056e-16
6.3460001945495605 2.0904507116951135e-16
6.348999977111816 2.0904079630010568e-16
6.3520002365112305 2.0909949303637244e-16
6.355999946594238 2.0953429887099972e-16
6.359000205993652 2.0993866445908504e-16
6.361999988555908 2.0952531238082494e-16
6.364999771118164 2.1128044405687466e-16
6.368000030517578 2.0929648113616827e-16
6.372000217437744 2.095417501139576e-16
6.375 2.0944313695005147e-16
6.377999782562256 2.0925054283366953e-16
6.38100004196167 2.519354447215699e-16
6.385000228881836 2.100861408361359e-16
6.388000011444092 2.1048841531163268e-16
6.390999794006348 2.0932561112861994e-16
6.394000053405762 2.685017151039695e-16
6.3979997634887695 2.0925288540916428e-16
6.401000022888184 2.092485576001994e-16
6.4039998054504395 2.0924421655634472e-16
6.4079999923706055 2.0923844614439155e-16
6.410999774932861 2.0923413157031647e-16
6.414000034332275 2.09292179796983e-16
6.416999816894531 3.0830606969649483e-16
6.421000003814697 2.0925090017569415e-16
6.423999786376953 2.0927771406243067e-16
6.427000045776367 2.09273373018576e-16
6.431000232696533 2.0926761584151262e-16
6.434000015258789 2.0926328803254774e-16
6.436999797821045 2.0932111126608765e-16
6.440999984741211 2.0940847477366305e-16
6.443999767303467 2.0924891494222402e-16
6.447000026702881 3.604777405936434e-16
6.449999809265137 2.0948837380339077e-16
6.453999996185303 2.092655776684833e-16
6.456999778747559 2.0926126309440821e-16
6.460000038146973 2.0928793139735692e-16
6.464000225067139 2.0925123104793917e-16
6.4670000076293945 2.092469429436437e-16
6.46999979019165 2.09273571541923e-16
6.473999977111816 2.0923695060184405e-16
6.4770002365112305 2.0923267573243838e-16
6.480999946594238 2.0922697149493421e-16
6.484000205993652 2.0946946114586536e-16
6.486999988555908 2.1051333660912768e-16
6.491000175476074 2.092127572232881e-16
6.49399995803833 2.0920849558877223e-16
6.497000217437744 4.562105689626269e-16
6.500999927520752 2.091985826563114e-16
6.504000186920166 2.092250921405825e-16
6.506999969482422 2.0937451404643407e-16
6.511000156402588 2.0961450230319286e-16
6.513999938964844 2.1234264984251115e-16
6.51800012588501 2.093280198785637e-16
6.520999908447266 2.0920104434581435e-16
6.52400016784668 2.0913550517152055e-16
6.5279998779296875 2.091299068131348e-16
6.531000137329102 2.095544291383868e-16
6.534999847412109 2.0912012622957196e-16
6.538000106811523 2.091159440043949e-16
6.540999889373779 2.091423343746578e-16
6.545000076293945 2.090756305300615e-16
6.547999858856201 2.0904092864900369e-16
6.552000045776367 2.0900489004407598e-16
6.554999828338623 2.0903128041433887e-16
6.559000015258789 2.0899526827919076e-16
6.561999797821045 2.0947881821295456e-16
6.565000057220459 2.0904798284526754e-16
6.568999767303467 2.085857807887525e-16
6.572000026702881 2.0839927472167895e-16
6.576000213623047 2.4370437558684664e-16
6.578999996185303 6.712266533100196e-16
6.583000183105469 2.0865866532688578e-16
6.585999965667725 2.088976609669095e-16
6.590000152587891 2.0843702062739097e-16
6.5929999351501465 2.0831184503965455e-16
6.5970001220703125 2.0830680254664043e-16
6.599999904632568 2.083939410610892e-16
6.604000091552734 2.0835856420065154e-16
6.60699987411499 2.083547790221685e-16
6.610000133514404 2.083812355668804e-16
6.613999843597412 2.0837616660408667e-16
6.617000102996826 2.0849326890904458e-16
6.620999813079834 2.0842772973475078e-16
6.624000072479248 2.0845410687012387e-16
6.627999782562256 2.0847917375140668e-16
6.631999969482422 2.0871532389012321e-16
6.635000228881836 3.8522984325742695e-16
6.638999938964844 2.0879650670416162e-16
6.642000198364258 2.1029809759629648e-16
6.645999908447266 2.7153173724475536e-16
6.64900016784668 1.816814521092905e-14
6.6529998779296875 9.415301663114766e-16
6.656000137329102 8.197115289636985e-16
6.659999847412109 3.8318317342884414e-16
6.663000106811523 8.644754732206345e-16
6.666999816894531 2.095995204079383e-16
6.670000076293945 2.0884558167554316e-16
6.673999786376953 2.0946958025987357e-16
6.677000045776367 2.706305206586564e-16
6.681000232696533 3.1133063906268273e-16
6.684999942779541 9.46596905643715e-16
6.688000202178955 3.062200922452035e-15
6.691999912261963 2.710101502377039e-16
6.695000171661377 2.2646751980801765e-16
6.698999881744385 2.139125195311286e-16
6.702000141143799 2.1175768094820345e-16
6.705999851226807 2.1789442141617105e-16
6.710000038146973 2.094187715179281e-16
6.7129998207092285 2.1102338279227278e-16
6.7170000076293945 3.6653267620775194e-16
6.71999979019165 3.8392856242242793e-16
6.723999977111816 2.1582391555105692e-16
6.728000164031982 2.6492270973424447e-16
6.730999946594238 2.0938939006257023e-16
6.735000133514404 2.1633258530566273e-16
6.738999843597412 9.974773489281573e-15
6.742000102996826 6.514387460522975e-16
6.745999813079834 2.098725164798604e-16
6.749000072479248 2.0945324840585932e-16
6.752999782562256 2.2840219599910567e-16
6.756999969482422 2.1580583669158896e-16
6.760000228881836 2.1106508593003525e-16
6.763999938964844 2.0969839826964044e-16
6.76800012588501 2.0978132808913255e-16
6.770999908447266 2.0992467518056554e-16
6.775000095367432 2.4439851908712154e-16
6.7789998054504395 2.1097507544449968e-16
6.7820000648498535 2.1262164131951303e-16
6.785999774932861 2.449749514775077e-16
6.789999961853027 2.6739321367380965e-16
6.793000221252441 2.1251287699512966e-16
6.796999931335449 2.1200529250148752e-16
6.801000118255615 2.1138068511222628e-16
6.803999900817871 2.1816578959664765e-16
6.808000087738037 2.772914289371866e-16
6.811999797821045 2.1291838078373786e-16
6.815999984741211 2.2235914531603827e-16
6.818999767303467 2.1105734351950175e-16
6.822999954223633 2.1163711110211772e-16
6.827000141143799 2.1262633970539234e-16
6.829999923706055 2.1165446204264663e-16
6.834000110626221 2.1141352087382219e-16
6.8379998207092285 2.113483522764428e-16
6.8420000076293945 2.1128324985351244e-16
6.84499979019165 2.1180424129052283e-16
6.848999977111816 2.1156373687306182e-16
6.853000164031982 2.1500073187522375e-16
6.85699987411499 2.2070876779276227e-16
6.860000133514404 2.1209912787017554e-16
6.863999843597412 2.116258746806768e-16
6.868000030517578 2.120267859625241e-16
6.872000217437744 2.1778230866466807e-16
6.875 3.2029089768587354e-16
6.879000186920166 2.2215437510103955e-16
6.882999897003174 2.118553014953745e-16
6.88700008392334 2.119645687455703e-16
6.890999794006348 2.1297343792530939e-16
6.894000053405762 2.1177835384607237e-16
6.8979997634887695 2.1182951993004245e-16
6.9019999504089355 2.1695160757142801e-16
6.906000137329102 2.2574571538805897e-16
6.909999847412109 2.1519536416463503e-16
6.913000106811523 2.120063645275614e-16
6.916999816894531 2.1243313678407955e-16
6.921000003814697 2.121080746556809e-16
6.925000190734863 2.1210108663386606e-16
6.928999900817871 2.1249819950234052e-16
6.933000087738037 2.124621344276332e-16
6.935999870300293 2.128892772610658e-16
6.940000057220459 2.141498608099272e-16
6.943999767303467 2.1261520916306982e-16
6.947999954223633 2.129533738323713e-16
6.952000141143799 2.1251438577256696e-16
6.955999851226807 2.125071859925153e-16
6.959000110626221 2.130765906564172e-16
6.9629998207092285 2.126382246364335e-16
6.9670000076293945 2.1527199417658194e-16
6.9710001945495605 2.454741185812365e-16
6.974999904632568 2.1330465427746542e-16
6.979000091552734 2.1395615496280199e-16
6.982999801635742 2.1303164497065352e-16
6.986999988555908 2.1333905175605783e-16
6.991000175476074 2.1553425675287555e-16
6.99399995803833 2.1847297138892534e-16
6.998000144958496 2.237210684161048e-16
7.001999855041504 2.1296772045291542e-16
7.00600004196167 2.1318869017303039e-16
7.010000228881836 2.131811727556235e-16
7.013999938964844 2.1374394673973518e-16
7.01800012588501 2.1350812747326366e-16
7.021999835968018 2.1327257290458816e-16
7.026000022888184 2.1309421952963193e-16
7.03000020980835 2.131436650779279e-16
7.033999919891357 2.7637189526360324e-16
7.038000106811523 2.129298157285258e-16
7.041999816894531 2.1272365585009797e-16
7.046000003814697 2.2069259475742564e-16
7.050000190734863 2.12652478612749e-16
7.053999900817871 2.1253189553177348e-16
7.058000087738037 2.1408331578400854e-16
7.061999797821045 2.4069669394004463e-16
7.065000057220459 2.4670911908811286e-16
7.068999767303467 2.2769839102927615e-16
7.072999954223633 2.2607097603980462e-16
7.077000141143799 2.1268899367370955e-16
7.080999851226807 2.286117837139919e-16
7.085000038146973 2.1544106989378778e-16
7.089000225067139 4.1134151321089248e-16
7.093999862670898 2.341133421157474e-16
7.0980000495910645 2.1270780045211656e-16
7.1020002365112305 2.1348916187617905e-16
7.105999946594238 2.726428380072721e-15
7.110000133514404 2.127988697288362e-16
7.113999843597412 2.309811730954786e-16
7.118000030517578 2.1949985325368337e-16
7.122000217437744 2.1541702209901964e-16
7.125999927520752 2.1344372649949274e-16
7.130000114440918 2.379242756943425e-16
7.133999824523926 2.1283992435699843e-16
7.138000011444092 2.1283272457694677e-16
7.142000198364258 2.1330159701792142e-16
7.145999908447266 2.18835713248587e-16
7.150000095367432 2.711328641359374e-16
7.1539998054504395 2.1478893393374077e-16
7.1579999923706055 2.2489521489967685e-16
7.1620001792907715 2.1468863993882994e-16
7.166999816894531 2.4071437575281856e-16
7.171000003814697 1.2628642909510122e-15
7.175000190734863 6.43344922724809e-16
7.178999900817871 2.2075498402794683e-16
7.183000087738037 3.132395866279979e-16
7.186999797821045 2.2454430503149716e-16
7.190999984741211 2.1760534495314092e-16
7.195000171661377 2.2612926249448756e-16
7.199999809265137 2.161666727271193e-16
7.203999996185303 2.131593616572317e-16
7.208000183105469 2.143729216426307e-16
7.211999893188477 2.241819072789703e-16
7.216000080108643 2.2788248834640595e-16
7.21999979019165 2.135180007010551e-16
7.223999977111816 2.1453489022401349e-16
7.229000091552734 2.1601881253826422e-16
7.232999801635742 2.2021290941148368e-16
7.236999988555908 3.3439269923845715e-16
7.241000175476074 2.126225677617991e-16
7.244999885559082 2.1289164630634014e-16
7.25 2.304275841248887e-16
7.254000186920166 3.0576235034655136e-16
7.257999897003174 2.1446679671598812e-16
7.26200008392334 2.1429357847827462e-16
7.265999794006348 2.749518180577518e-16
7.270999908447266 2.1683400234065767e-16
7.275000095367432 2.3854295385297296e-16
7.2789998054504395 2.2810824909662883e-16
7.2829999923706055 2.608265907502207e-16
7.288000106811523 2.1270581521864643e-16
7.291999816894531 2.1760833603823591e-16
7.296000003814697 2.14446269401907e-16
7.300000190734863 2.1799999613211242e-16
7.304999828338623 2.1218343411820694e-16
7.309000015258789 4.044329007348496e-16
7.313000202178955 2.1733897956100905e-16
7.316999912261963 2.168374963515651e-16
7.322000026702881 2.1218246797125148e-16
7.326000213623047 2.129129147742501e-16
7.329999923706055 3.064119981473158e-16
7.334000110626221 2.30051819133663e-16
7.339000225067139 2.1357133730695252e-16
7.3429999351501465 2.134277519875031e-16
7.3470001220703125 2.234653703451524e-16
7.3520002365112305 2.1205113815975766e-16
7.355999946594238 2.1171832038593573e-16
7.360000133514404 2.127989094335056e-16
7.364999771118164 2.1944331380445415e-16
7.36899995803833 2.8063509149647294e-16
7.373000144958496 2.2042587202326914e-16
7.377999782562256 2.2729737386831044e-16
7.381999969482422 2.1194798542864985e-16
7.386000156402588 2.256431185223228e-16
7.390999794006348 2.1436883206168224e-16
7.394999980926514 2.119269816585359e-16
7.39900016784668 2.1516420923404383e-16
7.4039998054504395 2.1247973683106834e-16
7.4079999923706055 2.1190604406287096e-16
7.413000106811523 2.1184405183904379e-16
7.416999816894531 2.1758123098392378e-16
7.421000003814697 2.132327226513978e-16
7.426000118255615 2.1182332600161566e-16
7.429999828338623 2.1286675147862475e-16
7.434999942779541 2.2525890967140417e-16
7.439000129699707 3.3445355326176146e-16
7.442999839782715 2.329168286684119e-16
7.447999954223633 2.33458638587079e-16
7.452000141143799 2.118894210412811e-16
7.456999778747559 2.5369452039478027e-16
7.460999965667725 2.463476742476517e-16
7.466000080108643 2.2874362968618796e-16
7.46999979019165 3.7161982374006326e-16
7.474999904632568 7.058193729967668e-16
7.479000091552734 7.000935890920054e-16
7.482999801635742 2.1146598397699275e-16
7.48799991607666 2.338408092649683e-16
7.492000102996826 2.2004805562412432e-16
7.497000217437744 3.5374149932236674e-16
7.500999927520752 2.1165177536001706e-16
7.50600004196167 2.1262989989074876e-16
7.510000228881836 2.1113182947930093e-16
7.514999866485596 2.1096473899556522e-16
7.519000053405762 2.163851542879517e-16
7.52400016784668 2.1398192329324424e-16
7.5279998779296875 2.1054728410146685e-16
7.5329999923706055 2.1258462333274006e-16
7.538000106811523 2.119660378183382e-16
7.541999816894531 2.190930789156543e-16
7.546999931335449 2.209884739538134e-16
7.551000118255615 2.1390543886508513e-16
7.556000232696533 2.1212281832291906e-16
7.559999942779541 2.110582037873388e-16
7.565000057220459 2.1316589969279333e-16
7.568999767303467 2.2150879041144396e-16
7.573999881744385 2.1037761281421998e-16
7.578999996185303 2.1253463515396226e-16
7.583000183105469 2.1706448794653945e-16
7.5879998207092285 2.1107011518815957e-16
7.5920000076293945 2.1335616446857032e-16
7.5970001220703125 2.123996260431038e-16
7.6020002365112305 2.186003704381483e-16
7.605999946594238 2.1756508441836674e-16
7.611000061035156 2.1248193382277528e-16
7.614999771118164 2.1717662716782204e-16
7.619999885559082 2.107086571128086e-16
7.625 2.106229479664583e-16
7.629000186920166 2.1402542637601963e-16
7.633999824523926 2.153523696623425e-16
7.638999938964844 2.235109248358469e-16
7.64300012588501 2.1541280016917317e-16
7.6479997634887695 2.125523037318464e-16
7.6529998779296875 2.1617666506891893e-16
7.6570000648498535 2.1076139814866498e-16
7.6620001792907715 2.407726357377219e-16
7.666999816894531 2.1322550963645635e-16
7.671000003814697 2.1298395966270106e-16
7.676000118255615 2.445804988218832e-16
7.681000232696533 6.572060875110336e-16
7.685999870300293 2.3281290831369563e-16
7.690000057220459 2.117555236611659e-16
7.695000171661377 2.3948016933933024e-16
7.699999809265137 2.3010388519013956e-16
7.703999996185303 2.223779917991147e-16
7.709000110626221 2.5526007550932264e-16
7.714000225067139 2.3059373493144856e-16
7.718999862670898 2.320248765051735e-16
7.7230000495910645 2.3635893233803695e-16
7.728000164031982 2.3804346911188894e-16
7.732999801635742 3.4320443592830284e-16
7.73799991607666 2.3375549716531205e-16
7.743000030517578 2.1790003300944661e-16
7.747000217437744 2.7313797641054553e-16
7.751999855041504 4.091847290991666e-16
7.756999969482422 9.813072570310122e-16
7.76200008392334 2.7029115161438303e-16
7.767000198364258 2.401441902304184e-16
7.770999908447266 2.471496556300239e-16
7.776000022888184 2.324331199159705e-16
7.781000137329102 2.1583344467171353e-16
7.785999774932861 2.425122031833658e-16
7.790999889373779 2.1221922126022844e-16
7.796000003814697 2.2388404284911243e-16
7.800000190734863 2.1430768687080232e-16
7.804999828338623 3.402946924660271e-16
7.809999942779541 2.162868058218416e-16
7.815000057220459 2.1868201647332974e-16
7.820000171661377 2.192071636657376e-16
7.824999809265137 2.1377635898485746e-16
7.829999923706055 2.5062579943621675e-16
7.835000038146973 2.4663688305957983e-16
7.839000225067139 2.0941447017874283e-16
7.843999862670898 2.3393676221602447e-16
7.848999977111816 1.0923684171299831e-15
7.854000091552734 2.1031321184044905e-16
7.859000205993652 2.6873647557925696e-16
7.863999843597412 5.279755942374251e-16
7.86899995803833 2.128097620431423e-16
7.874000072479248 5.877571679513839e-16
7.879000186920166 2.5942377184066956e-16
7.883999824523926 2.2828514663370697e-16
7.888999938964844 2.3001648197789476e-16
7.894000053405762 2.6551812095660504e-16
7.89900016784668 5.902012815206862e-16
7.9039998054504395 2.866902918083775e-16
7.908999919891357 2.4005562234787113e-16
7.914000034332275 2.1020975470687582e-16
7.919000148773193 2.1651723848816417e-16
7.923999786376953 2.24482577505466e-16
7.928999900817871 2.5044771075905653e-16
7.934000015258789 3.90219317303008e-16
7.939000129699707 2.110845147482629e-16
7.943999767303467 2.448892158613778e-16
7.948999881744385 2.178890480509119e-16
7.953999996185303 2.301483544198704e-16
7.959000110626221 2.103279290379076e-16
7.964000225067139 2.1019588454236453e-16
7.968999862670898 2.0998870557742205e-16
7.973999977111816 2.104589941516054e-16
7.979000091552734 2.5667377349829006e-16
7.984000205993652 5.375751245077765e-16
7.989999771118164 2.1964956632711057e-16
7.994999885559082 3.7423389976418803e-16
8.0 2.4835000719540166e-16
8.005000114440918 2.318051243949202e-16
8.010000228881836 2.3610487539341986e-16
8.015000343322754 2.2682470301396294e-16
8.020000457763672 3.014962689077051e-16
8.024999618530273 2.128099738013791e-16
8.031000137329102 2.1003611295268869e-16
8.03600025177002 2.143354933742739e-16
8.041000366210938 2.2335530900156853e-16
8.045999526977539 2.1096197290359684e-16
8.050999641418457 2.1142715281031706e-16
8.055999755859375 2.3376364985742938e-16
8.062000274658203 2.354254490906035e-16
8.067000389099121 2.1242097392035257e-16
8.071999549865723 2.5000000090687343e-16
8.07699966430664 2.1332178022486772e-16
8.081999778747559 2.467458591422e-16
8.088000297546387 2.1075667329300608e-16
8.093000411987305 9.232669712983714e-16
8.097999572753906 2.8994813934219517e-16
8.102999687194824 2.1081081722718135e-16
8.107999801635742 2.567834113254003e-16
8.11400032043457 2.11042639556933e-16
8.119000434875488 2.2061830732097347e-16
8.12399959564209 2.1622352981370374e-16
8.130000114440918 2.4506764864567284e-16
8.135000228881836 2.711739452338792e-16
8.140000343322754 2.0999999493842217e-16
8.145000457763672 2.282136252892232e-16
8.151000022888184 2.105263200360223e-16
8.156000137329102 2.2341833354680017e-16
8.16100025177002 2.764367197538478e-16
8.166999816894531 5.221011560504205e-16
8.17199993133545 2.3352912761015834e-16
8.177000045776367 2.2401858873882785e-16
8.182999610900879 2.967127032776456e-16
8.187999725341797 2.24987779718944e-16
8.192999839782715 2.1603808253781425e-16
8.199000358581543 2.13391872201253e-16
8.204000473022461 2.1128718061578329e-16
8.208999633789062 2.1415519447051695e-16
8.21500015258789 2.3605598571049553e-16
8.220000267028809 2.0948904878277062e-16
8.22599983215332 2.077072752735518e-16
8.230999946594238 4.553517304936702e-16
8.236000061035156 2.3734824035065037e-16
8.241999626159668 2.233923931627905e-16
8.246999740600586 2.2061355599553497e-16
8.253000259399414 2.539682443856414e-16
8.258000373840332 2.608379727554494e-16
8.263999938964844 2.298644660336422e-16
8.269000053405762 3.168460411591699e-16
8.274999618530273 2.376314140528293e-16
8.279999732971191 2.258212601390422e-16
8.28600025177002 2.6768043725226766e-16
8.291000366210938 2.1276081942065876e-16
8.29699993133545 2.344944010628934e-16
8.302000045776367 1.2606600994640197e-15
8.307999610900879 2.1208474154496202e-16
8.312999725341797 2.1688920506601701e-16
8.319000244140625 1.1104700406083996e-15
8.324000358581543 2.29168681407032e-16
8.329999923706055 2.326050411344835e-16
8.335000038146973 3.988002375147269e-16
8.340999603271484 2.1002278541865923e-16
8.345999717712402 2.25736874481672e-16
8.35200023651123 2.1681033835769376e-16
8.357000350952148 2.2278329706437586e-16
8.36299991607666 2.6186775306107383e-16
8.369000434875488 2.413669616991188e-16
8.37399959564209 3.6207307421023765e-16
8.380000114440918 2.228401012114011e-16
8.385000228881836 3.148479433761562e-16
8.390999794006348 2.1101180226369703e-16
8.397000312805176 2.170060691429585e-16
8.402000427246094 2.0687931380250051e-16
8.407999992370605 3.596574685935664e-16
8.413999557495117 3.679581532486421e-16
8.418999671936035 7.875044881608048e-15
8.425000190734863 4.021365150055044e-15
8.430999755859375 3.560668959301554e-16
8.435999870300293 3.096254029211822e-16
8.442000389099121 2.274342490986308e-16
8.447999954223633 2.9166666331305574e-16
8.45300006866455 2.7540519244276967e-16
8.458999633789062 4.0122944859811343e-16
8.46500015258789 2.1835794696166617e-16
8.470000267028809 2.69657623909396e-16
8.47599983215332 2.2102406257248788e-16
8.482000350952148 2.3626504402978973e-16
8.48799991607666 2.138784132201118e-16
8.493000030517578 2.50794782509194e-16
8.49899959564209 2.0913048914828603e-16
8.505000114440918 2.2685479915337007e-16
8.51099967956543 2.8856774033596668e-16
8.517000198364258 2.529059591906661e-16
8.522000312805176 3.560197267829052e-16
8.527999877929688 2.7462475746099324e-16
8.534000396728516 2.2095148243682003e-16
8.539999961853027 2.1512880590382656e-16
8.545999526977539 3.9808097419361e-16
8.550999641418457 3.281487429282129e-16
8.557000160217285 2.384013140623243e-16
8.562999725341797 2.248511162468604e-16
8.569000244140625 2.074687825593405e-16
8.574999809265137 1.7555685332922618e-15
8.581000328063965 2.2892436534130835e-16
8.586999893188477 2.436240927453147e-16
8.593000411987305 2.1273129238151306e-16
8.597999572753906 2.367992571217112e-16
8.604000091552734 4.790795056264273e-16
8.609999656677246 2.25876899615765e-16
8.616000175476074 5.308728174939492e-16
8.621999740600586 2.379958235086059e-16
8.628000259399414 2.31339812139302e-16
8.633999824523926 2.7565437894794004e-16
8.640000343322754 4.291666598413692e-16
8.645999908447266 2.6139254110788457e-16
8.652000427246094 2.093388857230902e-16
8.657999992370605 2.6980826342510927e-16
8.663999557495117 3.397968488512784e-16
8.670000076293945 2.3437139599708434e-16
8.675999641418457 2.2466574838030974e-16
8.682000160217285 2.2533977484808735e-16
8.687999725341797 2.3204419944428275e-16
8.694000244140625 2.737520223577457e-16
8.699999809265137 2.3425286432402794e-16
8.706000328063965 5.497358177128289e-16
8.711999893188477 7.76170806161716e-16
8.718000411987305 3.461803273698032e-16
8.723999977111816 2.9160935624021806e-16
8.729999542236328 4.1993127432899833e-16
8.736000061035156 4.532967226845129e-16
8.741999626159668 2.6721573380158027e-16
8.74899959564209 2.638015822192146e-16
8.755000114440918 2.974300343048516e-16
8.76099967956543 2.1351444051569867e-16
8.767000198364258 3.127637658698778e-16
8.77299976348877 2.343554082502049e-16
8.779000282287598 2.061738280016663e-16
8.78499984741211 2.292544170231619e-16
8.791999816894531 2.2636487000272227e-16
8.79800033569336 2.6119573829654595e-16
8.803999900817871 2.3034984238219853e-16
8.8100004196167 2.590238399406675e-16
8.815999984741211 1.2872050532397854e-15
8.822999954223633 5.209112335782058e-16
8.829000473022461 3.305017475161261e-16
8.835000038146973 2.2576117373934636e-16
8.840999603271484 2.48614413823843e-16
8.847000122070312 3.069967155787173e-16
8.854000091552734 2.117912843334078e-16
8.859999656677246 5.697516827124808e-16
8.866000175476074 2.2603203899401053e-16
8.873000144958496 2.3599685222286534e-16
8.878999710083008 2.9169951230954144e-16
8.885000228881836 2.289251594346964e-16
8.890999794006348 3.045776688906978e-16
8.89799976348877 3.324342531852868e-16
8.904000282287598 6.583557759182537e-16
8.90999984741211 2.0590347890770436e-16
8.916999816894531 2.6421443137166227e-16
8.92300033569336 2.1934327127244953e-16
8.928999900817871 4.092283512959502e-16
8.935999870300293 2.616383130114863e-16
8.942000389099121 3.375083775860341e-16
8.949000358581543 2.402503075768416e-16
8.954999923706055 3.1379119036511766e-16
8.961000442504883 2.5800692394792953e-16
8.968000411987305 2.714094468629955e-16
8.973999977111816 2.066191185159938e-15
8.980999946594238 2.779200597329473e-16
8.987000465393066 2.1867141532659926e-16
8.994000434875488 2.6506559360453443e-16
9.0 3.133333425873471e-16
9.006999969482422 2.5335848654273673e-16
9.012999534606934 2.2523021643031593e-16
9.019000053405762 2.5346489505673555e-16
9.026000022888184 3.461112412450428e-16
9.032999992370605 2.555075944183781e-16
9.038999557495117 3.5756167085404284e-16
9.045999526977539 7.764757909622868e-16
9.052000045776367 5.985417502545032e-16
9.059000015258789 2.3755380465903715e-16
9.0649995803833 1.3709873055141948e-15
9.071999549865723 2.6212522460725954e-16
9.07800006866455 2.3110817509800754e-16
9.085000038146973 2.1008255418099986e-16
9.092000007629395 2.3229211540003224e-16
9.097999572753906 2.4818642395746317e-16
9.104999542236328 5.827567089472681e-16
9.111000061035156 3.6395565787506953e-16
9.118000030517578 2.513709237320045e-16
9.125 3.3578082742032934e-16
9.130999565124512 2.442229715088031e-16
9.137999534606934 3.08820298104817e-16
9.145000457763672 2.958993928296039e-16
9.151000022888184 3.372308948864695e-16
9.157999992370605 4.260755719190422e-16
9.164999961853027 3.2056737453381326e-16
9.170999526977539 4.088976166937829e-15
9.178000450134277 5.03595550795723e-16
9.1850004196167 4.838323133725896e-16
9.192000389099121 1.2932985023832145e-15
9.197999954223633 4.824961718378552e-16
9.204999923706055 2.376969002875639e-16
9.211999893188477 2.8332608870012025e-16
9.218999862670898 5.519036926622078e-16
9.225000381469727 4.917073375018904e-16
9.232000350952148 1.232885571486196e-15
9.23900032043457 3.435436726236782e-16
9.246000289916992 3.1624485952485616e-16
9.253000259399414 3.592348520924457e-16
9.260000228881836 2.7494599470623943e-16
9.265999794006348 2.361320863268504e-16
9.27299976348877 2.777957576479377e-16
9.279999732971191 5.131465354902848e-16
9.286999702453613 2.7996122384737294e-16
9.293999671936035 3.4624488716225176e-16
9.300999641418457 2.3674872631245154e-16
9.307999610900879 2.627846926962562e-16
9.3149995803833 2.025550120834203e-15
9.321999549865723 3.688049744376596e-16
9.329000473022461 2.5597597716843013e-16
9.335000038146973 4.931976390330252e-16
9.342000007629395 2.4577177125285757e-16
9.348999977111816 2.0971226843415172e-16
9.355999946594238 2.079521207348675e-16
9.36299991607666 7.847912192846006e-16
9.369999885559082 2.1114194093510878e-16
9.376999855041504 2.107070556911427e-16
9.383999824523926 3.4377663315395273e-16
9.390999794006348 2.651474911026221e-16
9.39900016784668 2.151292691249696e-16
9.406000137329102 4.042100781301625e-16
9.413000106811523 2.923616273764983e-16
9.420000076293945 3.2314224881434793e-16
9.427000045776367 2.1788479965128584e-16
9.434000015258789 2.6499894269949736e-16
9.440999984741211 4.2516683262158045e-15
9.447999954223633 2.2353937984891873e-16
9.454999923706055 2.703331591546109e-16
9.461999893188477 4.44092174465378e-16
9.470000267028809 3.3495248213747384e-16
9.47700023651123 2.1589110908657583e-16
9.484000205993652 6.374947308559196e-16
9.491000175476074 2.979664973280392e-16
9.498000144958496 2.415245362970877e-16
9.505999565124512 8.188512611266433e-16
9.512999534606934 6.042258177866124e-16
9.520000457763672 2.418067306174214e-16
9.527000427246094 2.3931981541450316e-16
9.534000396728516 2.1501992246543498e-16
9.541999816894531 2.990987156807222e-16
9.548999786376953 5.730443115366951e-16
9.555999755859375 5.902050931689488e-16
9.564000129699707 4.326641647597006e-16
9.571000099182129 2.5410093739078473e-16
9.57800006866455 2.418041365790204e-16
9.586000442504883 2.2616314381237773e-16
9.593000411987305 2.3517147155532523e-16
9.600000381469727 2.6437499705472616e-16
9.607999801635742 3.014154831403607e-16
9.614999771118164 2.271450932262619e-16
9.621999740600586 2.2157556043048924e-16
9.630000114440918 2.431983263404214e-16
9.63700008392334 2.2807926468796497e-16
9.645000457763672 2.9839295194720214e-16
9.652000427246094 2.306257898345462e-16
9.65999984741211 4.532091077140313e-16
9.666999816894531 3.0495499559892e-16
9.673999786376953 2.544965811864913e-16
9.682000160217285 2.392067629858243e-16
9.689000129699707 3.98389929461121e-16
9.696999549865723 8.596473324817258e-16
9.704000473022461 8.229595826790635e-16
9.711999893188477 5.345963743300791e-16
9.718999862670898 3.1711081836452567e-16
9.72700023651123 1.010589080138475e-15
9.734999656677246 5.688752153703094e-16
9.741999626159668 2.311640263329671e-16
9.75 2.455384666154482e-16
9.756999969482422 2.1318028601800685e-16
9.765000343322754 2.805939574589719e-16
9.77299976348877 2.4496060485696357e-16
9.779999732971191 4.568507141125143e-16
9.788000106811523 2.5541479137109455e-16
9.795999526977539 2.1518987168536767e-16
9.803000450134277 2.552279941364454e-16
9.810999870300293 3.1597187668782386e-16
9.819000244140625 1.2096955034562678e-15
9.826000213623047 2.1249745834851167e-16
9.833999633789062 2.763880418291603e-16
9.842000007629395 2.6092257017105644e-16
9.848999977111816 4.000406113868624e-16
9.857000350952148 1.2157857762261446e-15
9.864999771118164 3.2965026764589873e-16
9.873000144958496 2.3883316851652596e-16
9.880999565124512 2.8215768615872175e-16
9.887999534606934 2.593042078462087e-16
9.895999908447266 3.086095457196283e-16
9.904000282287598 2.3101778080066775e-16
9.911999702453613 2.239709431355448e-16
9.920000076293945 3.1209678036347424e-16
9.928000450134277 2.3791297309845257e-16
9.9350004196167 2.280825469406356e-16
9.942999839782715 3.166046367692024e-16
9.951000213623047 2.1746558451684396e-16
9.958999633789062 2.341600612767444e-16
9.967000007629395 3.417277133941038e-16
9.975000381469727 6.189473562890106e-16
9.982999801635742 2.1095862447647722e-16
9.991000175476074 8.011210086560387e-16
9.99899959564209 2.472247239249743e-16
10.010000228881836 2.4775224016265654e-16
10.010000228881836 2.5974027099536705e-16
10.020000457763672 9.223552462097706e-16
10.029999732971191 6.31704890084522e-16
10.039999961853027 2.535856501912785e-16
10.050000190734863 2.5273631437319885e-16
10.0600004196167 2.5029820944386615e-16
10.0600004196167 2.8230615515250767e-16
10.069999694824219 2.3177756935435485e-16
10.079999923706055 2.871031674306048e-16
10.09000015258789 2.7333994082890647e-16
10.100000381469727 2.4495049340115573e-16
10.100000381469727 2.6079207415762007e-16
10.109999656677246 4.876360207013535e-16
10.119999885559082 3.859683765780939e-16
10.130000114440918 3.0582428963081933e-16
10.140000343322754 2.7554241178022487e-16
10.140000343322754 5.138066917935512e-16
10.149999618530273 2.662068910916208e-16
10.15999984741211 2.397637665579828e-16
10.170000076293945 3.6951820264902733e-16
10.180000305175781 2.6836933973618143e-16
10.1899995803833 2.378802829206445e-16
10.1899995803833 2.1432777743352e-16
10.199999809265137 2.3235294295355694e-16
10.210000038146973 2.568070488385846e-16
10.220000267028809 2.4129157576681316e-16
10.229999542236328 2.0625610931155816e-16
10.239999771118164 2.001953053473119e-15
10.239999771118164 2.1992187418476303e-16
10.25 2.251707388355509e-16
10.260000228881836 2.1851851264473006e-16
10.270000457763672 2.259006694778473e-16
10.279999732971191 3.254863860260946e-16
10.289999961853027 2.6569485967500557e-16
10.289999961853027 2.316812458263843e-16
10.300000190734863 2.060194165423598e-16
10.3100004196167 2.2832201903669213e-16
10.319999694824219 2.4282946996167175e-16
10.329999923706055 2.0561472008202945e-16
10.34000015258789 2.096711741013201e-16
10.350000381469727 2.0753622755776563e-16
10.350000381469727 2.8096617549973097e-16
10.359999656677246 6.532818368059636e-16
10.369999885559082 2.287367475434915e-16
10.380000114440918 6.416185107596271e-16
10.390000343322754 2.2175169034395893e-16
10.399999618530273 3.1365383867876446e-16
10.40999984741211 2.034582139029894e-16
10.40999984741211 2.0864553631620334e-16
10.420000076293945 2.080614144548429e-16
10.430000305175781 3.0182166190834874e-16
10.4399995803833 2.312260450265739e-16
10.449999809265137 8.608612365742596e-16
10.460000038146973 2.738049619169491e-16
10.470000267028809 3.306590309465194e-16
10.479999542236328 4.2996183849038376e-16
10.479999542236328 2.6736639978707313e-16
10.489999771118164 2.3965682864839197e-16
10.5 5.038095324940231e-16
10.510000228881836 2.416745934776497e-16
10.520000457763672 1.969581757099885e-16
10.529999732971191 2.0607787505061014e-16
10.539999961853027 1.0096774609289925e-15
10.550000190734863 3.218957339533448e-16
10.5600004196167 2.7424242796442633e-16
10.5600004196167 5.193181763626573e-16
10.569999694824219 2.3008514458618156e-16
10.579999923706055 2.708884686608749e-16
10.59000015258789 2.1756373445960706e-16
10.600000381469727 8.91132023587201e-16
10.609999656677246 1.3432610584143646e-15
10.619999885559082 2.3145010112299042e-15
10.630000114440918 2.205079945144834e-16
10.640000343322754 2.07894734252691e-16
10.640000343322754 3.5093985843998433e-16
10.649999618530273 4.978403854356036e-16
10.65999984741211 7.833020824237684e-16
10.670000076293945 4.813495539250688e-16
10.680000305175781 8.114232056956967e-16
10.6899995803833 2.4621140782226216e-16
10.699999809265137 3.3831774403691518e-16
10.710000038146973 3.2679738127020744e-16
10.720000267028809 6.375000248118399e-16
10.729999542236328 3.7688723047146213e-16
10.739999771118164 2.1359403514296097e-16
10.75 2.5525581387480676e-16
10.75 2.401860389519687e-16
10.760000228881836 4.95724920649836e-16
10.770000457763672 6.72609116959057e-16
10.779999732971191 2.380333841258607e-16
10.789999961853027 4.1037997199708123e-16
10.800000190734863 4.170370421575692e-16
10.8100004196167 5.474560814748531e-16
10.819999694824219 1.8946394847701564e-15
10.829999923706055 2.461680503232746e-16
10.84000015258789 2.7324724366074133e-16
10.850000381469727 3.399078366371483e-16
10.859999656677246 2.392265094414072e-16
10.869999885559082 2.8574058258604824e-16
10.880000114440918 3.476103042732257e-16
10.890000343322754 3.2157942008710454e-16
10.890000343322754 2.58953165629131e-16
10.899999618530273 2.614679005704106e-16
10.90999984741211 4.724106564140166e-16
10.920000076293945 3.9706959038480875e-16
10.930000305175781 2.1555352675242559e-16
10.9399995803833 2.2925044655622165e-16
10.949999809265137 2.9442923480074604e-16
10.960000038146973 2.5656935021776137e-16
10.970000267028809 2.0419325321274892e-16
10.979999542236328 3.005464538062574e-15
10.989999771118164 8.083712401076211e-16
11.0 7.36727287604721e-16
11.010000228881836 6.472297863978317e-16
11.020000457763672 1.9836660356583723e-15
11.029999732971191 1.6765185482150438e-15
11.039999961853027 3.7880435719867423e-16
11.050000190734863 2.9375565831922165e-16
11.0600004196167 2.2585895310519503e-16
11.069999694824219 3.0424571138471294e-16
11.079999923706055 2.6389891159881004e-16
11.09000015258789 3.642921681831459e-16
11.100000381469727 2.255855732214687e-16
11.109999656677246 2.9792978374373164e-16
11.119999885559082 3.379496288119944e-16
11.130000114440918 7.552560803863496e-16
11.140000343322754 5.157989132854933e-16
11.149999618530273 2.970403462095554e-16
11.15999984741211 2.97670247554737e-16
11.170000076293945 2.537152991717676e-16
11.180000305175781 1.5354204351361329e-15
11.1899995803833 6.459338789280918e-16
11.199999809265137 5.430357341604881e-16
11.210000038146973 2.1605708783956827e-16
11.220000267028809 5.253119403161063e-16
11.229999542236328 4.639358800185005e-16
11.239999771118164 4.4252669876017445e-16
11.25 2.9475555424367575e-16
11.260000228881836 1.0973357359700376e-15
11.270000457763672 6.908607182086967e-16
11.279999732971191 2.3404256192509246e-16
11.289999961853027 6.616474518304023e-16
11.300000190734863 4.612389271144428e-16
11.3100004196167 4.2652518759535665e-16
11.319999694824219 8.524734928140739e-16
11.329999923706055 1.823477494014244e-15
11.34000015258789 7.580247134535687e-16
11.350000381469727 5.263436264458621e-16
11.359999656677246 2.0827464176442436e-16
11.369999885559082 3.5426560095848034e-16
11.380000114440918 2.231985814365469e-16
11.390000343322754 3.004389865010745e-16
11.399999618530273 7.143859465879416e-16
11.40999984741211 2.7326905475913313e-16
11.420000076293945 1.4826620351043331e-15
11.430000305175781 2.5284340051355547e-15
11.4399995803833 5.664335899602897e-16
11.449999809265137 3.648908351883975e-16
11.460000038146973 9.366492448320421e-16
11.470000267028809 3.954664217134524e-16
11.479999542236328 2.792682979569597e-16
11.489999771118164 1.7859007831334383e-15
11.510000228881836 5.072111109310779e-16
11.520000457763672 4.1961805742697146e-16
11.529999732971191 1.852558464434089e-15
11.539999961853027 8.194107263883048e-16
11.550000190734863 9.534198619129668e-16
11.5600004196167 6.664359937790269e-16
11.569999694824219 4.897147983725931e-16
11.579999923706055 4.001727220568545e-16
11.59000015258789 2.7955133931024067e-16
11.600000381469727 3.232758682617773e-16
11.609999656677246 4.637381507648758e-16
11.619999885559082 1.9311531957719375e-16
11.630000114440918 4.732588010920142e-16
11.640000343322754 4.195876171804295e-16
11.65999984741211 2.0566038045184237e-16
11.670000076293945 3.6658098355552503e-16
11.680000305175781 5.580479637824721e-16
11.6899995803833 3.4610777370391497e-16
11.699999809265137 4.266666685673277e-16
11.710000038146973 7.033304725603785e-16
11.720000267028809 3.651877202364101e-16
11.729999542236328 5.256606849563146e-15
11.739999771118164 3.374787049631006e-16
11.75 7.225531970840452e-16
11.760000228881836 8.479591777821229e-15
11.779999732971191 2.889643370437389e-16
11.789999961853027 3.5810009264092095e-16
11.800000190734863 1.4181355945780925e-15
11.8100004196167 3.6494496588768295e-16
11.819999694824219 2.2284264231024287e-16
11.829999923706055 9.359255610577317e-16
11.84000015258789 6.7314190068288e-16
11.850000381469727 3.957805915275449e-16
11.869999885559082 7.905644370344083e-16
11.880000114440918 9.594276548496048e-16
11.890000343322754 3.044575225610857e-16
11.899999618530273 7.83361321790517e-16
11.90999984741211 2.290512085251597e-16
11.920000076293945 5.555369346103367e-16
11.930000305175781 1.5440067022433313e-15
11.9399995803833 8.733668310075221e-16
11.960000038146973 2.431438250642215e-16
11.970000267028809 6.115288299787206e-16
11.979999542236328 2.946577537020034e-15
11.989999771118164 4.615512705137428e-16
12.0 2.5933332460377056e-16
12.010000228881836 5.513738735537003e-16
12.020000457763672 3.201331113296678e-16
12.039999961853027 7.435216035724438e-16
12.050000190734863 1.005975079916544e-15
12.0600004196167 7.9684910386568e-16
12.069999694824219 2.7340513589606545e-16
12.079999923706055 3.9089403198505526e-16
12.09000015258789 6.186931405257159e-16
12.109999656677246 2.3765483980777683e-16
12.119999885559082 6.859736028008354e-16
12.130000114440918 6.633140844453317e-15
12.140000343322754 2.7940692548668973e-15
12.149999618530273 4.072428001884677e-16
12.15999984741211 2.787828951386238e-15
12.180000305175781 6.855500863272082e-16
12.1899995803833 8.626743105978575e-16
12.199999809265137 9.968852517222028e-16
12.210000038146973 1.3354627437063495e-15
12.220000267028809 3.2880524640189416e-16
12.239999771118164 6.503268035507894e-16
12.25 3.9934694434262034e-16
12.260000228881836 3.27732452704417e-16
12.270000457763672 1.5960880053129197e-15
12.279999732971191 1.6644951272870058e-14
12.300000190734863 4.972357627299417e-16
12.3100004196167 4.0227458137590683e-16
12.319999694824219 4.886363666120608e-16
12.329999923706055 8.175182430259019e-16
12.34000015258789 5.363046809660134e-16
12.359999656677246 1.1163430494273057e-15
12.369999885559082 8.913500286920006e-16
12.380000114440918 4.22294019795805e-16
12.390000343322754 3.3204197634554558e-15
12.40999984741211 7.593875894657009e-16
12.420000076293945 2.0515298918759133e-15
12.430000305175781 2.875301620332716e-15
12.4399995803833 5.655948685238303e-16
12.460000038146973 4.463884278458252e-16
12.470000267028809 1.5555733606545624e-15
12.479999542236328 6.105769237646844e-16
12.489999771118164 2.323458755224033e-16
12.5 2.044800003351741e-15
12.520000457763672 4.730032089001802e-16
12.529999732971191 6.228252319402184e-16
12.539999961853027 6.68740029274677e-16
12.550000190734863 5.625497850784511e-16
12.569999694824219 2.7987270890438487e-16
12.579999923706055 2.2750396520414577e-15
12.59000015258789 3.9555202498068427e-16
12.609999656677246 4.865979288849341e-16
12.619999885559082 6.619651421251819e-16
12.630000114440918 4.965954058218174e-16
12.640000343322754 9.968354885365517e-16
12.65999984741211 5.7598738045148935e-16
12.670000076293945 2.853985665638147e-16
12.680000305175781 4.577287167019026e-16
12.6899995803833 4.0724981468006217e-16
12.710000038146973 5.266719046524823e-16
12.720000267028809 8.48584923371907e-16
12.729999542236328 3.784760525222744e-16
12.75 3.5780392227695757e-16
12.760000228881836 2.5031348250669633e-15
12.770000457763672 6.792482141391954e-16
12.789999961853027 5.252541303174562e-16
12.800000190734863 6.254687688290398e-16
12.8100004196167 1.0580796763921818e-15
12.819999694824219 4.993759820535928e-15
12.84000015258789 4.376946934334439e-16
12.850000381469727 6.5291827967709024e-15
12.859999656677246 5.5894247292642e-15
12.880000114440918 4.700310761673833e-16
12.890000343322754 2.960434413701963e-16
12.899999618530273 7.858914621435248e-16
12.920000076293945 2.0510835055127102e-15
12.930000305175781 1.5854601770446015e-15
12.9399995803833 5.843894708322192e-16
12.960000038146973 1.2050926205417695e-15
12.970000267028809 2.0848110869229556e-15
12.979999542236328 7.442218880615863e-16
13.0 1.1535384896027285e-15
13.010000228881836 1.1783243677052839e-15
13.020000457763672 2.00614438425437e-15
13.039999961853027 6.334355901539994e-16
13.050000190734863 5.546360091918134e-16
13.069999694824219 1.681713824797028e-15
13.079999923706055 5.21865469132847e-16
13.09000015258789 2.256684501014016e-16
13.109999656677246 1.158810105029084e-15
13.119999885559082 4.0807927169366094e-16
13.130000114440918 1.6405178480117231e-15
13.149999618530273 1.477414454237856e-15
13.15999984741211 6.373859930013158e-16
13.180000305175781 1.51122917416255e-15
13.1899995803833 2.450341114349175e-16
13.199999809265137 2.0151514679176764e-16
13.220000267028809 8.111951420746485e-16
13.229999542236328 1.6643990949266108e-15
13.25 7.325282805873854e-16
13.260000228881836 7.273001285391359e-16
13.270000457763672 1.2232102317670654e-15
13.289999961853027 7.0534238756834425e-16
13.300000190734863 3.2812028791514105e-16
13.319999694824219 5.283783584038445e-16
13.329999923706055 9.006751202874416e-16
13.34000015258789 7.751124384941218e-16
13.359999656677246 8.959580996833008e-16
13.369999885559082 8.51608089839776e-16
13.390000343322754 1.9193427771603544e-15
13.399999618530273 9.529851222527886e-16
13.420000076293945 2.4157972578755724e-16
13.430000305175781 1.2811615790402444e-15
13.4399995803833 4.2068450367130014e-15
13.460000038146973 2.526003020576935e-15
13.470000267028809 6.18411290312517e-16
13.489999771118164 8.714603186619303e-16
13.5 6.4533335374431216e-15
13.520000457763672 6.775148035642869e-15
13.529999732971191 1.6008868704755889e-15
13.550000190734863 1.5099630716646417e-15
13.5600004196167 2.408554596780956e-16
13.579999923706055 9.693667394526867e-16
13.59000015258789 5.604120856778181e-16
13.609999656677246 6.180749652928978e-16
13.619999885559082 4.856093884959291e-16
13.630000114440918 1.1706530020602385e-15
13.649999618530273 1.5794872183379194e-15
13.65999984741211 2.7686677426303657e-16
13.680000305175781 5.210526351408381e-16
13.6899995803833 3.4857559360782853e-15
13.710000038146973 1.8657914484108062e-15
13.720000267028809 2.2696793099138773e-16
13.739999771118164 2.6986898509951556e-16
13.75 8.733090739484312e-16
13.770000457763672 1.043427700470577e-15
13.779999732971191 6.660377294751398e-16
13.800000190734863 3.424637638494441e-15
13.819999694824219 3.7785816845703197e-16
13.829999923706055 1.0529284455234548e-15
13.850000381469727 1.2298917335341257e-15
13.859999656677246 3.106782119350601e-16
13.880000114440918 2.3731989121669695e-16
13.890000343322754 3.284377135121246e-16
13.90999984741211 1.213227842604555e-15
13.920000076293945 4.0747126085620997e-16
13.9399995803833 4.688665646835862e-16
13.949999809265137 7.205734693280751e-16
13.970000267028809 6.486757245783539e-16
13.979999542236328 4.633762559381614e-16
14.0 2.0600000095902194e-15
14.020000457763672 8.031383764386024e-16
14.029999732971191 1.3117605383806876e-15
14.050000190734863 8.865480400953383e-16
14.0600004196167 6.815078333446739e-16
14.079999923706055 9.973011448993047e-16
14.100000381469727 3.895035479927985e-16
14.109999656677246 3.6215449525229247e-16
14.130000114440918 5.408350896239623e-16
14.140000343322754 8.321074855698507e-16
14.15999984741211 5.091807801707994e-16
14.170000076293945 3.086802994405036e-16
14.1899995803833 2.36081740806048e-16
14.210000038146973 7.770583696354964e-15
14.220000267028809 3.552742583799826e-16
14.239999771118164 2.0098314392644293e-16
14.260000228881836 1.6942497006581549e-15
14.270000457763672 1.5711282736979404e-15
14.289999961853027 8.38208558009805e-16
14.300000190734863 3.3874126051054233e-16
14.319999694824219 3.4231843946547485e-16
14.34000015258789 1.0832635541008283e-15
14.350000381469727 1.6655052670161658e-16
14.369999885559082 2.1113431234462757e-15
14.390000343322754 7.402362804073996e-16
14.399999618530273 9.936111517437098e-16
14.420000076293945 6.144244121089094e-16
14.4399995803833 5.921052527674362e-16
14.449999809265137 1.5349481083889202e-15
14.470000267028809 2.337249510396517e-16
14.489999771118164 5.195307286928589e-16
14.5 2.7351723541267864e-16
14.520000457763672 6.283746741732733e-16
14.539999961853027 1.653369984799531e-15
14.550000190734863 4.915464012419121e-16
14.569999694824219 9.249142386225442e-16
14.59000015258789 3.232351048011907e-16
14.600000381469727 2.1369863047705708e-16
14.619999885559082 3.499315980651761e-16
14.640000343322754 6.654371831155365e-16
14.65999984741211 2.1214187921121024e-15
14.670000076293945 2.620313627687919e-16
14.6899995803833 4.770592261681074e-16
14.710000038146973 2.186267872781908e-16
14.720000267028809 1.0139945761029109e-15
14.739999771118164 3.9674356210945465e-16
14.760000228881836 9.178861945009385e-16
14.779999732971191 4.150203096497159e-16
14.789999961853027 1.5686274618607313e-16
14.8100004196167 1.2952059147013128e-15
14.829999923706055 6.000000233523199e-16
14.850000381469727 2.1898989971476688e-16
14.859999656677246 3.9165546166507767e-16
14.880000114440918 7.814516330713729e-16
14.899999618530273 8.107382736787232e-16
14.920000076293945 4.658176695899444e-16
14.9399995803833 4.805890242175529e-16
14.949999809265137 1.4408027256422097e-15
14.970000267028809 7.951904015967193e-16
14.989999771118164 1.6344229959699752e-16
15.010000228881836 7.156561889593797e-15
15.029999732971191 1.7977378303433007e-16
15.039999961853027 1.1809840511596624e-15
15.0600004196167 2.0119521980061173e-16
15.079999923706055 1.9350133102010326e-15
15.100000381469727 1.6966887849693328e-16
15.119999885559082 3.251322733145831e-16
15.130000114440918 2.991407761605093e-16
15.149999618530273 3.8891088962751653e-16
15.170000076293945 2.2425841023597515e-15
15.1899995803833 1.3666886133068793e-15
15.210000038146973 2.6969100230147375e-16
15.229999542236328 2.5581091162283395e-16
15.239999771118164 2.3805773632309425e-16
15.260000228881836 2.3604193025752703e-15
15.279999732971191 1.5942408117434152e-16
15.300000190734863 1.746405251459526e-16
15.319999694824219 5.951697120914839e-16
15.34000015258789 5.676662346567815e-16
15.359999656677246 4.0703125370989096e-16
15.380000114440918 3.7074121234574413e-16
15.390000343322754 5.386614442626301e-16
15.40999984741211 3.7196626021549026e-16
15.430000305175781 3.3259884227485016e-16
15.449999809265137 8.433657181091628e-16
15.470000267028809 2.64899813374889e-16
15.489999771118164 4.581019935338457e-16
15.510000228881836 5.753707404658882e-16
15.529999732971191 2.2897616669998887e-16
15.550000190734863 1.7144694623700787e-16
15.569999694824219 1.9396274957114208e-16
15.59000015258789 1.9987171758563708e-16
15.609999656677246 1.8552210595642238e-16
15.630000114440918 1.847728682568845e-15
15.640000343322754 3.102301844455218e-16
15.65999984741211 1.8633460907618626e-16
15.680000305175781 1.5714286262870808e-16
15.699999809265137 1.8050955026302864e-16
15.720000267028809 2.0038168435944337e-16
15.739999771118164 2.500635283779175e-16
15.760000228881836 3.9695431449464336e-16
15.779999732971191 1.705956913599071e-16
15.800000190734863 1.732911354865275e-16
15.819999694824219 1.1297092293349785e-15
15.84000015258789 2.79419202170469e-16
15.859999656677246 8.413619028537552e-16
15.880000114440918 1.6763224071481952e-16
15.899999618530273 1.7584905587322727e-16
15.920000076293945 4.631909674809496e-16
15.9399995803833 1.5533250175751943e-16
15.960000038146973 1.6466165646412929e-16
15.979999542236328 1.7058824011694922e-16
16.0 6.6049998688466876e-15
16.020000457763672 2.458177227902461e-16
16.049999237060547 3.9651089274675574e-16
16.06999969482422 2.7641567098510853e-15
16.09000015258789 1.7364822604824418e-16
16.110000610351562 1.8299193913363498e-15
16.1299991607666 2.045877191032632e-16
16.149999618530273 8.60433431996337e-16
16.170000076293945 1.536178159047011e-16
16.190000534057617 1.5775169402932671e-16
16.209999084472656 1.6841455505094767e-16
16.229999542236328 3.141096747532853e-16
16.25 2.0233846281649882e-16
16.270000457763672 6.72894884699637e-16
16.299999237060547 4.4404908166418644e-16
16.31999969482422 5.181372536155072e-16
16.34000015258789 2.7955935965346e-16
16.360000610351562 2.6882639342056393e-16
16.3799991607666 1.700854731231946e-16
16.399999618530273 1.5341463387647848e-16
16.420000076293945 1.5590742537046828e-16
16.450000762939453 2.0449847624133609e-16
16.469999313354492 1.7012750713320208e-16
16.489999771118164 1.5912674614007566e-16
16.510000228881836 1.7649908748579594e-16
16.530000686645508 1.450695726359005e-16
16.549999237060547 5.35468288870159e-16
16.579999923706055 1.5452351911844257e-16
16.600000381469727 1.6156626720261705e-16
16.6200008392334 3.838748552396161e-16
16.639999389648438 1.597355775406943e-16
16.65999984741211 2.3373350077846304e-16
16.690000534057617 2.1713600929102324e-16
16.709999084472656 1.5751047492781645e-16
16.729999542236328 1.7154811373464555e-16
16.75 3.6083582377209513e-16
16.780000686645508 3.5840284868604924e-15
16.799999237060547 1.4964286233680408e-16
16.81999969482422 2.115338921965609e-16
16.84000015258789 1.4560570478684308e-16
16.8700008392334 1.5174866565301708e-16
16.889999389648438 1.443457697475819e-16
16.90999984741211 1.5588409225974939e-16
16.940000534057617 1.3388430404406046e-16
16.959999084472656 2.4233490859959365e-16
16.979999542236328 2.4640754888911073e-16
17.0 2.6917648272557597e-16
17.030000686645508 1.4785672131395098e-16
17.049999237060547 4.4879765424561246e-15
17.06999969482422 3.063854754281549e-16
17.100000381469727 4.170760162610547e-15
17.1200008392334 1.6028037854445642e-16
17.139999389648438 1.442240352311937e-16
17.170000076293945 1.5538730743618474e-16
17.190000534057617 4.759743887209115e-16
17.209999084472656 1.4375362754300215e-16
17.239999771118164 1.7064965000562516e-16
17.260000228881836 1.8910776847571724e-16
17.290000915527344 1.670329649046371e-16
17.309999465942383 1.9930675984470826e-16
17.329999923706055 1.4091171289095576e-16
17.360000610351562 1.7891704891285175e-16
17.3799991607666 2.249712361066929e-16
17.40999984741211 7.449741591978665e-16
17.43000030517578 1.5823292785737536e-16
17.450000762939453 1.5679082779489532e-16
17.479999542236328 1.546910728233213e-16
17.5 1.4491428767386715e-16
17.530000686645508 1.5790074535826387e-16
17.549999237060547 1.4552706307164643e-16
17.579999923706055 1.356086513664334e-16
17.600000381469727 1.4977272307553e-16
17.6299991607666 1.3533749494419362e-15
17.649999618530273 1.3529744616765625e-16
17.68000030517578 1.4649321002710837e-16
17.700000762939453 1.3785310338820008e-16
17.729999542236328 1.5386350839896405e-16
17.75 1.4174647709536467e-16
17.780000686645508 1.2857142752526179e-15
17.799999237060547 1.8213483443524223e-16
17.829999923706055 1.3056646275477556e-16
17.850000381469727 1.4509804088386213e-16
17.8799991607666 1.3982102562246784e-16
17.899999618530273 1.364245823226557e-16
17.93000030517578 1.338538770324083e-16
17.950000762939453 1.3504178780137326e-16
17.979999542236328 1.3236929297366754e-16
18.010000228881836 1.379233806530426e-16
18.030000686645508 1.4664448481753207e-16
18.059999465942383 1.4163898332040218e-16
18.079999923706055 1.317477825486197e-16
18.110000610351562 1.6587520321463848e-16
18.139999389648438 1.2965821844219234e-16
18.15999984741211 1.7114537603800574e-16
18.190000534057617 1.2820231438965e-16
18.219999313354492 1.3688254921443446e-16
18.239999771118164 1.4956140159007986e-16
18.270000457763672 1.337712119107122e-16
18.299999237060547 1.290710393212879e-16
18.31999969482422 1.2914847666151266e-16
18.350000381469727 1.2773841826724047e-16
18.3799991607666 1.4156691934543656e-16
18.399999618530273 1.3445652773948994e-16
18.43000030517578 1.8415626532897482e-16
18.459999084472656 1.3120259773305334e-16
18.479999542236328 1.2738095712860935e-16
18.510000228881836 1.2695840680193766e-16
18.540000915527344 2.4002158221130335e-16
18.56999969482422 3.003769413376881e-16
18.59000015258789 1.3329746903029084e-16
18.6200008392334 3.1611170065159186e-15
18.649999618530273 1.2386059555559187e-16
18.68000030517578 1.9668094447333013e-16
18.709999084472656 1.4462854640306683e-16
18.729999542236328 1.8216764372705853e-16
18.760000228881836 1.3017058073105258e-16
18.790000915527344 1.3049494141029178e-16
18.81999969482422 1.3049946774260367e-16
18.850000381469727 1.2244031982639342e-16
18.8700008392334 1.8039215679049511e-16
18.899999618530273 1.4613756206837997e-16
18.93000030517578 2.266244061917169e-16
18.959999084472656 2.5495779803780955e-14
18.989999771118164 4.0231701243260835e-16
19.020000457763672 4.838065318072576e-16
19.049999237060547 3.228346435055966e-16
19.079999923706055 2.4790356789263944e-16
19.110000610351562 1.7017269104698218e-16
19.1299991607666 1.232618888456709e-16
19.15999984741211 1.32254692062882e-16
19.190000534057617 1.2631578672765747e-16
19.219999313354492 1.8803329394723536e-16
19.25 1.2394805170739588e-16
19.280000686645508 1.2437759005588242e-16
19.309999465942383 2.764370903307622e-16
19.34000015258789 1.331954544997059e-16
19.3700008392334 2.085699518605507e-16
19.399999618530273 3.132989583436445e-16
19.43000030517578 1.7426659980440923e-16
19.459999084472656 1.2219937865756898e-16
19.489999771118164 1.2426885220127864e-16
19.520000457763672 1.2254098439821868e-16
19.549999237060547 1.4925830937875063e-16
19.579999923706055 1.22574058387831e-16
19.610000610351562 1.3329933514975276e-16
19.639999389648438 1.6476578857708236e-16
19.68000030517578 1.2195122447380307e-16
19.709999084472656 1.2602739847889698e-16
19.739999771118164 1.2208713355716798e-16
19.770000457763672 2.0131512790220741e-16
19.799999237060547 1.334343442606112e-16
19.829999923706055 2.6999495478064004e-16
19.860000610351562 1.2396777169319914e-16
19.889999389648438 1.2981397986025852e-16
19.93000030517578 1.288509828085692e-16
19.959999084472656 1.245491009928116e-16
19.989999771118164 1.2356177821366832e-16
20.020000457763672 1.2377622313311146e-16
20.049999237060547 1.2309227049798322e-16
20.09000015258789 1.2364360953730696e-16
20.1200008392334 1.401590447079815e-16
20.149999618530273 1.2277915947507475e-16
20.18000030517578 1.2338949965313067e-16
20.219999313354492 1.216617244942993e-16
20.25 1.2276543489435127e-16
20.280000686645508 1.5660749810137396e-16
20.309999465942383 1.260462846666428e-16
20.350000381469727 1.244226019160951e-16
20.3799991607666 1.2129538274461183e-16
20.40999984741211 1.2425281151484002e-16
20.450000762939453 1.2665036474182291e-16
20.479999542236328 1.2119140945033636e-16
20.510000228881836 1.2832764879606404e-16
20.549999237060547 1.389781087259416e-16
20.579999923706055 1.2206025349598246e-16
20.610000610351562 1.3653566275275423e-16
20.649999618530273 1.2697336222741262e-16
20.68000030517578 1.41682790805643e-16
20.719999313354492 1.2287644915000078e-16
20.75 1.213493943298891e-16
20.790000915527344 1.21500722059872e-16
20.81999969482422 1.2545628651421077e-16
20.860000610351562 1.3183125499859364e-16
20.889999389648438 1.339396788229872e-16
20.920000076293945 5.317399674737008e-16
20.959999084472656 1.8959923287358195e-16
20.989999771118164 1.2444020431953023e-16
21.030000686645508 1.229671875544754e-16
21.06999969482422 1.1950640945534134e-16
21.100000381469727 1.2208530714237546e-16
21.139999389648438 1.2166508615630873e-16
21.170000076293945 1.5654227656443538e-16
21.209999084472656 1.219236164936785e-16
21.239999771118164 1.2193973658945593e-16
21.280000686645508 1.902255607985173e-16
21.31999969482422 1.8001876084454378e-16
21.350000381469727 1.308665109414506e-16
21.389999389648438 1.2043011211921196e-16
21.43000030517578 1.203919691668059e-16
21.459999084472656 1.2861136512872483e-16
21.5 1.1916279201144191e-16
21.540000915527344 1.2274837512139797e-16
21.56999969482422 1.4557255138789195e-16
21.610000610351562 1.537251296851623e-14
21.649999618530273 7.285912185089883e-16
21.690000534057617 3.496542212447299e-16
21.719999313354492 1.3333333558165114e-16
21.760000228881836 1.379595648417581e-16
21.799999237060547 2.6266055472388018e-15
21.84000015258789 1.5760073687625824e-16
21.8799991607666 1.2074954941944523e-16
21.90999984741211 1.2259242841487457e-16
21.950000762939453 1.3230068330493994e-16
21.989999771118164 1.2023647244653574e-16
22.030000686645508 2.172492073034899e-16
22.06999969482422 1.381060221322943e-16
22.110000610351562 1.0483943628600972e-14
22.149999618530273 2.304288811440892e-16
22.190000534057617 1.2933753706231778e-16
22.219999313354492 1.2286228781791387e-16
22.260000228881836 1.195867055317631e-16
22.299999237060547 1.3165918819629281e-16
22.34000015258789 1.190689301729743e-16
22.3799991607666 1.2600536238737857e-16
22.420000076293945 1.1873328013273498e-16
22.459999084472656 1.194122829190777e-16
22.5 1.2035555998496378e-16
22.540000915527344 1.184560753658562e-16
22.59000015258789 1.1969897710194369e-16
22.6299991607666 1.187803831055362e-16
22.670000076293945 1.1812968974847748e-16
22.709999084472656 1.2029943081731838e-16
22.75 1.2808791200221147e-16
22.790000915527344 1.2057920315281851e-16
22.829999923706055 1.183530417487566e-16
22.8700008392334 1.674683001348564e-16
22.920000076293945 1.2190226861642973e-16
22.959999084472656 1.261324040945769e-16
23.0 1.6756521923286802e-16
23.040000915527344 1.2239583736177277e-16
23.079999923706055 1.1776430091085566e-16
23.1299991607666 1.2797233170958066e-16
23.170000076293945 1.3508848049259065e-16
23.209999084472656 1.2132701413123585e-16
23.260000228881836 1.4875322627928085e-16
23.299999237060547 1.1905578792740205e-16
23.34000015258789 1.287917699116002e-16
23.389999389648438 1.1970927384620875e-16
23.43000030517578 1.1848058638176738e-16
23.469999313354492 1.6182360639990475e-16
23.520000457763672 1.5629252095900357e-16
23.559999465942383 1.4142613982262494e-16
23.610000610351562 1.196103298100576e-16
23.649999618530273 1.1594079779409476e-16
23.700000762939453 1.2118143034342652e-16
23.739999771118164 1.2704296451287528e-16
23.790000915527344 1.509878050732561e-16
23.829999923706055 1.2396139247631513e-16
23.8799991607666 1.2035176157159093e-16
23.920000076293945 1.1906354357282535e-16
23.969999313354492 1.170629973351985e-16
24.010000228881836 1.2319866577709224e-16
24.059999465942383 1.1837073679642034e-16
24.110000610351562 1.3985898328641667e-16
24.149999618530273 1.2853002349600881e-16
24.200000762939453 1.3123966865938552e-16
24.25 1.1876288658121948e-16
24.290000915527344 1.5792507108571783e-16
24.34000015258789 1.1446178562396015e-16
24.389999389648438 1.1627716251838332e-16
24.440000534057617 1.279869033232514e-16
24.479999542236328 1.1413398387337273e-16
24.530000686645508 1.2947410789017274e-16
24.579999923706055 1.5386492453217275e-16
24.6299991607666 1.1790498778943868e-16
24.68000030517578 1.201782786360814e-16
24.729999542236328 1.2834613793711582e-16
24.770000457763672 2.240613691966201e-15
24.81999969482422 1.5946816659226815e-16
24.8700008392334 1.1966225028274633e-16
24.920000076293945 2.0577848860842514e-16
24.969999313354492 1.953544247034809e-16
25.020000457763672 1.2070343906337908e-16
25.06999969482422 1.4423614515536148e-16
25.1200008392334 1.169586005244494e-16
25.170000076293945 1.1537544300647192e-16
25.219999313354492 1.1371926860146315e-16
25.270000457763672 1.1713494219615591e-16
25.329999923706055 1.6344256429479353e-16
25.3799991607666 1.1308116162460504e-16
25.43000030517578 1.1671255068816184e-16
25.479999542236328 1.1271585219632202e-16
25.530000686645508 1.5401488906850616e-16
25.579999923706055 1.2564502927766067e-16
25.639999389648438 1.3260531076348607e-16
25.690000534057617 1.569482303392968e-16
25.739999771118164 1.2626262217532746e-16
25.790000915527344 1.2043428110949922e-16
25.850000381469727 1.4692456155549762e-16
25.899999618530273 1.2208493656546104e-16
25.959999084472656 1.381355888761094e-16
26.010000228881836 1.8554402293393258e-16
26.059999465942383 1.1158863663198376e-16
26.1200008392334 1.1339969895233186e-16
26.170000076293945 1.106610627628464e-16
26.229999542236328 1.108654226962613e-16
26.280000686645508 1.1095890734036959e-16
26.34000015258789 1.7570236035467467e-16
26.389999389648438 1.204244078817078e-16
26.450000762939453 1.3172022750805433e-16
26.5 1.0966037936244915e-16
26.559999465942383 1.136295228137236e-16
26.6200008392334 1.1833207768331206e-16
26.670000076293945 1.1031121168585077e-16
26.729999542236328 1.2450430089083574e-16
26.790000915527344 1.0802538078112173e-16
26.850000381469727 1.349720664019024e-16
26.899999618530273 1.2892193505279154e-16
26.959999084472656 2.465133485981787e-16
27.020000457763672 1.714285762099643e-16
27.079999923706055 1.0827178795943393e-16
27.139999389648438 1.2144436789909998e-16
27.200000762939453 1.1867647598570974e-16
27.25 1.0326605485173253e-16
27.309999465942383 1.1980959431089918e-16
27.3700008392334 1.3459992777048213e-16
27.43000030517578 1.2898286848543464e-16
27.489999771118164 1.3728627952780935e-16
27.549999237060547 1.13829396119496e-16
27.610000610351562 1.1010503195508825e-16
27.68000030517578 1.0245664869618204e-16
27.739999771118164 1.03100215065083e-16
27.799999237060547 1.296402851665122e-16
27.860000610351562 1.2792533461589785e-16
27.920000076293945 2.238538673003665e-16
27.989999771118164 2.425151942684608e-16
28.049999237060547 1.3647058679960346e-16
28.110000610351562 1.4372109618387166e-16
28.170000076293945 1.1068512379250434e-16
28.239999771118164 1.2273371086349863e-16
28.299999237060547 1.1279151606131347e-16
28.3700008392334 1.1850546797459297e-16
28.43000030517578 1.1973267313137665e-16
28.489999771118164 4.882414904399627e-16
28.559999465942383 1.2226890153369283e-16
28.6200008392334 1.209643649158028e-16
28.690000534057617 1.1495294561935943e-16
28.760000228881836 4.759388133371268e-16
28.81999969482422 1.1603053034694451e-16
28.889999389648438 1.2502595407233618e-16
28.959999084472656 1.0814917332287397e-16
29.020000457763672 1.1040661538898018e-16
29.09000015258789 1.4321071912848154e-16
29.15999984741211 2.0802468763564554e-16
29.229999542236328 1.3800889127604587e-16
29.290000915527344 1.0836463071138688e-16
29.360000610351562 1.0333787398123683e-16
29.43000030517578 1.2293578116097799e-16
29.5 3.763389883963518e-16
29.56999969482422 1.224213674641986e-16
29.639999389648438 1.159244262354111e-16
29.709999084472656 9.666778730662974e-17
29.780000686645508 1.0248489195101705e-16
29.850000381469727 1.1644891168332894e-16
29.920000076293945 1.0274064296152865e-16
30.0 1.227333270516944e-16
30.06999969482422 1.1253740617713718e-16
30.139999389648438 9.548772482731669e-17
30.209999084472656 9.996690122684643e-17
30.290000915527344 1.0056124042313313e-16
30.360000610351562 1.1706192530912463e-16
30.43000030517578 4.941176226928618e-16
30.510000228881836 1.0167158150297531e-16
30.579999923706055 1.0117723851657892e-16
30.65999984741211 1.1689498040917673e-16
30.729999542236328 1.0178978230378669e-16
30.809999465942383 1.0795196684739643e-16
30.8799991607666 1.3529792262368908e-16
30.959999084472656 1.13695088457797e-16
31.040000915527344 2.7809277504484836e-16
31.110000610351562 1.4265509198486232e-16
31.190000534057617 1.0080153969980224e-16
31.270000457763672 1.5235049579693106e-16
31.350000381469727 1.7933014952820563e-16
31.43000030517578 2.0101813697507637e-16
31.510000228881836 1.0714058869326561e-16
31.579999923706055 1.0905636546171802e-16
31.65999984741211 1.5508528725092938e-16
31.739999771118164 1.0378072001141812e-16
31.829999923706055 1.0097392413945829e-16
31.90999984741211 1.0391726436949347e-16
31.989999771118164 1.1897468452270245e-16
32.06999969482422 1.0202681918011988e-16
32.150001525878906 1.4892690773813739e-16
32.2400016784668 2.0744416566431092e-16
32.31999969482422 1.405940623008456e-16
32.400001525878906 1.822839519386284e-16
32.4900016784668 1.3456448473559546e-16
32.56999969482422 2.237028042681796e-16
32.65999984741211 1.8989589292846797e-16
32.7400016784668 1.0201588054369948e-16
32.83000183105469 1.214742655151601e-16
32.90999984741211 1.1589182870183162e-16
33.0 1.635151576653512e-16
33.09000015258789 8.939256838310335e-17
33.16999816894531 9.671389766269589e-17
33.2599983215332 1.2633794193318409e-16
33.349998474121094 1.4920539628932684e-16
33.439998626708984 1.0239234698408462e-16
33.529998779296875 2.2815388299666215e-16
33.619998931884766 1.4033313644842187e-16
33.709999084472656 1.6683476448893552e-15
33.79999923706055 1.5544378071096496e-16
33.88999938964844 1.1655355995698424e-16
33.97999954223633 1.3990582156142188e-16
34.08000183105469 1.1549295559301365e-16
34.16999816894531 1.2865085803989056e-16
34.2599983215332 1.9025102472649413e-16
34.36000061035156 1.7660070496968686e-16
34.45000076293945 9.317852110719935e-17
34.54999923706055 1.7470332469805762e-16
34.63999938964844 1.288683602188777e-16
34.7400016784668 1.0040299084578439e-16
34.84000015258789 1.1670494062652635e-16
34.93000030517578 1.0878900745285109e-16
35.029998779296875 8.872394836780938e-17
35.130001068115234 1.2991745022872156e-16
35.22999954223633 2.256599533021495e-16
35.33000183105469 1.0976507395821876e-16
35.43000030517578 1.5692915886309378e-16
35.529998779296875 1.6695749956299267e-16
35.630001068115234 1.2584900539927134e-16
35.72999954223633 1.6081723861433803e-16
35.83000183105469 8.679877482759837e-17
35.93000030517578 1.062621758222935e-16
36.040000915527344 9.605993528785637e-17
36.13999938964844 8.223574878373535e-17
36.25 1.3313104029104517e-16
36.349998474121094 5.257771731623857e-16
36.459999084472656 9.945145520866259e-17
36.560001373291016 2.213894911147791e-16
36.66999816894531 2.683392435967743e-16
36.779998779296875 1.5133224308032318e-16
36.88999938964844 1.1835185060867453e-16
37.0 1.0983783938234382e-16
37.11000061035156 9.25896015982861e-17
37.220001220703125 9.371305845392092e-17
37.33000183105469 1.254754903393118e-16
37.439998626708984 1.5651709056914437e-16
37.54999923706055 1.2585885215728317e-16
37.65999984741211 3.084970756261007e-16
37.779998779296875 1.5685548023157246e-16
37.88999938964844 1.0926365692322381e-16
38.0099983215332 8.955537737998848e-17
38.119998931884766 9.134312644195239e-17
38.2400016784668 1.1166317553134214e-16
38.36000061035156 1.2189780845856684e-16
38.470001220703125 1.2118533463591777e-16
38.59000015258789 1.2179321312447074e-16
38.709999084472656 1.037974687644611e-16
38.83000183105469 1.3340201142482774e-16
38.95000076293945 1.577406958359022e-16
39.06999969482422 1.091886349503877e-16
39.20000076293945 4.869897875021576e-16
39.31999969482422 2.517294039571503e-16
39.439998626708984 1.0425963773375162e-16
39.56999969482422 8.728834663622155e-17
39.689998626708984 1.1725875459024285e-16
39.81999969482422 1.0236062295323198e-16
39.95000076293945 8.330412864546394e-17
40.06999969482422 1.2513102586246512e-16
40.20000076293945 1.9089552415512605e-16
40.33000183105469 1.5576493854687235e-16
40.459999084472656 9.29312933657195e-17
40.59000015258789 2.138457759818629e-16
40.72999954223633 1.088141405085829e-16
40.86000061035156 2.7180617591966575e-16
40.9900016784668 1.6282019360190864e-16
41.130001068115234 7.994164607288078e-17
41.2599983215332 7.61997059748175e-17
41.400001525878906 9.975845171248307e-17
41.540000915527344 1.4752046246878082e-16
41.66999816894531 1.3683704766329915e-16
41.810001373291016 7.256637138245998e-17
41.95000076293945 9.597139387508869e-17
42.099998474121094 9.415677136938416e-17
42.2400016784668 1.2769885918162573e-16
42.380001068115234 7.121283920252721e-17
42.52000045776367 3.97507056432286e-16
42.66999816894531 7.97281474480584e-17
42.810001373291016 8.287783284497861e-17
42.959999084472656 1.0093109603606274e-16
43.11000061035156 8.610531292414821e-17
43.2599983215332 1.285251927612315e-16
43.40999984741211 9.039392014543554e-17
43.560001373291016 1.2993571437664673e-16
43.709999084472656 2.5920841371383015e-16
43.86000061035156 8.26265419923299e-17
44.02000045776367 2.219445756279165e-16
44.16999816894531 3.017432584211685e-16
44.33000183105469 8.323934385988879e-17
44.4900016784668 9.247021627483754e-17
44.650001525878906 1.2398656523671635e-16
44.810001373291016 6.788663346288818e-17
44.970001220703125 7.716255082527412e-17
45.130001068115234 7.126080244316548e-17
45.290000915527344 1.50187676575456e-16
45.459999084472656 1.2340519623243448e-16
45.619998931884766 1.7558089053608248e-16
45.790000915527344 6.481764780652863e-17
45.959999084472656 7.889469349773976e-17
46.130001068115234 7.145024665577483e-17
46.29999923706055 1.8868250499663638e-16
46.470001220703125 1.2197116945273295e-16
46.63999938964844 1.300600296965461e-16
46.81999969482422 9.923110091092336e-17
46.9900016784668 7.099382824610277e-17
47.16999816894531 8.539325600052786e-17
47.349998474121094 9.39809921804942e-17
47.529998779296875 1.2312224222942622e-15
47.709999084472656 1.2504715636579714e-16
47.88999938964844 8.039256538584059e-17
48.06999969482422 6.760973309847483e-17
48.2599983215332 1.533775364803667e-16
48.45000076293945 6.811145453593519e-17
48.630001068115234 7.419288639942505e-17
48.81999969482422 8.144203259004377e-17
49.0099983215332 7.484186583825455e-17
49.209999084472656 2.516968196584606e-16
49.400001525878906 7.57489851852047e-17
49.599998474121094 6.600806658711085e-17
49.790000915527344 6.298453615977232e-17
49.9900016784668 6.873374581948128e-17
50.189998626708984 7.547320316897952e-17
50.400001525878906 1.5523809728856998e-16
50.599998474121094 2.1324110033664175e-16
50.79999923706055 7.984251674827243e-17
51.0099983215332 6.410507472220605e-17
51.220001220703125 8.852011121254162e-17
51.43000030517578 7.497569704392073e-17
51.63999938964844 6.154144348055721e-17
51.86000061035156 5.233320603589035e-17
52.06999969482422 5.711541839846767e-17
52.290000915527344 1.5953337489431693e-16
52.5099983215332 8.61550165527953e-17
52.72999954223633 5.85245569678987e-17
52.95000076293945 1.9728045851152896e-16
53.18000030517578 8.044377779192497e-17
53.400001525878906 5.715356135087372e-17
53.630001068115234 6.007831317818361e-17
53.86000061035156 5.488302997875446e-17
54.099998474121094 1.4384473652439119e-16
54.33000183105469 9.567458161896996e-17
54.56999969482422 1.6536558054796701e-16
54.810001373291016 7.96205080893081e-17
55.04999923706055 5.689373399430346e-17
55.290000915527344 8.905769258391738e-17
55.540000915527344 6.618653245863039e-17
55.779998779296875 7.637146175720801e-17
56.029998779296875 5.921827695169998e-17
56.279998779296875 7.302771978858285e-17
56.540000915527344 5.5359039334054226e-17
56.790000915527344 4.9515759386363283e-17
57.04999923706055 5.2269939953919844e-17
57.310001373291016 7.248298495926973e-17
57.58000183105469 4.56755833187532e-17
57.84000015258789 1.0314660997127987e-16
58.11000061035156 1.4241955065107662e-16
58.380001068115234 6.01233316558412e-17
58.65999984741211 6.713262855604404e-17
58.93000030517578 9.244866987424176e-17
59.209999084472656 5.36395889209076e-17
59.4900016784668 1.7525634456838608e-16
59.779998779296875 4.797591304525907e-17
60.060001373291016 5.607725379015442e-17
60.349998474121094 4.444076148288914e-17
60.63999938964844 5.534300857378295e-17
60.939998626708984 7.203806766883461e-17
61.2400016784668 1.0418027471706084e-16
61.540000915527344 7.042574045373605e-17
61.84000015258789 6.649417747205111e-17
62.150001525878906 5.07803696504466e-17
62.459999084472656 6.420108723026631e-17
62.77000045776367 1.1014815784350432e-16
63.09000015258789 7.405294067467088e-17
63.40999984741211 9.601009269286637e-17
63.72999954223633 1.925309859575965e-16
64.05999755859375 9.45363744786521e-17
64.38999938964844 4.4541078638857124e-17
64.72000122070312 7.521631395794506e-17
65.05000305175781 5.383551161207446e-17
65.38999938964844 4.6643219199317735e-17
65.73999786376953 8.290234386088978e-17
66.08000183105469 7.206416687152188e-17
66.44000244140625 1.8892233443471755e-16
66.79000091552734 4.102410519762866e-17
67.1500015258789 4.4378256407082186e-17
67.51000213623047 5.0244409553071445e-17
67.87999725341797 4.711255155271297e-17
68.25 4.351648310131219e-17
68.62000274658203 5.0335177736048113e-17
69.0 7.185507546500318e-17
69.37999725341797 4.1222254659004516e-17
69.7699966430664 3.064354239022633e-16
70.16000366210938 9.247434556045541e-17
70.55000305175781 4.8277817425228673e-17
70.94999694824219 3.87596883445974e-17
71.36000061035156 1.633408012271148e-16
71.7699966430664 3.6784172592306405e-17
72.18000030517578 4.1618176387396897e-17
72.5999984741211 4.055096450469323e-17
73.0199966430664 3.752396653622688e-17
73.44999694824219 1.3778080118521805e-16
73.87999725341797 4.312398590065578e-17
74.31999969482422 5.204521152510144e-17
74.76000213623047 5.061530079612797e-17
75.20999908447266 1.7931126334045982e-16
75.66999816894531 4.067662316590739e-17
76.12999725341797 1.2462892061320053e-16
76.58999633789062 6.99569143348757e-17
77.05999755859375 5.4762522998395285e-17
77.54000091552734 5.633221732472286e-17
78.0199966430664 4.278390217233318e-17
78.51000213623047 5.64514107422693e-17
79.01000213623047 4.065308160567413e-17
79.51000213623047 7.287133633069603e-17
80.0199966430664 3.854036636826264e-17
80.52999877929688 3.9985100173813056e-17
81.05000305175781 6.5712524880413e-17
81.58000183105469 9.759745228835563e-17
82.12000274658203 5.667316132088252e-17
82.66000366210938 6.01016198191229e-17
83.20999908447266 5.458478504581479e-17
83.7699966430664 7.496717377488899e-17
84.33000183105469 3.7732717144333213e-17
84.9000015258789 3.858657267727985e-17
85.4800033569336 3.177351279687664e-17
86.06999969482422 3.3716742035498463e-17
86.66000366210938 3.166397423143992e-17
87.2699966430664 3.524693352449296e-17
87.87999725341797 5.773782217857707e-17
88.5 4.338983182336297e-17
89.12999725341797 3.49152936558633e-17
89.7699966430664 3.9300432854635564e-17
90.41999816894531 4.045565013706997e-17
91.08000183105469 5.9639874366306e-17
91.73999786376953 3.5666013001314374e-17
92.41999816894531 5.280242258399983e-17
93.11000061035156 2.420792535420331e-17
93.80000305175781 1.0249467253457988e-16
94.51000213623047 2.731985988232783e-17
95.2300033569336 2.3879030070846102e-17
95.95999908447266 3.4035014665429267e-17
96.69999694824219 3.875904976116451e-17
97.44999694824219 2.9574142118494095e-17
98.22000122070312 7.562614555551813e-17
98.98999786376953 2.34165070682534e-17
99.77999877929688 2.1687712822907374e-17
100.5999984741211 3.089463339603905e-17
101.4000015258789 4.9585798423189373e-17
102.19999694824219 9.962818069217332e-17
103.0999984741211 3.924345334532046e-17
103.9000015258789 3.8055823817763777e-17
104.80000305175781 2.1469466181368933e-17
105.69999694824219 2.864711418856102e-17
106.5999984741211 2.9455911539180666e-17
107.5 1.968372055084863e-17
108.4000015258789 1.1553505577747015e-16
109.4000015258789 2.2851919904239007e-17
110.30000305175781 3.7914776288433685e-17
111.30000305175781 2.7008085583289245e-17
112.30000305175781 2.0641139096486907e-17
113.30000305175781 2.439541080312213e-17
114.4000015258789 4.3339162047760423e-17
115.4000015258789 2.310225288173838e-17
116.5 2.3399141238473463e-17
117.5999984741211 1.67227888361624e-16
118.69999694824219 5.477674719620875e-17
119.80000305175781 4.2637729431927707e-17
