,LyA_intrinsic_profile_bestfit,LyA_intrinsic_profile_high_1sig,LyA_intrinsic_profile_high_2sig,LyA_intrinsic_profile_low_1sig,LyA_intrinsic_profile_low_2sig,LyA_intrinsic_profile_median,LyA_model_high_1sig,LyA_model_high_2sig,LyA_model_low_1sig,LyA_model_low_2sig,LyA_model_median,cont,error,flux,model_best_fit,wave,LyA_intrinsic_flux_bestfit,LyA_intrinsic_flux_high_1sig,LyA_intrinsic_flux_high_2sig,LyA_intrinsic_flux_low_1sig,LyA_intrinsic_flux_low_2sig,LyA_intrinsic_flux_median
0,3.515547415623268e-19,7.602636167667991e-19,1.0857264117416475e-17,3.6525701973489537e-19,2.960900903865389e-19,4.9283088436626815e-19,7.378863172415474e-19,1.0653936012383256e-17,3.5778478722540074e-19,2.90762420479478e-19,4.807405284133224e-19,-1.518141568552155e-16,5.204213311702933e-17,1.212153319321774e-17,3.436164658422943e-19,1214.0203859702124,2.1176984082534272e-15,2.9603237124958305e-15,4.323037049046741e-15,1.6758267817930067e-15,1.5597979059098347e-16,2.1640410633401627e-15
1,4.71250180624789e-19,1.0181794355067606e-18,1.4281134341109565e-17,4.895981500005555e-19,3.9695145603093027e-19,6.603657793134235e-19,9.869201462157266e-19,1.3979342108395465e-17,4.790341112625068e-19,3.894331120029488e-19,6.434678996760751e-19,-1.516888836818092e-16,5.204213311702933e-17,5.5666846132331e-17,4.600982019698185e-19,1214.0735656164127,,,,,,
2,5.409883945899993e-19,1.1676457962021e-18,1.593077966409555e-17,5.619813361847478e-19,4.557354046949867e-19,7.577021239937815e-19,1.1291596734234076e-18,1.5574150941092298e-17,5.490590296724832e-19,4.465223990932377e-19,7.370911323587446e-19,-1.5156361119300675e-16,5.204213311702933e-17,4.365774815057248e-17,5.273349571580934e-19,1214.1267449719921,,,,,,
3,6.0887740824828e-19,1.3129797858556711e-18,1.7328639225647714e-17,6.324014448492769e-19,5.1295054894903495e-19,8.523533297801705e-19,1.266382220385992e-18,1.688814742384258e-17,6.168284407221357e-19,5.018298644745052e-19,8.274469486037371e-19,-1.5143833938879595e-16,5.204213311702933e-17,-1.180139757048875e-17,5.924000645802348e-19,1214.179924036956,,,,,,
4,6.829176635693273e-19,1.4710869218570346e-18,1.8695468246254497e-17,7.09218663510343e-19,5.753513564133188e-19,9.554492193206722e-19,1.4145281005031828e-18,1.817541344085083e-17,6.90464372909599e-19,5.618902626045039e-19,9.25510268113168e-19,-1.5131306826916574e-16,5.204213311702933e-17,1.890385837438365e-18,6.630197421586744e-19,1214.233102811309,,,,,,
5,7.660751276556239e-19,1.647784537938446e-18,2.0127764528052604e-17,7.955105102283371e-19,6.451688008043961e-19,1.0712883999532654e-18,1.5797060043248135e-18,1.955862924897095e-17,7.727930506049519e-19,6.292581537929886e-19,1.0349013932450058e-18,-1.5118779783410508e-16,5.204213311702933e-17,-7.167783835799466e-17,7.419405265453414e-19,1214.2862812950557,,,,,,
6,8.619830132783257e-19,1.8532569339001986e-18,2.1581313453722482e-17,8.947991153689693e-19,7.259245330871426e-19,1.2051027283946279e-18,1.7686974972591992e-18,2.0968208079963664e-17,8.668876247773905e-19,7.065947925065381e-19,1.1602155497634748e-18,-1.5106252808360252e-16,5.204213311702933e-17,4.723594771703598e-17,8.324983464902595e-19,1214.3394594882009,,,,,,
7,9.74701340761108e-19,2.0948930309929008e-18,2.323130120426066e-17,1.0117883925944924e-18,8.2049380079065825e-19,1.3627553960272756e-18,1.9901692620810477e-18,2.247333006211628e-17,9.766700904716673e-19,7.966313555423131e-19,1.3074644126843816e-18,-1.5093725901764704e-16,5.204213311702933e-17,3.8784213927577783e-17,9.383580977367793e-19,1214.3926373907495,,,,,,
8,1.1086938215881e-18,2.3850493491823494e-18,2.493240598148293e-17,1.1504168222086583e-18,9.32132026848654e-19,1.5505495017444924e-18,2.254822405286237e-18,2.4081013028276012e-17,1.1075534175365325e-18,9.032551322299476e-19,1.4818898697812168e-18,-1.5081199063622718e-16,5.204213311702933e-17,4.6685149573954786e-17,1.0634574996709365e-18,1214.4458150027062,,,,,,
9,1.269116628360523e-18,2.7363271176489194e-18,2.681713353623728e-17,1.3163192946980265e-18,1.0660123997658878e-18,1.7767687290561442e-18,2.572449858280929e-18,2.5835713227490583e-17,1.2627856946159902e-18,1.0293240886710873e-18,1.6907929694910717e-18,-1.506867229393319e-16,5.204213311702933e-17,5.4352949447903527e-17,1.2122138405652346e-18,1214.4989923240757,,,,,,
10,1.46543878156898e-18,3.170199344471165e-18,2.8870998554584264e-17,1.5216182675899796e-18,1.2301365455403773e-18,2.057803612407643e-18,2.9595717217701244e-18,2.771395791627373e-17,1.4512005412907741e-18,1.183000244108055e-18,1.9474926808757665e-18,-1.5056145592695057e-16,5.204213311702933e-17,3.2129540714451527e-17,1.3924591538192136e-18,1214.5521693548628,,,,,,
11,1.7459000776603437e-18,3.749555163783131e-18,3.1161552754771555e-17,1.8168642575906697e-18,1.4746625109910734e-18,2.4444859477539898e-18,3.4680086418659892e-18,2.9739741797915576e-17,1.7177341753897175e-18,1.406711284175292e-18,2.2919192372744614e-18,-1.5043618959907134e-16,5.204213311702933e-17,-9.317118859291563e-17,1.642586541316359e-18,1214.605346095072,,,,,,
12,2.3758449990404355e-18,4.801853255102506e-18,3.361244785424421e-17,2.4636768820724644e-18,2.042381268793465e-18,3.229853729722284e-18,4.320911142307469e-18,3.204443593541845e-17,2.2648417446316753e-18,1.897557590253296e-18,2.9383002664237492e-18,-1.5031092395568197e-16,5.204213311702933e-17,-1.729197062094074e-17,2.1633411708030068e-18,1214.658522544709,,,,,,
13,4.195756745688966e-18,7.469309219537037e-18,3.630223198782254e-17,4.2604020033720844e-18,3.639345412783304e-18,5.331694187446464e-18,6.0701609922174766e-18,3.441156518335585e-17,3.6364727304450045e-18,3.1827015008703155e-18,4.4351926921155e-18,-1.5018565899677341e-16,5.204213311702933e-17,-1.4639181379119157e-16,3.4915282466316794e-18,1214.7116987037773,,,,,,
14,9.293750414157071e-18,1.4668241380165238e-17,3.920413032074314e-17,9.147361793974804e-18,7.974956647595427e-18,1.09919818433983e-17,1.0010832783380122e-17,3.6999446073425003e-17,7.055537323287537e-18,6.408258981665746e-18,8.06288947812339e-18,-1.5006039472233264e-16,5.204213311702933e-17,7.591435419005961e-17,6.8516295753069085e-18,1214.7648745722827,,,,,,
15,2.2829121196226434e-17,3.30333582004338e-17,4.521025728820333e-17,2.176206005208911e-17,1.913433370430935e-17,2.570136543346876e-17,1.960039762621901e-17,3.978283232693698e-17,1.56242029220103e-17,1.4486908559797446e-17,1.7141526484772243e-17,-1.499351311323498e-16,5.204213311702933e-17,-9.475742361203819e-17,1.547877512949007e-17,1214.818050150229,,,,,,
16,5.56761024390231e-17,7.283265338378324e-17,9.441965819892465e-17,4.9520415736402666e-17,3.802154345307992e-17,5.884997196622628e-17,4.050071134969223e-17,4.532122499217734e-17,3.491251685102001e-17,3.236978630341445e-17,3.750151972199176e-17,-1.4980986822681304e-16,5.204213311702933e-17,1.5557376419842522e-16,3.5351763164624404e-17,1214.8712254376217,,,,,,
17,1.2656758046170917e-16,1.6545355244146012e-16,2.1814186163752683e-16,1.0884390270474685e-16,4.09257745731332e-17,1.31959567774744e-16,8.362136568938495e-17,8.874472764383271e-17,7.322023532827704e-17,3.7944970565471384e-17,7.873011798616887e-17,-1.4968460600571054e-16,5.204213311702933e-17,-4.247425749282464e-16,7.614155228629301e-17,1214.9244004344655,,,,,,
18,2.620988103614506e-16,3.4451419582773236e-16,4.608042791194921e-16,2.225317733967424e-16,4.402604177286078e-17,2.7181169173153925e-16,1.6246413242864933e-16,1.7144774066840142e-16,1.440226393695528e-16,4.035136602789564e-17,1.5386993049650458e-16,-1.4955934446903126e-16,5.204213311702933e-17,-6.790813303176751e-16,1.5006897301487662e-16,1214.977575140765,,,,,,
19,5.067697149144162e-16,6.641643668951336e-16,8.902810184295063e-16,4.3081869820367823e-16,4.7229535148692925e-17,5.249621505752259e-16,3.0611756796697304e-16,3.274591200837389e-16,2.666419638714871e-16,4.2715085029813086e-17,2.868383844883863e-16,-1.4943408361676494e-16,1.0811708320596612e-16,5.973815011350352e-16,2.8227716331255074e-16,1215.030749556525,,,,,,
20,1.0306471037468353e-15,1.315856518995622e-15,1.7178159481878016e-15,8.854535979241127e-16,5.0555725578395473e-17,1.0641068010075505e-15,6.546407971389093e-16,7.112869034990998e-16,5.417111647797055e-16,4.5043906470438484e-17,5.998252739750474e-16,-1.4930882344890014e-16,1.6299518077995907e-16,2.066406943028104e-15,5.972648373578918e-16,1215.08392368175,,,,,,
21,2.4666511024250004e-15,3.093019464489507e-15,3.956191421161897e-15,2.111005536152799e-15,5.392006427551751e-17,2.526574438594984e-15,1.6479851296752185e-15,1.755431916246829e-15,1.4052710229271414e-15,4.74057825674821e-17,1.5360726225702229e-15,-1.4918356396542503e-16,1.4862659261333834e-16,1.2082849477966605e-15,1.5327030585816083e-15,1215.1370975164452,,,,,,
22,5.715386612254134e-15,7.461272952629745e-15,9.995286191989144e-15,4.709937706600052e-15,5.75133239382578e-17,5.822438715459591e-15,3.592122270866965e-15,3.758790232197839e-15,3.209702213453518e-15,4.931116208943089e-17,3.4174694334903032e-15,-1.4905830516632857e-16,2.43594309582036e-16,4.383579069534628e-15,3.4089774040957478e-15,1215.190271060615,,,,,,
23,9.450719729241068e-15,1.3151709030076042e-14,1.887301385906964e-14,7.39580110357002e-15,6.10266900276751e-17,9.632803129641978e-15,4.727971126571784e-15,4.9312264791952476e-15,4.2363683110173104e-15,5.0814672439879083e-17,4.504965546722749e-15,-1.489330470515997e-16,2.4926434885683966e-16,4.4785520853354755e-15,4.499845581715842e-15,1215.2434443142645,,,,,,
24,9.567797924224946e-15,1.3803837909523885e-14,2.0734332647224404e-14,7.274194471820345e-15,6.448329864063098e-17,9.742315781395998e-15,3.1819075002159543e-15,3.377023307863976e-15,2.7476798494992032e-15,5.1952970200895226e-17,2.9815903657266244e-15,-1.488077896212266e-16,2.2312597745879057e-16,2.9428650088271584e-15,2.935170026237611e-15,1215.2966172773984,,,,,,
25,5.910675625739103e-15,8.646992656065058e-15,1.3702499042461264e-14,4.440414550925401e-15,6.797299316630576e-17,5.945979317257243e-15,1.8391762478106356e-15,1.99719209885425e-15,1.4465514935305025e-15,5.251084958320479e-17,1.6661083458229023e-15,-1.4868253287519863e-16,2.0803927651740983e-16,1.868909039509669e-15,1.6517596288311715e-15,1215.3497899500212,,,,,,
26,2.5764582146291348e-15,3.834780519409803e-15,6.462950561845477e-15,1.9258865264727426e-15,7.129960053999221e-17,2.5708374977848678e-15,8.98388358850242e-16,1.007496107201075e-15,6.838276903232448e-16,5.252372438281806e-17,7.972875753397661e-16,-1.4855727681350552e-16,1.8673069025527056e-16,7.8490274800006e-16,7.999690612052458e-16,1215.4029623321376,,,,,,
27,1.0706459158737034e-15,1.6034071972044853e-15,2.6931738223204517e-15,8.1592032966170715e-16,7.436931428993923e-17,1.0832782888347797e-15,3.8577376153566696e-16,4.3978188901738965e-16,3.040242364546958e-16,5.116516150031862e-17,3.4328184687491016e-16,-1.4843202143613425e-16,2.0443965691730588e-16,9.949878905039726e-17,3.443620254229093e-16,1215.4561344237527,,,,,,
28,5.229175208743367e-16,7.789330186649262e-16,1.2633231507826729e-15,4.0433864805382387e-16,7.718652659208729e-17,5.356131919890345e-16,1.7776702300193535e-16,1.9358614725485322e-16,1.4944099596858047e-16,4.530363776463069e-17,1.6387915545566905e-16,-1.4830676674307458e-16,2.4734278181016947e-16,-8.689245256366041e-16,1.6264500600858115e-16,1215.5093062248711,,,,,,
29,2.7077117133094773e-16,4.0398076352176767e-16,6.511218773301729e-16,2.0898267551516865e-16,7.989898493429248e-17,2.778082585218825e-16,8.892116302973153e-17,9.595628927997754e-17,7.408942516929346e-17,3.415546779453751e-17,8.200234162611495e-17,-1.4818151273431466e-16,3.5052998007559255e-16,-1.0472711311363022e-15,8.129729328356534e-17,1215.5624777354979,,,,,,
30,1.3132815278473268e-16,1.9830022865785818e-16,3.2325292884336405e-16,1.04012729157597e-16,8.13023893277418e-17,1.3631537954415484e-16,4.207463581956525e-17,4.634598482927705e-17,3.433928070282411e-17,2.068724463941534e-17,3.823069012237865e-17,-1.4805625940984464e-16,4.3532445809224115e-16,-4.793250887376414e-16,3.7816924418356445e-17,1215.6156489556372,,,,,,
31,5.801388135565389e-17,9.575817156316177e-17,1.6213148299695884e-16,4.882624840747856e-17,4.115614890097875e-17,6.452271694579943e-17,1.8336717884941472e-17,3.5112886651557087e-17,1.4285576970150407e-17,1.0981940701500021e-17,1.6128156271932363e-17,-1.479310067696515e-16,3.9487256234780144e-16,-1.3149248845498982e-15,1.5816808833016852e-17,1215.6688198852944,,,,,,
32,2.3842621568277986e-17,4.5906935393352795e-17,1.137026214480612e-16,2.0536519715712376e-17,1.722556082597116e-17,2.7195972268881166e-17,7.06976313683141e-18,2.50421950225559e-17,5.277946131849094e-18,4.113581846369716e-18,6.071365260212956e-18,-1.478057548137254e-16,3.080438018817961e-16,-2.918764839418692e-16,5.921908504779089e-18,1215.7219905244738,,,,,,
33,9.688525004029203e-18,1.9322517721136997e-17,1.1124784060926265e-16,8.709074570064732e-18,7.221371116136415e-18,1.16305947342128e-17,2.6149458350867197e-18,1.0470800718055078e-17,1.884563041460524e-18,1.3599193052022638e-18,2.212923248370224e-18,-1.4768050354205525e-16,2.0120904519299228e-16,-6.804625790286179e-16,2.1017881328280186e-18,1215.77516087318,,,,,,
34,4.339836835786559e-18,9.128322487414113e-18,1.1196863998960895e-16,4.140706958067459e-18,3.3790608417266475e-18,5.625366775414304e-18,1.3252255508640914e-18,4.278395969238712e-18,8.209324135347063e-19,5.525967990079446e-19,1.0483947208179917e-18,-1.4755525295462847e-16,1.6760276192073682e-16,3.1238732669904233e-16,9.007246208160864e-19,1215.8283309314186,,,,,,
35,2.4258729813781784e-18,5.365153212041653e-18,1.1192226245979715e-16,2.4351409559226907e-18,1.9528374197206535e-18,3.3511168124656085e-18,1.2863931257849241e-18,2.784355548322825e-18,7.144134580648958e-19,4.604208778240899e-19,9.438562636626266e-19,-1.4743000305143479e-16,1.248582362844434e-16,2.9340075415578005e-16,7.410975493904215e-19,1215.8815006991936,,,,,,
36,1.7644173207387175e-18,3.966157053647925e-18,1.1121138916737404e-16,1.808366577132446e-18,1.4427230349161912e-18,2.4955078662115427e-18,1.446836558477431e-18,2.724287761657258e-18,7.880693311068688e-19,5.639686687763013e-19,1.0286237763447853e-18,-1.4730475383246277e-16,1.1334943994197803e-16,6.917944996189602e-19,7.766048995231844e-19,1215.93467017651,,,,,,
37,1.4763317798410204e-18,3.297045057399635e-18,1.1000382912653317e-16,1.5159852958370847e-18,1.2109437049676097e-18,2.0862049949209764e-18,1.5840795556087985e-18,4.1067256392437024e-18,8.43005938446749e-19,6.560228930135706e-19,1.0996658967811317e-18,-1.4717950529770097e-16,5.204213311702933e-17,-2.6460434122648766e-16,8.195832437551076e-19,1215.9878393633728,,,,,,
38,1.2777623503660222e-18,2.8342600107515874e-18,1.0814444216075241e-16,1.3115062827559485e-18,1.0506131086342747e-18,1.800032225568291e-18,1.6268854735614303e-18,9.642036379821777e-18,8.533369068581084e-19,6.87564133871205e-19,1.1157081793945082e-18,-1.4705425744713953e-16,5.204213311702933e-17,-1.5724737787479173e-16,8.238444037080176e-19,1216.0410082597862,,,,,,
39,1.1159610542210858e-18,2.4657903466841e-18,1.055843127018767e-16,1.1463212948274264e-18,9.194806304796257e-19,1.5696024023732846e-18,1.6074097778631285e-18,2.2192099547954167e-17,8.273846088199607e-19,6.758059878294583e-19,1.0883249907497126e-18,-1.4692901028076505e-16,5.204213311702933e-17,-1.3369749483418887e-16,7.971753159322513e-19,1216.0941768657556,,,,,,
40,9.810110188991594e-19,2.163571361669298e-18,1.0227519334061914e-16,1.0081911482814434e-18,8.103789173620412e-19,1.378932113845774e-18,1.5441004910378894e-18,3.5489954717065096e-17,7.832215362935596e-19,6.418324633528621e-19,1.0362001772013519e-18,-1.4680376379856805e-16,5.204213311702933e-17,1.188586018633041e-16,7.538688447975478e-19,1216.1473451812853,,,,,,
41,8.679022134134799e-19,1.912611512077793e-18,9.866050018914568e-17,8.92420525341106e-19,7.177262938084728e-19,1.2197982156634435e-18,1.4558208141159958e-18,4.600209831654017e-17,7.3087493164625005e-19,5.984325139501688e-19,9.70257297354112e-19,-1.466785180005363e-16,5.204213311702933e-17,6.600316945429498e-17,7.032649431814834e-19,1216.2005132063803,,,,,,
42,7.726171738898042e-19,1.7017237198998296e-18,9.466986748240788e-17,7.948399331264497e-19,6.396099915900275e-19,1.0861280777473295e-18,1.3596480965295268e-18,5.334806308043542e-17,6.76113037978121e-19,5.540349022816748e-19,9.007339503674893e-19,-1.4655327288665878e-16,5.204213311702933e-17,7.55644386657687e-17,6.50991397990349e-19,1216.2536809410453,,,,,,
43,6.918482522720949e-19,1.5240772592472761e-18,9.048008178696926e-17,7.119959952790356e-19,5.730527113068139e-19,9.72936781197911e-19,1.2627791716157822e-18,5.796958472461135e-17,6.232602686866305e-19,5.094401695901253e-19,8.326548301716545e-19,-1.4642802845692482e-16,5.204213311702933e-17,1.721133370966317e-17,6.002403070866027e-19,1216.306848385285,,,,,,
44,6.229242593501083e-19,1.372545406628793e-18,8.593426337943887e-17,6.413942884049436e-19,5.163841252280785e-19,8.7627025569928e-19,1.171591185384676e-18,6.036973131289215e-17,5.737121529191722e-19,4.682794077313569e-19,7.683249110740734e-19,-1.4630278471132259e-16,5.204213311702933e-17,6.280621498196103e-17,5.526447504690714e-19,1216.3600155391043,,,,,,
45,5.637110422436317e-19,1.2419353103362648e-18,8.106473993775877e-17,5.806526103135914e-19,4.675379539536027e-19,7.933974691209386e-19,1.0844013078790657e-18,6.067383661656856e-17,5.282505553334163e-19,4.3043900914889116e-19,7.087428626004588e-19,-1.4617754164984223e-16,5.204213311702933e-17,8.387867558506228e-18,5.088744147812995e-19,1216.4131824025076,,,,,,
46,5.12507720448093e-19,1.1292327323000046e-18,7.619260150336616e-17,5.282217771835288e-19,4.254019540665774e-19,7.21690575905678e-19,1.0044902110848967e-18,6.015484078639515e-17,4.866012579615915e-19,3.962582424187727e-19,6.547459525367499e-19,-1.4605229927247033e-16,5.204213311702933e-17,7.891351862460174e-17,4.690688520110305e-19,1216.4663489755,,,,,,
47,4.679460606525871e-19,1.031103370856445e-18,7.129537631154096e-17,4.82554809324474e-19,3.885779256662192e-19,6.591528533642752e-19,9.304957822847478e-19,5.88102942606537e-17,4.4906641112750855e-19,3.655388876874573e-19,6.053626187588933e-19,-1.4592705757919702e-16,5.204213311702933e-17,-3.1940757120826506e-17,4.330711150554413e-19,1216.5195152580864,,,,,,
48,4.289237321645641e-19,9.451358939711219e-19,6.668174225980862e-17,4.424451600098173e-19,3.5632376646734697e-19,6.043359197251692e-19,8.634978745016015e-19,5.654940786809785e-17,4.154002014208603e-19,3.375073215206922e-19,5.605021909029168e-19,-1.4580181657001128e-16,5.204213311702933e-17,3.787527707926265e-17,4.00588288599871e-19,1216.572681250271,,,,,,
49,3.945072133135403e-19,8.697723428010444e-19,6.209855792162002e-17,4.0715725730776934e-19,3.2785869651407735e-19,5.560529554675413e-19,8.022206849428311e-19,5.393947758129225e-17,3.8494807873062256e-19,3.125902715558793e-19,5.201356193531882e-19,-1.4567657624490086e-16,5.204213311702933e-17,5.2952020732248816e-17,3.712401598316479e-19,1216.6258469520592,,,,,,
50,3.638639075925383e-19,8.024888258483652e-19,5.763247627249767e-17,3.756276507245536e-19,3.02480772755736e-19,5.130110734857799e-19,7.466631339100446e-19,5.096741510325261e-17,3.5726182789607385e-19,2.899480682642666e-19,4.832709560982883e-19,-1.4555133660385551e-16,5.204213311702933e-17,9.875367181827928e-17,3.4458032808512264e-19,1216.6790123634553,,,,,,
51,3.3614972515709455e-19,7.417295947064378e-19,5.3340358196325116e-17,3.4711474464074935e-19,2.794861821408532e-19,4.740017777278825e-19,6.947475731297691e-19,4.7820957092125287e-17,3.317821364939093e-19,2.6906632088347806e-19,4.492700462308856e-19,-1.454260976468642e-16,5.204213311702933e-17,8.689685574868473e-17,3.200428252641676e-19,1216.732177484464,,,,,,
52,3.1045884694707695e-19,6.853067310990298e-19,4.9142094755434033e-17,3.2069408355976465e-19,2.581861022936444e-19,4.379148315745097e-19,6.454377008924204e-19,4.462452718097053e-17,3.078096858152372e-19,2.4932770827450837e-19,4.171682618631942e-19,-1.4530085937391468e-16,5.204213311702933e-17,-4.728158827263395e-18,2.9692823999170004e-19,1216.7853423150905,,,,,,
53,2.85851638049784e-19,6.31116559648424e-19,4.4992322861504896e-17,2.9534256303285325e-19,2.377986574758609e-19,4.0337594732157375e-19,5.975792200277918e-19,4.131495452286681e-17,2.845111633459788e-19,2.302809469755926e-19,3.858628518492189e-19,-1.4517562178499671e-16,5.204213311702933e-17,1.5557697919957618e-18,2.744532083248778e-19,1216.8385068553391,,,,,,
54,2.615173114334188e-19,5.775663109976233e-19,4.081379715257933e-17,2.7025963391199944e-19,2.1761729390513486e-19,3.6913256827696175e-19,5.493929903982221e-19,3.7867076001698914e-17,2.6120714519374736e-19,2.1118928669646993e-19,3.543905455712815e-19,-1.4505038488009767e-16,5.204213311702933e-17,2.5057238567637532e-17,2.519239573416211e-19,1216.8916711052152,,,,,,
55,2.3380254704013366e-19,5.1666686011559035e-19,3.619724034788524e-17,2.416589572690762e-19,1.945456961810291e-19,3.300509063606761e-19,4.931304696476105e-19,3.376680648300216e-17,2.341454245534115e-19,1.892433455147887e-19,3.178072705603437e-19,-1.4492514865920848e-16,5.204213311702933e-17,6.768479609386369e-17,2.2585771098113533e-19,1216.9448350647228,,,,,,
56,1.7763875987420363e-19,3.9256810246852853e-19,2.7262309282672165e-17,1.8364669532024433e-19,1.4783917079249945e-19,2.5081740989775164e-19,3.7562013403040615e-19,2.5530288541966843e-17,1.7824416571167898e-19,1.440041683604465e-19,2.4203554893383124e-19,-1.4479991312231651e-16,5.204213311702933e-17,6.64416459386857e-17,1.7192785913737328e-19,1216.997998733867,,,,,,
