wave flux error model intrinsic_lya
1.212033508561953340e+03 5.056951211770950964e-15 1.642290928217776590e-15 1.146482384467474525e-15 1.148055077407440052e-15
1.212086888769992129e+03 9.575235474052230748e-16 7.108297202483895274e-16 1.478323687157237428e-15 1.480393231783609568e-15
1.212140268631253093e+03 1.272267131084687479e-15 8.344646585473361157e-16 1.606890080713028250e-15 1.609202608411886053e-15
1.212193648145743282e+03 1.389322308681228724e-15 4.551307827776089475e-16 1.702017071183654165e-15 1.704539418867772388e-15
1.212247027313469516e+03 1.782047271448302409e-15 4.346796777871076559e-16 1.787155965371531370e-15 1.789886150000447564e-15
1.212300406134438390e+03 8.790184494499406188e-16 6.718444066320669143e-16 1.866029851531789693e-15 1.868971653843146698e-15
1.212353784608656497e+03 2.160808332325858567e-15 6.323437529846835861e-16 1.942726685945878266e-15 1.945890421947203428e-15
1.212407162736130658e+03 3.195642002836478394e-15 4.456863377434950521e-16 2.020502286260646248e-15 2.023904018235366746e-15
1.212460540516868377e+03 2.318136030903264039e-15 7.983871564304193538e-16 2.101478440523173999e-15 2.105138797816128066e-15
1.212513917950875566e+03 1.634389749804371335e-15 1.129092413613193308e-15 2.186829007483066173e-15 2.190772241579904875e-15
1.212567295038159273e+03 2.178047164938095008e-15 9.814108085924076386e-16 2.277322323002652773e-15 2.281576105152645967e-15
1.212620671778726091e+03 3.299206925529116602e-15 5.411805703117183334e-16 2.373487986294588791e-15 2.378083463553333572e-15
1.212674048172583070e+03 1.618958737407953356e-15 1.061177860687632114e-15 2.475886990755003227e-15 2.480859245519327628e-15
1.212727424219736577e+03 2.602707222222962454e-15 7.057250947275572496e-16 2.585070112061213078e-15 2.590458654647486990e-15
1.212780799920193431e+03 1.874211894924882094e-15 1.359225756084188710e-15 2.701650281394831883e-15 2.707499706063531199e-15
1.212834175273960682e+03 2.468954810032638269e-15 8.595235576703800147e-16 2.826311164500605052e-15 2.832671937222569436e-15
1.212887550281045151e+03 2.956765632661789573e-15 6.942658477177423701e-16 2.959817172622360371e-15 2.966746559571438856e-15
1.212940924941453204e+03 2.174511340894536379e-15 1.484701025109961549e-15 3.103025180616892320e-15 3.110588330294715900e-15
1.212994299255191436e+03 3.436623684735148970e-15 1.106014406853577984e-15 3.256898225303025587e-15 3.265169486122386817e-15
1.213047673222267804e+03 2.677812148516925355e-15 2.899862719744178575e-16 3.422521705068902204e-15 3.431586160246619332e-15
1.213101046842687538e+03 2.579490819710461900e-15 7.820599615922918137e-16 3.601122467202779673e-15 3.611077803713605211e-15
1.213154420116457914e+03 3.432069206269516536e-15 5.725082379619952355e-16 3.794091504564580151e-15 3.805050260909027027e-15
1.213207793043586435e+03 4.519245553335845297e-15 7.558497014014784516e-16 4.003011065337604211e-15 4.015103314068073153e-15
1.213261165624078785e+03 1.722704965804721014e-15 1.167127353680245347e-15 4.229687059517718095e-15 4.243063726912616225e-15
1.213314537857942469e+03 2.613908829256418647e-15 1.377896391061150077e-15 4.476188255204918637e-15 4.491025100519960334e-15
1.213367909745183624e+03 3.516263707751341133e-15 3.712926974001244624e-16 4.744893674055417760e-15 4.761396231247128655e-15
1.213421281285809528e+03 3.133177881879916822e-15 1.912192908270226320e-15 5.038550491788426272e-15 5.056960168970629610e-15
1.213474652479826773e+03 2.444066665373505229e-15 1.066457388917035040e-15 5.360345292431662638e-15 5.380946870796980427e-15
1.213528023327241499e+03 4.421267649029654331e-15 6.399675540325298139e-16 5.713992178034706870e-15 5.737123317783990146e-15
1.213581393828061891e+03 7.703758806117893794e-15 2.764646872240976772e-16 6.103843294500839978e-15 6.129906346478035149e-15
1.213634763982293634e+03 6.382424706050013331e-15 8.450828588298221686e-16 6.535028347757682907e-15 6.564505462819774508e-15
1.213688133789943549e+03 5.664726316976864842e-15 3.609271273179379576e-16 7.013633442587016988e-15 7.047105916157847623e-15
1.213741503251018230e+03 5.270960880768816544e-15 2.764646872240976772e-16 7.546933847343685874e-15 7.585106931907085111e-15
1.213794872365525180e+03 6.755893924753750263e-15 7.013037149356976780e-16 8.143701663318504203e-15 8.187437308100279433e-15
1.213848241133470538e+03 6.768668984927722772e-15 5.121086477171346543e-16 8.814622690551166022e-15 8.864982499756641420e-15
1.213901609554861352e+03 8.131509162851721547e-15 7.879949175375053201e-16 9.572874130596387259e-15 9.631177383364506079e-15
1.213954977629703762e+03 9.833379411075319731e-15 7.294367940949822467e-16 1.043495064685263389e-14 1.050285375619607798e-14
1.214008345358005272e+03 9.656614511875233325e-15 6.579423847759519289e-16 1.142188675605686742e-14 1.150149398726329551e-14
1.214061712739772702e+03 1.352410577153264743e-14 6.438890730772994209e-16 1.256113283420890123e-14 1.265515665846821606e-14
1.214115079775012191e+03 1.228737915669242992e-14 3.778528884581470331e-15 1.388955487513198921e-14 1.400155396140170621e-14
1.214168446463730561e+03 1.714744510585429839e-14 1.247063511016615849e-15 1.545841400425415601e-14 1.559316401701585398e-14
1.214221812805934860e+03 1.969550282981166512e-14 7.616432301111019838e-16 1.734191902220922406e-14 1.750601722218623031e-14
1.214275178801631455e+03 2.935021914933857725e-14 2.761054895621575530e-15 1.965227820064819147e-14 1.985517675127675788e-14
1.214328544450827849e+03 3.114325174846378197e-14 6.701296308153339851e-15 2.256648493246657450e-14 2.282234423935383301e-14
1.214381909753530181e+03 4.023166488733813497e-14 2.721182599935932759e-15 2.637387332955162146e-14 2.670498673077301021e-14
1.214435274709745272e+03 4.531352210969159638e-14 1.289901982679956877e-15 3.155924630934594446e-14 3.200249014131163495e-14
1.214488639319480171e+03 5.407979319904321362e-14 1.637298187923769503e-15 3.894456630859493376e-14 3.956356631812284468e-14
1.214542003582741017e+03 7.445155052285354906e-14 3.847988707923019040e-15 4.992188494722312763e-14 5.082965561884557947e-14
1.214595367499534859e+03 9.501721746261137046e-14 2.522404076215136274e-15 6.681643524643303208e-14 6.821621612040845784e-14
1.214648731069868973e+03 1.159018793533769821e-13 6.012678367906636903e-15 9.343088082368447425e-14 9.568862007597082943e-14
1.214702094293749269e+03 1.652399811337297028e-13 4.494271463039734383e-15 1.357966766096879548e-13 1.395788120166316454e-13
1.214755457171183025e+03 2.310036026965237598e-13 6.019711207446199224e-15 2.029749696417550579e-13 2.094661218951973362e-13
1.214808819702176606e+03 3.263057334697322162e-13 6.449048410719606444e-15 3.073392896622153596e-13 3.186021115739062599e-13
1.214862181886737289e+03 4.624180328923910746e-13 8.522999848454492978e-16 4.629790800928104587e-13 4.825125369076155752e-13
1.214915543724871441e+03 6.989776077112268183e-13 9.779599278839984701e-15 6.805026812207401127e-13 7.139308366882143648e-13
1.214968905216586109e+03 9.682224572718274516e-13 6.930365026381800267e-15 9.575779635260372555e-13 1.013221992460024697e-12
1.215022266361887432e+03 1.287772397375757639e-12 1.885714831386397508e-14 1.264427123235224554e-12 1.352928921492135592e-12
1.215075627160782687e+03 1.528636621392920316e-12 1.319943629911667502e-14 1.517830449583299752e-12 1.648836191722323131e-12
1.215128987613278696e+03 1.570710377393009372e-12 3.312390149241448060e-15 1.579148069758827220e-12 1.760445124342466385e-12
1.215182347719381596e+03 1.393829075529964683e-12 1.728432502228972624e-14 1.411534003427565879e-12 1.686430048653830340e-12
1.215235707479098892e+03 1.183256803296082419e-12 2.613841434356464261e-14 1.222403823187239452e-12 1.690989927380679324e-12
1.215289066892436722e+03 1.176529122681746701e-12 4.017348935166280722e-15 1.165588628297605290e-12 1.760621563928400279e-12
1.215342425959401908e+03 1.057885031099974971e-12 1.033527554038335346e-14 1.095272606933354712e-12 1.636121030736024873e-12
1.215395784680001498e+03 7.263755192544587207e-13 1.010936296261700357e-14 7.756749906038512766e-13 1.334322845590012522e-12
1.215449143054242541e+03 3.622576722728286708e-13 5.871574462590082058e-15 3.511348220674834199e-13 9.953459750764537167e-13
1.215502501082130948e+03 1.772384929465059637e-13 6.509126474803234393e-15 1.339700110707807029e-13 6.994242806563065746e-13
1.215555858763673996e+03 8.695988959697604722e-14 3.920977003391984168e-15 6.339607419193904687e-14 4.718878013626793515e-13
1.215609216098878051e+03 5.496091791055502407e-14 4.551896265497979837e-15 3.432262697413927102e-14 3.113694076337611598e-13
1.215662573087750161e+03 3.943897866007902927e-14 2.372515510705684362e-15 1.909503386432981442e-14 2.047774823347694939e-13
1.215715929730296921e+03 2.457642397177368390e-14 4.242982446645809702e-15 1.663622792263260843e-14 1.366219579972286277e-13
1.215769286026525606e+03 3.077225291521084054e-14 2.752360943726161065e-15 2.770228454858229245e-14 9.384292799379817491e-14
1.215822641976441901e+03 4.648909957584363122e-14 3.286081543466141282e-15 3.236414260835208622e-14 6.705861564849750577e-14
1.215875997580053763e+03 3.827528790436324169e-14 5.660712439788550558e-15 3.107218048493979559e-14 5.009057983922596411e-14
1.215929352837366878e+03 3.421018506270788965e-14 2.198634872009058631e-15 2.834037191304174974e-14 3.907743848595418612e-14
1.215982707748388520e+03 2.953284562840196527e-14 6.904896684893493769e-16 2.550770502794807635e-14 3.166975717912355208e-14
1.216036062313125512e+03 2.247174462739792430e-14 4.065718412497875613e-15 2.284026505642282501e-14 2.646687287707252570e-14
1.216089416531584220e+03 2.156922371896608181e-14 2.962182669252831831e-15 2.041582255381215694e-14 2.264436486607048516e-14
1.216142770403771465e+03 1.635133577868445802e-14 1.687844693155234744e-15 1.827022532430121156e-14 1.971696287319654908e-14
1.216196123929694522e+03 1.713318872980494356e-14 7.418791386710275238e-16 1.640332471334788862e-14 1.739529703327047514e-14
1.216249477109359987e+03 1.495160660802033602e-14 1.611040432158628100e-15 1.478924606597498650e-14 1.550230374921609984e-14
1.216302829942773769e+03 1.196983112202007920e-14 9.852941043727381711e-16 1.339419641104135838e-14 1.392560787996872233e-14
1.216356182429943601e+03 1.212502766009447729e-14 1.859223877730399802e-15 1.218330188676926615e-14 1.259077637721010399e-14
1.216409534570875167e+03 1.232109740301670138e-14 1.632500022257918899e-15 1.112727788170650338e-14 1.144631466928417062e-14
1.216462886365576878e+03 8.637442800090844906e-15 1.175264539144881940e-15 1.020114299018798653e-14 1.045514170397669300e-14
1.216516237814053511e+03 5.897748296821697111e-15 4.294020299942951210e-16 9.384553972878175472e-15 9.589621338569453177e-15
1.216569588916313023e+03 5.771637110838876830e-15 8.322261102441872847e-16 8.661000831856375064e-15 8.828565313508296231e-15
1.216622939672362008e+03 7.596673859817195426e-15 1.070073370145150639e-15 8.016982808248410731e-15 8.155353812714513353e-15
1.216676290082206833e+03 6.268160888395655232e-15 1.143105105629202799e-15 7.441371726246382232e-15 7.556709289786381801e-15
1.216729640145854773e+03 6.382276120364611464e-15 1.350174552322017573e-15 6.924917507903616518e-15 7.021865925000240399e-15
1.216782989863311968e+03 4.571214814075516849e-15 1.242570589095239144e-15 6.459875218133453765e-15 6.541987720690041134e-15
1.216836339234585921e+03 3.081482154912123397e-15 1.019246426677793351e-15 6.039719534902382743e-15 6.109748622604135342e-15
1.216889688259682544e+03 3.046719565293528057e-15 5.168048763059158868e-16 5.658918764106945050e-15 5.719021861724827853e-15
1.216943036938609112e+03 3.032386189179226370e-15 1.227302198187858550e-15 5.312760099175323975e-15 5.364645204702523105e-15
1.216996385271372219e+03 4.369731278977456284e-15 6.405664235531156287e-16 4.997082385956318624e-15 5.042113927590680236e-15
1.217049733257978232e+03 1.789890613500427749e-15 5.410464982492932449e-16 4.708257683411568745e-15 4.747534879903316384e-15
1.217103080898434655e+03 1.972024190142132698e-15 2.764646872240976772e-16 4.442587852056010413e-15 4.477000168928124935e-15
1.217156428192747398e+03 2.225704176472449796e-15 2.764646872240976772e-16 4.195921680502507794e-15 4.226189416413500154e-15
1.217209775140924194e+03 1.189027086212100605e-15 8.760297251199043018e-16 3.962560682908095612e-15 3.989260032427341233e-15
1.217263121742970725e+03 1.724986537991129894e-15 5.828996901087178735e-16 3.734876466581175743e-15 3.758455934098002913e-15
1.217316467998894495e+03 2.982583876068775313e-15 6.901286460798576730e-16 3.503884356748393895e-15 3.524678740436915094e-15
1.217369813908701417e+03 7.609887883443529189e-16 3.170521158141436097e-16 3.261549482412702691e-15 3.279800192565378950e-15
1.217423159472399220e+03 9.843097346502065146e-16 7.479125929654964519e-16 2.961802934483464914e-15 2.977496181336853253e-15
1.217476504689994499e+03 3.124730324462709337e-15 2.764646872240976772e-16 2.275497517171135377e-15 2.287083970129167055e-15
