WAVELENGTH,FLUX
1213.704411623187,5.306314554078727e-15
1213.717306470711,6.479358006419685e-15
1213.7302010684505,7.119281204766745e-15
1213.74309541642,7.435521358055945e-15
1213.7559895146337,7.642888521598251e-15
1213.7688833631064,7.804861783864668e-15
1213.7817769618525,7.939228927261725e-15
1213.7946703108862,8.059836262296045e-15
1213.807563410223,8.175327845586812e-15
1213.8204562598764,8.288946870959957e-15
1213.8333488598612,8.404915943668493e-15
1213.846241210192,8.523299245698951e-15
1213.859133310883,8.644163144032013e-15
1213.872025161949,8.767576281711138e-15
1213.8849167634048,8.89360967362406e-15
1213.8978081152643,9.022336807318433e-15
1213.9106992175425,9.153833749192935e-15
1213.9235900702533,9.288179256421975e-15
1213.9364806734116,9.425454895035724e-15
1213.9493710270322,9.565745164576551e-15
1213.9622611311288,9.709137629818838e-15
1213.9751509857165,9.855723060087581e-15
1213.9880405908095,1.0005595576731976e-14
1214.000929946422,1.015885280939947e-14
1214.0138190525697,1.0315596061804443e-14
1214.0267079092657,1.0475930487733767e-14
1214.0395965165253,1.0639965278175168e-14
1214.0524848743623,1.080781386044838e-14
1214.0653729827923,1.097959411041276e-14
1214.0782608418285,1.1155428578849884e-14
1214.0911484514863,1.1335444733335965e-14
1214.1040358117793,1.1519775216958544e-14
1214.116922922723,1.1708558125495652e-14
1214.1298097843314,1.1901937304753537e-14
1214.1426963966185,1.2100062670059029e-14
1214.1555827595994,1.2303090550070563e-14
1214.1684688732887,1.251118405734276e-14
1214.1813547377003,1.2724513488405472e-14
1214.194240352849,1.2943256756446658e-14
1214.207125718749,1.3167599860048675e-14
1214.220010835415,1.339773739190882e-14
1214.232895702862,1.3633873091956272e-14
1214.245780321103,1.3876220449842246e-14
1214.2586646901534,1.412500336250019e-14
1214.271548810028,1.4380456853119322e-14
1214.2844326807406,1.4642827858843315e-14
1214.2973163023062,1.4912376095461116e-14
1214.310199674739,1.5189375008466435e-14
1214.323082798053,1.547411282123681e-14
1214.335965672263,1.5766893692541373e-14
1214.348848297384,1.606803899736363e-14
1214.3617306734297,1.6377888746993782e-14
1214.3746128004148,1.6696803166739392e-14
1214.3874946783537,1.702516445220636e-14
1214.4003763072608,1.7363378728244084e-14
1214.4132576871507,1.771187823825771e-14
1214.4261388180382,1.8071123795717872e-14
1214.4390196999366,1.8441607534555527e-14
1214.4519003328614,1.8823856000790024e-14
1214.4647807168265,1.921843363410891e-14
1214.4776608518466,1.962594669592344e-14
1214.4905407379363,2.004704770904637e-14
1214.5034203751095,2.0482440484577262e-14
1214.516299763381,2.0932885823497573e-14
1214.5291789027654,2.1399207994472843e-14
1214.5420577932769,2.188230210573771e-14
1214.5549364349292,2.2383142507973352e-14
1214.567814827738,2.290279238746885e-14
1214.580692971717,2.3442414734810204e-14
1214.593570866881,2.400328490507987e-14
1214.6064485132438,2.4586805021130002e-14
1214.6193259108206,2.5194520513478883e-14
1214.632203059625,2.5828139139344794e-14
1214.6450799596719,2.6489552881032733e-14
1214.6579566109763,2.7180863191065973e-14
1214.6708330135514,2.790441013067898e-14
1214.6837091674124,2.86628060409881e-14
1214.6965850725733,2.9458974494536564e-14
1214.7094607290487,3.0296195402543046e-14
1214.7223361368533,3.117815730201133e-14
1214.7352112960014,3.210901802161412e-14
1214.7480862065065,3.309347512936273e-14
1214.7609608683842,3.413684780374004e-14
1214.7738352816484,3.524517204816131e-14
1214.7867094463138,3.642531149336209e-14
1214.7995833623943,3.768508640900073e-14
1214.8124570299044,3.9033423983460895e-14
1214.825330448859,4.048053343632513e-14
1214.838203619272,4.2038110110879534e-14
1214.8510765411577,4.371957336261754e-14
1214.8639492145312,4.5540343822705e-14
1214.8768216394062,4.75181664806507e-14
1214.889693815797,4.9673487004853755e-14
1214.9025657437187,5.2029889804930237e-14
1214.915437423185,5.461460753603292e-14
1214.9283088542106,5.745911304357072e-14
1214.9411800368102,6.059980612730568e-14
1214.9540509709975,6.407880893518597e-14
1214.9669216567875,6.794488522624951e-14
1214.979792094194,7.22545000887137e-14
1214.992662283232,7.707303785462057e-14
1215.005532223915,8.24761967557746e-14
1215.0184019162587,8.855157911313602e-14
1215.0312713602764,9.54004952617156e-14
1215.0441405559827,1.0313999764418636e-13
1215.0570095033922,1.1190515811199378e-13
1215.069878202519,1.218515959378542e-13
1215.0827466533776,1.331582557497487e-13
1215.0956148559826,1.460304228631427e-13
1215.108482810348,1.6070294759903923e-13
1215.1213505164883,1.7744362943663776e-13
1215.1342179744177,1.9655668568722185e-13
1215.147085184151,2.1838619747315762e-13
1215.1599521457022,2.433193882564924e-13
1215.1728188590855,2.71789547738536e-13
1215.185685324316,3.04278368259722e-13
1215.1985515414071,3.4131741459169584e-13
1215.211417510374,3.834884052260498e-13
1215.2242832312306,4.3142194919097557e-13
1215.2371487039911,4.857943635377086e-13
1215.2500139286703,5.47322199997683e-13
1215.2628789052824,6.167541419421084e-13
1215.2757436338418,6.948600003910015e-13
1215.2886081143622,7.8241664346445e-13
1215.301472346859,8.801908363511111e-13
1215.314336331346,9.889191422509796e-13
1215.3272000678376,1.1092852269684476e-12
1215.3400635563476,1.2418951037095547e-12
1215.3529267968913,1.3872510300989878e-12
1215.3657897894825,1.545724906097496e-12
1215.3786525341357,1.7175321030053916e-12
1215.3915150308649,1.9027066709686712e-12
1215.4043772796851,2.1010788266909404e-12
1215.41723928061,2.3122555259990402e-12
1215.4301010336542,2.5356047980469375e-12
1215.4429625388318,2.77024438359019e-12
1215.4558237961578,3.0150351021715394e-12
1215.4686848056456,3.2685792874823236e-12
1215.4815455673101,3.529224581017365e-12
1215.4944060811656,3.795073352228617e-12
1215.5072663472265,4.063997999225797e-12
1215.5201263655067,4.333662351093633e-12
1215.5329861360206,4.601549315323052e-12
1215.5458456587833,4.864994772204719e-12
1215.558704933808,5.121227505315379e-12
1215.57156396111,5.36741468122369e-12
1215.5844227407026,5.600712074188239e-12
1215.597281272601,5.818317906411335e-12
1215.6101395568191,6.017528878610312e-12
1215.6229975933713,6.19579673556213e-12
1215.635855382272,6.350783573299828e-12
1215.6487129235354,6.480414063084385e-12
1215.6615702171755,6.582922841068613e-12
1215.6744272632072,6.656895478205759e-12
1215.6872840616445,6.701301680288692e-12
1215.7001406125016,6.715519648405594e-12
1215.7129969157936,6.6993508336697925e-12
1215.7258529715334,6.653024631814924e-12
1215.738708779736,6.577192875708239e-12
1215.751564340416,6.472914295720092e-12
1215.7644196535875,6.34162942995631e-12
1215.7772747192648,6.1851267769868035e-12
1215.7901295374618,6.005501285093068e-12
1215.8029841081934,5.805106548618314e-12
1215.8158384314734,5.5865023117841e-12
1215.8286925073164,5.352399038636571e-12
1215.8415463357367,5.105601373289555e-12
1215.8543999167482,4.848952274345289e-12
1215.8672532503654,4.585279461806886e-12
1215.8801063366031,4.3173455786552476e-12
1215.892959175475,4.047803170348495e-12
1215.9058117669952,3.779155259658405e-12
1215.9186641111785,3.513721979298482e-12
1215.9315162080388,3.253613452770126e-12
1215.9443680575907,3.0007089061300847e-12
1215.9572196598483,2.756641856693668e-12
1215.970071014826,2.5227911508561088e-12
1215.9829221225377,2.300277592637756e-12
1215.995772982998,2.08996589090842e-12
1216.0086235962212,1.89247163087388e-12
1216.0214739622215,1.7081729249115343e-12
1216.034324081013,1.5372263114032302e-12
1216.0471739526101,1.3795863524828423e-12
1216.0600235770276,1.2350282486615616e-12
1216.0728729542786,1.1031726630835884e-12
1216.0857220843784,9.835118549248415e-13
1216.0985709673405,8.754361799731532e-13
1216.11141960318,7.782600376538394e-13
1216.12426799191,6.912464283967064e-13
1216.1371161335458,6.136294236827008e-13
1216.1499640281015,5.446340269127921e-13
1216.1628116755908,4.834930960806379e-13
1216.1756590760288,4.2946118931235807e-13
1216.1885062294289,3.818253649955344e-13
1216.2013531358057,3.3991310786734377e-13
1216.2141997951735,3.0309765525418567e-13
1216.2270462075464,2.708010627824803e-13
1216.2398923729388,2.424953795922248e-13
1216.252738291365,2.1770230511508088e-13
1216.265583962839,1.959916797887585e-13
1216.2784293873754,1.769791276960646e-13
1216.2912745649878,1.6032312636056343e-13
1216.304119495691,1.4572173297680395e-13
1216.3169641794993,1.329091511002936e-13
1216.3298086164266,1.2165227989447483e-13
1216.3426528064872,1.1174735100796513e-13
1216.3554967496957,1.0301672673063883e-13
1216.3683404460658,9.53059073416376e-14
1216.3811838956117,8.848077518309455e-14
1216.394027098348,8.242508739839817e-14
1216.4068700542891,7.703821777004645e-14
1216.419712763449,7.223313997328764e-14
1216.4325552258415,6.79346391523535e-14
1216.4453974414816,6.407773542291385e-14
1216.4582394103825,6.060630119160606e-14
1216.4710811325597,5.747185362926401e-14
1216.4839226080264,5.463250390083117e-14
1216.496763836797,5.205204556314075e-14
1216.5096048188864,4.969916569567038e-14
1216.522445554308,4.754676366828786e-14
1216.5352860430762,4.557136386796452e-14
1216.5481262852056,4.375261012559389e-14
1216.56096628071,4.207283095178638e-14
1216.5738060296037,4.051666597574717e-14
1216.5866455319015,3.907074516554562e-14
1216.5994847876166,3.772341348271892e-14
1216.6123237967636,3.6464494587755057e-14
1216.6251625593568,3.5285088070043983e-14
1216.6380010754106,3.417739543062785e-14
1216.6508393449387,3.313457070805318e-14
1216.6636773679559,3.2150592214382217e-14
1216.676515144476,3.122015234923494e-14
1216.6893526745132,3.033856289263395e-14
1216.7021899580816,2.9501673550952784e-14
1216.7150269951962,2.870580185153647e-14
1216.72786378587,2.7947672757365573e-14
1216.7407003301182,2.7224366609368953e-14
1216.7535366279542,2.653327420670984e-14
1216.7663726793926,2.5872058007999456e-14
1216.779208484448,2.523861858454428e-14
1216.7920440431335,2.4631065582803068e-14
1216.804879355464,2.4047692560973083e-14
1216.8177144214537,2.3486955156719704e-14
1216.8305492411168,2.2947452121302716e-14
1216.8433838144672,2.2427908822388526e-14
1216.8562181415195,2.1927162874895294e-14
1216.8690522222876,2.144415160799366e-14
1216.881886056785,2.097790111788219e-14
1216.8947196450274,2.052751669157362e-14
1216.907552987028,2.0092174417268322e-14
1216.920386082801,1.967111382270549e-14
1216.9332189323607,1.9263631405211708e-14
1216.9460515357212,1.8869074936065164e-14
1216.958883892897,1.8486838438047323e-14
1216.9717160039015,1.8116357748984632e-14
1216.9845478687496,1.775710659598959e-14
1216.9973794874554,1.740859311540991e-14
1217.010210860033,1.7070356762214032e-14
1217.0230419864956,1.674196556014075e-14
1217.0358728668593,1.642301365038493e-14
1217.0487035011367,1.6113119102326443e-14
1217.0615338893426,1.5811921954361638e-14
1217.0743640314906,1.551908245734386e-14
1217.0871939275958,1.5234279496496294e-14
1217.1000235776714,1.4957209170907047e-14
1217.1128529817322,1.468758351226506e-14
1217.1256821397924,1.442512932692557e-14
1217.138511051865,1.4169587147322137e-14
1217.1513397179656,1.3920710280485073e-14
1217.1641681381077,1.3678263943019168e-14
1217.1769963123054,1.3442024473060248e-14
1217.1898242405732,1.3211778610998216e-14
1217.2026519229248,1.298732284168876e-14
1217.2154793593745,1.276846279172776e-14
1217.2283065499366,1.255501267616221e-14
1217.241133494625,1.2346794789628305e-14
1217.2539601934543,1.2143639037497494e-14
1217.2667866464376,1.1945382503129916e-14
1217.2796128535904,1.1751869047730352e-14
1217.2924388149258,1.1562948939771941e-14
1217.3052645304585,1.1378478511178462e-14
1217.3180900002026,1.1198319837868193e-14
1217.3309152241713,1.1022340442445041e-14
1217.34374020238,1.0850413017085396e-14
1217.3565649348427,1.0682415164895989e-14
1217.3693894215724,1.0518229158141354e-14
1217.3822136625845,1.0357741711939218e-14
1217.3950376578925,1.0200843772186744e-14
1217.4078614075106,1.004743031652836e-14
1217.4206849114526,9.89740016736924e-15
1217.4335081697332,9.750655815984415e-15
1217.4463311823663,9.607103256896538e-15
1217.459153949366,9.466651831736783e-15
1217.4719764707463,9.329214081909429e-15
1217.4847987465214,9.194705609419152e-15
1217.4976207767058,9.058394155383449e-15
1217.5104425613129,8.916645734310088e-15
1217.5232641003572,8.759791734178156e-15
1217.5360853938528,8.5723546107493e-15
1217.5489064418139,8.334460687769115e-15
1217.5617272442541,7.975173083264042e-15
1217.5745478011884,7.254435176379362e-15
1217.5873681126297,5.938344420290669e-15
