READ SERR 1
@GJ699quiet_model.pco
!
40.6614838 0.666581035 7.11450355E-7
39.3699837 0.624919772 4.4141774E-7
38.1580162 0.587047577 4.64445236E-7
37.0184555 0.552513719 5.73422653E-7
35.9449997 0.520941496 4.67553406E-7
34.9320564 0.492001772 4.42230032E-7
33.9746475 0.465405673 1.27636838E-6
33.0683327 0.440910667 5.76392495E-7
32.2091217 0.418299884 9.06869104E-7
31.3934345 0.397386074 5.1495681E-7
30.6180477 0.37800023 7.08644052E-7
29.8800488 0.360000253 5.08336029E-7
29.1767902 0.34325707 5.2874509E-7
28.5058804 0.327653468 6.86184819E-7
27.8651352 0.313091129 5.1408756E-7
27.2525654 0.299479336 7.17478883E-7
26.6663513 0.28673467 4.76544216E-7
26.1048298 0.274787426 5.42999885E-7
25.5664692 0.263572395 5.87049726E-7
25.0498676 0.253028721 6.5221667E-7
24.5537338 0.243106037 1.43347393E-6
24.0768719 0.233755812 6.17782234E-7
23.6181812 0.224934846 6.11089888E-7
23.1766415 0.216605201 5.31688272E-7
22.7513084 0.20872739 5.63175718E-7
22.3413086 0.201272845 4.99226189E-7
21.9458237 0.194210649 1.33868014E-6
21.5641003 0.187513739 1.88873935E-6
21.1954288 0.181157351 6.01566342E-7
20.8391514 0.175119802 7.30910529E-7
20.4946556 0.169377148 4.90813648E-7
20.1613636 0.163913369 4.55003573E-7
19.8387413 0.158709779 5.63649564E-7
19.5262814 0.153750107 5.06629192E-7
19.2235126 0.149019331 4.97667259E-7
18.9299889 0.144504443 1.71754764E-5
18.6452942 0.140190035 1.01010062E-6
18.3690376 0.136066809 4.28849063E-7
18.1008472 0.132122844 4.72768818E-7
17.8403759 0.128347903 6.21341144E-7
17.5872955 0.124732479 1.26937505E-6
17.3412952 0.121268407 6.85398447E-7
17.1020813 0.117945276 1.49167581E-5
16.869379 0.114757568 6.36162395E-6
16.6429234 0.111697368 1.02246383E-6
16.4224682 0.108757965 8.04328522E-7
16.207777 0.105933085 1.17963486E-6
15.9986277 0.103216857 6.55707936E-6
15.7948065 0.100604363 1.53004078E-6
15.5961132 9.80886668E-2 1.47215314E-6
15.4023581 9.56667289E-2 1.90349579E-6
15.2133579 9.33333933E-2 5.34225592E-6
15.0289402 9.10843983E-2 1.27862422E-5
14.8489399 8.89157206E-2 1.21425649E-6
14.6731997 8.68241042E-2 1.27107728E-6
14.5015717 8.48044306E-2 2.34757385E-6
14.3339119 8.28549042E-2 2.43395607E-6
14.170085 8.0971837E-2 3.83377665E-6
14.0099611 7.91522488E-2 1.25806207E-6
13.8534155 7.73933083E-2 2.25091367E-6
13.7003298 7.56928101E-2 3.31988213E-6
13.5505896 7.40468651E-2 2.110384E-6
13.404088 7.245446E-2 5.70426801E-6
13.2607212 7.09128827E-2 6.64121046E-7
13.120388 6.941998E-2 6.34634148E-7
12.982995 6.79737329E-2 6.02367152E-7
12.8484478 6.65726066E-2 6.78758227E-7
12.7166624 6.52135909E-2 6.92992501E-7
12.5875521 6.38961419E-2 7.00203316E-7
12.4610376 6.26182184E-2 8.99168413E-7
12.3370419 6.13782592E-2 7.94531104E-7
12.2154884 6.01747632E-2 2.30148112E-6
12.0963078 5.90063222E-2 1.17426162E-5
11.9794292 5.78715876E-2 3.82782162E-7
11.864789 5.67692704E-2 4.23543298E-7
11.7523212 5.56981526E-2 3.85574282E-7
11.6419649 5.46577126E-2 3.8799007E-7
11.5336628 5.36448881E-2 1.69264774E-6
11.4273577 5.26605807E-2 7.96677909E-7
11.3229933 5.17031178E-2 8.25099562E-7
11.2205191 5.07715307E-2 1.32397781E-6
11.1198826 4.98648956E-2 1.02503463E-6
11.0210352 4.89823334E-2 1.0044904E-6
10.9239302 4.81229946E-2 3.16698362E-7
10.8285208 4.72860746E-2 4.33743907E-7
10.7347641 4.64707948E-2 8.97492669E-7
10.6426172 4.56764251E-2 7.88649459E-7
10.5520382 4.49022502E-2 7.37397556E-7
10.4629879 4.41481099E-2 7.35225001E-7
10.3754282 4.34117876E-2 5.25431972E-7
10.2893219 4.26942408E-2 3.05318281E-7
10.2046328 4.19943333E-2 1.87049193E-6
10.1213274 4.13114987E-2 4.21829782E-7
10.0393705 4.06451859E-2 4.5067199E-7
9.9587307 3.99948657E-2 3.43656495E-7
9.87937546 3.9360024E-2 3.16008851E-7
9.80127525 3.87401842E-2 2.75165519E-7
9.72440052 3.81348692E-2 8.55654434E-7
9.64872169 3.75436321E-2 2.78234751E-7
9.57421207 3.6966037E-2 2.66871552E-7
9.50084496 3.64016704E-2 5.05987941E-7
9.42859268 3.58505547E-2 2.85199377E-7
9.35743046 3.53110246E-2 3.89264102E-7
9.2873354 3.47839966E-2 2.86781756E-6
9.2182827 3.42686772E-2 1.43060981E-6
9.15024948 3.37647274E-2 4.56543148E-6
9.08321285 3.32718119E-2 2.60995108E-7
9.01715183 3.27896103E-2 2.57527148E-7
8.95204449 3.23178172E-2 2.65860308E-7
8.88787079 3.18561345E-2 2.5138587E-7
8.82460976 3.14042754E-2 2.62615458E-7
8.76224327 3.09619624E-2 2.57958106E-7
8.70075321 3.05289291E-2 2.47760482E-7
8.6401186 3.01052723E-2 2.51767148E-7
8.58032322 2.96896715E-2 2.91990716E-7
8.52135086 2.92829648E-2 2.861307E-7
8.4631834 2.8884558E-2 3.28687833E-7
8.40580463 2.84942258E-2 1.83475936E-6
8.34919834 2.8111754E-2 2.21881933E-7
8.29335022 2.77369302E-2 2.20456471E-7
8.23824406 2.73695532E-2 2.15626514E-7
8.18386459 2.70094294E-2 2.13410146E-7
8.13019848 2.6656365E-2 2.13188684E-7
8.07723236 2.63101775E-2 2.79191795E-7
8.02495098 2.59706918E-2 2.19242239E-7
7.9733429 2.56377347E-2 2.02284895E-7
7.9223938 2.53114402E-2 2.00312371E-7
7.87209177 2.4990743E-2 1.01280693E-6
7.82242441 2.46763937E-2 2.71833017E-7
7.77338028 2.43679397E-2 5.360464E-7
7.72494698 2.40652319E-2 2.155451E-7
7.67711353 2.37681307E-2 1.98079334E-7
7.62986898 2.34764982E-2 1.8588355E-7
7.58320236 2.31901985E-2 1.94898888E-7
7.53710318 2.29091067E-2 1.83136635E-7
7.49156094 2.26330925E-2 3.97652173E-7
7.44656563 2.23620385E-2 1.72637698E-7
7.40210772 2.20958237E-2 1.70189637E-7
7.35817719 2.18345933E-2 1.67992667E-7
7.31476545 2.1577457E-2 2.77201394E-7
7.27186298 2.1325089E-2 1.7552442E-7
7.22946072 2.10771244E-2 2.26561525E-7
7.18755007 2.08334588E-2 2.45312663E-7
7.14612246 2.05939934E-2 1.9650804E-7
7.10516977 2.03586332E-2 3.76535041E-7
7.06468391 2.01272853E-2 1.51849576E-7
7.02465677 1.98998582E-2 1.55425752E-7
6.98508072 1.96762644E-2 1.55230467E-7
6.94594812 1.94564182E-2 1.52149354E-7
6.90725136 1.92402359E-2 1.57905674E-7
6.86898375 1.90276373E-2 1.46559955E-7
6.83113718 1.88187659E-2 1.4435166E-7
6.79370546 1.86128728E-2 1.62323616E-7
6.75668192 1.84105597E-2 1.95308712E-6
6.72005987 1.82115268E-2 3.64777151E-7
6.68383265 1.8015705E-2 9.356026E-7
6.64799404 1.78230237E-2 3.47695936E-6
6.61253738 1.76334158E-2 1.30643798E-7
6.57745743 1.74468197E-2 1.60612004E-7
6.5427475 1.72631685E-2 1.27072894E-7
6.50840187 1.70824025E-2 1.45330972E-7
6.47441483 1.69044621E-2 1.24631455E-7
6.44078112 1.67292859E-2 1.32020517E-7
6.40749502 1.65570155E-2 1.30434671E-7
6.37455082 1.63870044E-2 1.22771453E-7
6.34194422 1.62197892E-2 1.16553991E-7
6.30966902 1.6055122E-2 1.30186834E-7
6.27772093 1.5892949E-2 1.31050243E-7
6.2460947 1.57332215E-2 1.22012253E-7
6.21478558 1.55758895E-2 1.22908219E-7
6.18378878 1.54209053E-2 2.92877473E-7
6.15310001 1.52682234E-2 1.0939975E-7
6.12271404 1.5117798E-2 1.1064575E-7
6.09262657 1.49695845E-2 1.05659581E-7
6.06283331 1.48235392E-2 1.11728582E-7
6.03332996 1.46796219E-2 1.04776149E-7
6.00411272 1.45377899E-2 1.01588107E-7
5.97517681 1.43980039E-2 9.95136844E-8
5.9465189 1.42602241E-2 9.80132313E-8
5.91813421 1.41244121E-2 9.67360876E-8
5.89001894 1.39905317E-2 9.71310428E-8
5.86217022 1.38585456E-2 1.00881799E-7
5.83458281 1.37287444E-2 1.0376732E-7
5.80725384 1.36001129E-2 2.23040985E-7
5.78017998 1.34736001E-2 9.8128794E-8
5.75335789 1.33488448E-2 1.05440925E-7
5.72678328 1.32258143E-2 8.8395069E-8
5.7004528 1.3104476E-2 9.06472124E-8
5.67436361 1.29848011E-2 4.07055182E-7
5.64851189 1.28667569E-2 8.30447959E-8
5.62289476 1.27503164E-2 8.17892101E-8
5.59750891 1.26354489E-2 8.12789835E-8
5.57235146 1.25221265E-2 1.1801113E-7
5.54741907 1.24103213E-2 9.81132402E-8
5.52270889 1.2300008E-2 7.693356E-8
5.49821758 1.21911587E-2 7.80130591E-8
5.47394276 1.20837474E-2 7.45187165E-8
5.44988108 1.19777499E-2 9.769672E-8
5.42603016 1.18731409E-2 8.00955817E-8
5.40238714 1.17698964E-2 1.80800143E-7
5.37894917 1.1667992E-2 7.03461041E-8
5.35571384 1.15674064E-2 6.94103619E-8
5.33267832 1.14681153E-2 6.95153162E-8
5.3098402 1.13700973E-2 6.76522447E-8
5.28719664 1.12733301E-2 1.14649659E-7
5.26474571 1.11777941E-2 6.44476827E-8
5.24248457 1.10834669E-2 6.3435273E-8
5.22041035 1.09905889E-2 1.07245313E-7
5.19852161 1.08983573E-2 6.31853183E-8
5.17681551 1.08075375E-2 7.57125136E-8
5.15529013 1.07178483E-2 7.55470495E-8
5.13394308 1.06292712E-2 7.1733453E-8
5.11277199 1.05417874E-2 1.85448897E-7
5.09177494 1.04553793E-2 4.65223565E-7
5.07094955 1.03700291E-2 2.7504538E-7
5.05029345 1.02857202E-2 3.67966607E-7
5.02980566 1.02024358E-2 4.7953597E-7
5.00948286 1.01201581E-2 5.63178908E-8
4.98932409 1.00388713E-2 5.53595072E-8
4.9693265 9.95856058E-3 5.43784395E-8
4.94948864 9.8792091E-3 5.85192907E-8
4.92980862 9.80080292E-3 5.24980237E-8
4.91028452 9.72332619E-3 5.30898419E-8
4.89091444 9.64676496E-3 5.07743145E-8
4.87169647 9.57110431E-3 5.00184214E-8
4.85262918 9.49633028E-3 4.93030612E-8
4.83371019 9.42242891E-3 5.08517815E-8
4.81493855 9.34938621E-3 4.80092091E-8
4.79631186 9.27719101E-3 4.74154014E-8
4.77782917 9.20582749E-3 4.89598584E-8
4.75948763 9.13528539E-3 4.60283438E-8
4.74128723 9.06554982E-3 4.73150692E-8
4.72322464 8.99682473E-3 4.72589754E-8
4.70529938 8.92845262E-3 4.42094787E-8
4.68751001 8.86106864E-3 4.33855902E-8
4.66985416 8.79444368E-3 4.24216786E-8
4.65233135 8.72856844E-3 4.1359641E-8
4.63493919 8.66342988E-3 4.07279721E-8
4.61767673 8.59901775E-3 4.00800992E-8
4.60054255 8.53532087E-3 3.94328765E-8
4.58353472 8.47232994E-3 3.89920451E-8
4.56665277 8.41003377E-3 3.84273839E-8
4.54989386 8.34842119E-3 3.77438063E-8
4.53325796 8.28748383E-3 3.71676627E-8
4.51674366 8.22721142E-3 3.70108815E-8
4.50034857 8.16759374E-3 4.24580406E-8
4.48407269 8.10862239E-3 3.68015201E-8
4.46791363 8.05028714E-3 3.79750311E-8
4.45187092 7.99257867E-3 4.22395381E-8
4.43594265 7.93548953E-3 3.53313609E-8
4.42012835 7.87900854E-3 3.55357876E-8
4.4044261 7.82312918E-3 3.3640724E-8
4.38883495 7.76784215E-3 7.95520876E-8
4.37335396 7.71313952E-3 3.66617741E-8
4.35798168 7.65901199E-3 3.14817186E-8
4.34271717 7.60545256E-3 3.07180983E-8
4.32755947 7.55245285E-3 3.00600504E-8
4.31250668 7.50018377E-3 2.96829334E-8
4.29755878 7.44810095E-3 7.60976135E-8
4.28271389 7.39673479E-3 2.86577908E-8
4.26797104 7.34589808E-3 2.82160624E-8
4.25332975 7.29558384E-3 2.77803078E-8
4.23878813 7.24578463E-3 2.73443241E-8
4.22434616 7.19649391E-3 2.69023008E-8
4.21000195 7.14770425E-3 2.64638444E-8
4.19575453 7.09940866E-3 4.426008E-8
4.18160343 7.05160154E-3 3.09236228E-8
4.1675477 7.00427545E-3 2.51768544E-8
4.15358591 6.95742387E-3 2.54791761E-8
4.13971758 6.91104122E-3 2.43476599E-8
4.12594128 6.86512049E-3 2.40017748E-8
4.11225653 6.81965658E-3 3.27043956E-8
4.09866238 6.77464204E-3 2.57945985E-8
4.08515787 6.7300722E-3 3.71429536E-8
4.07174158 6.68594055E-3 2.43551295E-8
4.05841351 6.6422415E-3 2.21264145E-8
4.04517221 6.59896992E-3 2.19169234E-8
4.03201723 6.5561193E-3 2.13423768E-8
4.0189476 6.51368499E-3 2.22357777E-8
4.00596189 6.47166139E-3 2.22400018E-8
3.99306035 6.43004291E-3 7.74073428E-8
3.98024154 6.3888249E-3 3.15363486E-8
3.9675045 6.34815264E-3 4.19826733E-8
3.95484877 6.30756747E-3 7.49465983E-8
3.94227362 6.26751967E-3 1.96102246E-8
3.92977834 6.22785185E-3 1.8689013E-8
3.91736197 6.18855935E-3 2.01791828E-8
3.90502357 6.14963751E-3 1.92448741E-8
3.8927629 6.11108169E-3 1.85487661E-8
3.88057899 6.07288769E-3 1.80970048E-8
3.86847115 6.03505038E-3 1.78769142E-8
3.8564384 5.99756557E-3 1.71274444E-8
3.84448051 5.96042909E-3 1.68772072E-8
3.8325963 5.92363626E-3 1.67389089E-8
3.82078552 5.88718336E-3 1.64382836E-8
3.80904722 5.85106574E-3 1.61666964E-8
3.79738092 5.8152792E-3 1.59271227E-8
3.78578591 5.77982049E-3 1.61459344E-8
3.77426147 5.74468449E-3 1.53840478E-8
3.76280689 5.70986839E-3 1.51210315E-8
3.75142169 5.67536755E-3 1.48820041E-8
3.74010491 5.64117869E-3 1.46547023E-8
3.72885656 5.60729764E-3 1.44331747E-8
3.71767545 5.57372114E-3 1.41741685E-8
3.70656133 5.54044545E-3 1.39354235E-8
3.69551349 5.50746638E-3 1.38428096E-8
3.68453121 5.47478115E-3 1.36588412E-8
3.67361403 5.44251548E-3 1.33164075E-8
3.66276121 5.41027682E-3 1.30673836E-8
3.65197229 5.37845166E-3 1.28619684E-8
3.64124703 5.34690684E-3 1.2646324E-8
3.63058448 5.31563815E-3 1.24227526E-8
3.61998415 5.28464327E-3 1.22804824E-8
3.60944557 5.25391847E-3 1.20655725E-8
3.59896827 5.22346143E-3 1.19422277E-8
3.58855152 5.19326795E-3 1.16414389E-8
3.57819486 5.16333571E-3 1.14799388E-8
3.56789804 5.13366098E-3 1.22793189E-8
3.5576601 5.10424189E-3 1.12721885E-8
3.54748082 5.07507473E-3 1.12611733E-8
3.53735948 5.04615717E-3 1.13168488E-8
3.52729583 5.01748594E-3 1.07870006E-8
3.5172894 4.98905824E-3 1.03245048E-8
3.50733948 4.9608713E-3 1.01489581E-8
3.49744558 4.93292278E-3 9.98409533E-9
3.48760748 4.90520988E-3 9.85323023E-9
3.47782445 4.87772981E-3 9.67126113E-9
3.46809626 4.85047977E-3 9.51281187E-9
3.45842242 4.82345745E-3 9.50849532E-9
3.44880223 4.79666051E-3 9.50083301E-9
3.43923545 4.77008661E-3 9.17126108E-9
3.42972159 4.74373251E-3 1.38245557E-8
3.42026019 4.7177081E-3 9.8696864E-9
3.41085076 4.69167484E-3 8.61011706E-9
3.40149331 4.66596708E-3 8.52214299E-9
3.39218688 4.64046979E-3 8.29353208E-9
3.38293123 4.61518113E-3 8.15761325E-9
3.37372589 4.59009875E-3 8.16223178E-9
3.36457062 4.56522033E-3 9.98326222E-9
3.3554647 4.54054354E-3 7.76886377E-9
3.34640813 4.51606605E-3 7.63961783E-9
3.3374002 4.49178601E-3 7.51078932E-9
3.3284409 4.46770154E-3 7.38847161E-9
3.31952929 4.44380986E-3 7.26547E-9
3.31066537 4.42010956E-3 7.16141191E-9
3.30184865 4.39659879E-3 7.03767089E-9
3.2930789 4.37327428E-3 6.9181243E-9
3.2843554 4.35013557E-3 6.80045398E-9
3.27567816 4.3271794E-3 8.59800942E-9
3.26704645 4.30440484E-3 7.02105085E-9
3.25846028 4.28180955E-3 6.77185463E-9
3.24991918 4.25939169E-3 6.49124976E-9
3.24142241 4.23714984E-3 6.29519281E-9
3.23297024 4.21508122E-3 6.13002182E-9
3.22456193 4.1931849E-3 6.39778008E-9
3.21619749 4.17145854E-3 5.96225203E-9
3.20787597 4.14990028E-3 9.66532276E-9
3.1995976 4.12860746E-3 7.06702208E-9
3.19136167 4.1072825E-3 6.85850177E-9
3.18316817 4.08621971E-3 6.44736842E-9
3.17501664 4.06531803E-3 6.52684662E-9
3.1669066 4.04457655E-3 5.36287681E-9
3.15883803 4.02399385E-3 5.27328625E-9
3.15081048 4.00356716E-3 5.18819387E-9
3.1428237 3.98329599E-3 5.10397813E-9
3.1348772 3.96317849E-3 5.02047293E-9
3.12697077 3.9432128E-3 5.19345811E-9
3.11910415 3.92339798E-3 4.85180296E-9
3.1112771 3.9037317E-3 4.76650097E-9
3.10348916 3.88421305E-3 4.68146855E-9
3.09574008 3.86493234E-3 4.71665373E-9
3.08802962 3.84552032E-3 4.52707383E-9
3.08035731 3.82661843E-3 4.45194015E-9
3.07272339 3.80749325E-3 4.4439914E-9
3.0651269 3.78887146E-3 4.33169856E-9
3.05756807 3.77002731E-3 4.34559588E-9
3.05004644 3.75168025E-3 4.18117541E-9
3.04256153 3.73311178E-3 4.10518108E-9
3.03511333 3.71503411E-3 4.01908684E-9
3.02770162 3.69673572E-3 3.95294597E-9
3.0203259 3.67892208E-3 3.88834431E-9
3.01298618 3.66088864E-3 3.82572285E-9
3.00568199 3.64333414E-3 3.79614251E-9
2.99841309 3.62556078E-3 3.70984554E-9
2.99117923 3.60826007E-3 3.64901043E-9
2.98398018 3.59074166E-3 3.58788221E-9
2.9768157 3.57369031E-3 3.52602991E-9
2.96968555 3.55642173E-3 3.46372375E-9
2.96258974 3.53961461E-3 3.40066597E-9
2.95552754 3.52259143E-3 3.3401093E-9
2.94849873 3.50602414E-3 3.28322369E-9
2.94150352 3.4892417E-3 3.22775207E-9
2.93454146 3.47290956E-3 3.1739964E-9
2.92761207 3.45636322E-3 3.1198637E-9
2.92071557 3.44026205E-3 3.10608161E-9
2.91385102 3.42411012E-3 3.0225713E-9
2.90701914 3.40790977E-3 2.96697733E-9
2.90021896 3.39214667E-3 2.92267477E-9
2.89345074 3.37617146E-3 2.8731475E-9
2.88671398 3.36062862E-3 2.82585999E-9
2.88000846 3.3448746E-3 2.77828716E-9
2.87333393 3.32954782E-3 2.73124678E-9
2.8666904 3.3140108E-3 2.68658762E-9
2.86007762 3.29889613E-3 2.66758393E-9
2.85349512 3.28357215E-3 2.60042143E-9
2.8469429 3.26866587E-3 2.55057042E-9
2.84042072 3.2535512E-3 2.50732723E-9
2.83392811 3.23884934E-3 2.45848741E-9
2.82746553 3.22394003E-3 2.41447329E-9
2.82103205 3.20943864E-3 2.37551268E-9
2.81462789 3.19473119E-3 2.33498976E-9
2.80825281 3.18042701E-3 2.29552333E-9
2.80190635 3.16591747E-3 2.256628E-9
2.79558873 3.15180677E-3 2.22111796E-9
2.78929925 3.13749188E-3 2.18174034E-9
2.78303838 3.1235714E-3 2.1465878E-9
2.77680516 3.10944743E-3 2.11651607E-9
2.77060008 3.09571344E-3 2.08295647E-9
2.76442266 3.08177713E-3 2.06690465E-9
2.75827265 3.06822662E-3 2.01035166E-9
2.75214982 3.05462E-3 2.20626029E-9
2.74605417 3.04095913E-3 1.99193062E-9
2.73998547 3.02767754E-3 1.91059191E-9
2.7339437 3.01419618E-3 1.88022709E-9
2.7279284 3.00108991E-3 1.84453897E-9
2.72193956 2.9877848E-3 1.81090343E-9
2.71597695 2.97485106E-3 1.77731097E-9
2.71004033 2.96171918E-3 1.74972836E-9
2.7041297 2.9489547E-3 1.76350834E-9
2.69824457 2.93599325E-3 1.68860381E-9
2.6923852 2.92339502E-3 1.65953662E-9
2.68655133 2.91060098E-3 1.63302694E-9
2.6807425 2.89816642E-3 1.60629388E-9
2.67495894 2.88553676E-3 1.5779843E-9
2.66919994 2.87326286E-3 1.55283542E-9
2.66346598 2.86079478E-3 1.53046409E-9
2.65775657 2.84867873E-3 1.50181523E-9
2.65207148 2.83636968E-3 1.47656998E-9
2.6464107 2.82440893E-3 1.4532846E-9
2.64077401 2.81225611E-3 1.42871603E-9
2.6351614 2.8004481E-3 1.40765299E-9
2.62957239 2.78844894E-3 1.3838275E-9
2.62400723 2.77679088E-3 1.45076617E-9
2.61846542 2.76494259E-3 1.35260492E-9
2.61294699 2.75343191E-3 1.31157252E-9
2.60745168 2.74186255E-3 1.28979349E-9
2.60197973 2.73023616E-3 1.26672128E-9
2.59653044 2.71894224E-3 1.23991606E-9
2.59110403 2.70746066E-3 1.21946264E-9
2.58570027 2.69630807E-3 1.19903565E-9
2.58031893 2.68496876E-3 1.17858878E-9
2.57496023 2.6739554E-3 1.15976828E-9
2.56962347 2.66275601E-3 1.19318888E-9
2.56430888 2.65187956E-3 1.1256267E-9
2.55901599 2.64081801E-3 1.10681653E-9
2.55374527 2.63007591E-3 1.08396581E-9
2.54849601 2.61914986E-3 1.07355169E-9
2.5432682 2.60854E-3 1.04816766E-9
2.53806186 2.59774714E-3 1.03010089E-9
2.53287697 2.58726766E-3 1.012182E-9
2.52771306 2.57660588E-3 9.94994087E-10
2.52257013 2.56625423E-3 9.78316539E-10
2.51744819 2.55572167E-3 9.61589808E-10
2.51234698 2.54549598E-3 9.49370915E-10
2.50726652 2.53509032E-3 9.27539379E-10
2.50220633 2.52498849E-3 9.10956865E-10
2.49716663 2.51470786E-3 8.94928465E-10
2.49214721 2.50472804E-3 8.80026108E-10
2.48714805 2.4945701E-3 8.66220484E-10
2.48216867 2.48471019E-3 8.51217152E-10
2.47720909 2.4747909E-3 8.36136715E-10
2.47226954 2.46481365E-3 8.22467483E-10
2.46734953 2.45513045E-3 8.1036905E-10
2.46244931 2.44527124E-3 7.9571838E-10
2.45756817 2.43570306E-3 7.83241583E-10
2.45270658 2.42596027E-3 7.69724284E-10
2.44786406 2.41650548E-3 7.57568619E-10
2.44304061 2.406877E-3 7.44695194E-10
2.43823624 2.39753397E-3 7.31241234E-10
2.4334507 2.38801795E-3 7.18347104E-10
2.428684 2.37878505E-3 7.06221803E-10
2.42393589 2.36937986E-3 6.94035052E-10
2.41920614 2.36025522E-3 6.81843693E-10
2.41449499 2.35095923E-3 6.69743871E-10
2.40980196 2.341941E-3 6.5779493E-10
2.40512729 2.33275234E-3 6.45779374E-10
2.40047073 2.32383911E-3 6.34824859E-10
2.39583206 2.31475639E-3 6.2423261E-10
2.39121151 2.30594631E-3 6.13771589E-10
2.3866086 2.29696766E-3 6.03824657E-10
2.38202333 2.28825933E-3 5.93956773E-10
2.37745571 2.27938336E-3 5.84285897E-10
2.37290549 2.27077492E-3 5.74671755E-10
2.36837268 2.26199999E-3 5.65100688E-10
2.36385727 2.25349027E-3 5.55697155E-10
2.35935879 2.24492187E-3 5.46458323E-10
2.35487771 2.23629549E-3 5.37228595E-10
2.35041332 2.22793105E-3 5.27935251E-10
2.3459661 2.219402E-3 5.18617316E-10
2.34153557 2.21113232E-3 5.09399023E-10
2.33712173 2.20269896E-3 5.00561259E-10
2.33272457 2.19452288E-3 4.91727492E-10
2.32834387 2.18618405E-3 4.83029894E-10
2.32397938 2.17809994E-3 4.74576156E-10
2.31963158 2.16985401E-3 4.66113537E-10
2.31529975 2.1618607E-3 4.57857946E-10
2.31098413 2.15370627E-3 4.5028295E-10
2.30668473 2.14580237E-3 4.42908932E-10
2.3024013 2.13773828E-3 4.35761094E-10
2.29813361 2.12992239E-3 4.28720504E-10
2.29388165 2.12194701E-3 4.21638835E-10
2.28964543 2.11421773E-3 4.14560469E-10
2.28542495 2.10633012E-3 4.08015621E-10
2.28121996 2.09868653E-3 4.02494787E-10
2.27703047 2.09088507E-3 3.94135585E-10
2.27285624 2.08332553E-3 3.87785526E-10
2.26869726 2.07560929E-3 3.83151844E-10
2.26455355 2.06813263E-3 3.74958814E-10
2.26042485 2.06050021E-3 3.67354536E-10
2.25631118 2.05310551E-3 3.62520736E-10
2.25221252 2.04565306E-3 3.56207369E-10
2.24812865 2.03814404E-3 3.4888803E-10
2.24405956 2.03086971E-3 3.42473522E-10
2.24000525 2.02344148E-3 3.36838279E-10
2.23596573 2.01624609E-3 3.31510791E-10
2.23194051 2.00889749E-3 3.24721694E-10
2.22792983 2.00177962E-3 3.19366533E-10
2.22393346 1.99450972E-3 3.14580251E-10
2.21995163 1.98746845E-3 3.09333115E-10
2.21598387 1.98027608E-3 3.04079234E-10
2.21203017 1.97331025E-3 2.98994635E-10
2.20809078 1.96619402E-3 2.94004737E-10
2.20416522 1.95930293E-3 2.88828322E-10
2.20025373 1.9522619E-3 2.8394001E-10
2.19635606 1.94544403E-3 2.79201828E-10
2.19247198 1.93847716E-3 2.74440526E-10
2.18860173 1.93173171E-3 2.69715611E-10
2.18474531 1.92483794E-3 2.64966549E-10
2.18090224 1.91816373E-3 2.60203831E-10
2.17707276 1.91134226E-3 2.55639426E-10
2.17325664 1.90473837E-3 2.51251325E-10
2.16945386 1.89798791E-3 2.46966558E-10
2.16566443 1.8914534E-3 2.42636883E-10
2.16188836 1.88477314E-3 2.38288833E-10
2.15812516 1.87830697E-3 2.33973535E-10
2.15437508 1.87178492E-3 2.30039099E-10
2.1506381 1.86520792E-3 2.2659323E-10
2.14691401 1.85884256E-3 2.22727656E-10
2.14320302 1.85233343E-3 2.19133128E-10
2.13950443 1.84603408E-3 2.15447035E-10
2.13581896 1.83959166E-3 2.11845486E-10
2.13214588 1.8333575E-3 2.08186232E-10
2.12848568 1.82698097E-3 2.04624859E-10
2.12483788 1.82081107E-3 2.01162156E-10
2.12120247 1.8144995E-3 1.97793337E-10
2.1175797 1.80839293E-3 1.9442481E-10
2.11396909 1.8021455E-3 1.91051813E-10
2.11037087 1.79610145E-3 1.87675375E-10
2.10678482 1.78991724E-3 1.84274138E-10
2.10321093 1.78393477E-3 1.81117663E-10
2.09964919 1.77781307E-3 1.77956067E-10
2.09609962 1.77189137E-3 1.75115228E-10
2.09256172 1.76583114E-3 1.72260803E-10
2.08903599 1.75996951E-3 1.68687911E-10
2.08552217 1.75397005E-3 1.65733496E-10
2.08201981 1.74816756E-3 1.63336136E-10
2.0785296 1.74222805E-3 1.60507344E-10
2.07505083 1.736484E-3 1.57807017E-10
2.07158375 1.73060352E-3 1.55392491E-10
2.06812811 1.72491709E-3 1.52829374E-10
2.06468415 1.71917677E-3 1.50119001E-10
2.06125164 1.71338359E-3 1.47486676E-10
2.05783033 1.70778215E-3 1.44979778E-10
2.05442047 1.70204602E-3 1.42580253E-10
2.05102205 1.69650035E-3 1.40100764E-10
2.0476346 1.69082067E-3 1.37698922E-10
2.04425859 1.68533006E-3 1.35257139E-10
2.04089355 1.67970604E-3 1.32845485E-10
2.03753948 1.67426968E-3 1.30399622E-10
2.03419662 1.66870072E-3 1.28117753E-10
2.03086448 1.66331779E-3 1.25920704E-10
2.02754331 1.65780308E-3 1.23719451E-10
2.0242331 1.652473E-3 1.21544372E-10
2.02093363 1.64701184E-3 1.19327395E-10
2.01764488 1.64173404E-3 1.17300392E-10
2.01436687 1.63632573E-3 1.15464867E-10
2.01109934 1.63109938E-3 1.13635878E-10
2.00784254 1.62574311E-3 1.11813662E-10
2.00459623 1.62056764E-3 1.09994229E-10
2.00136042 1.61526294E-3 1.08175552E-10
1.99813509 1.61013764E-3 1.06327266E-10
1.99492002 1.60488382E-3 1.04464409E-10
1.99171531 1.59980799E-3 1.02619205E-10
1.98852086 1.59460434E-3 1.0085853E-10
1.98533678 1.58957741E-3 9.91396132E-11
1.98216271 1.58449879E-3 9.74142433E-11
1.97899878 1.5793693E-3 9.56804844E-11
1.97584498 1.57441455E-3 9.39636077E-11
1.97270131 1.5693336E-3 9.22377105E-11
1.96956754 1.56442623E-3 9.06621028E-11
1.96644366 1.55939325E-3 8.91171859E-11
1.96332979 1.55453256E-3 8.75648859E-11
1.9602257 1.54954707E-3 8.60079091E-11
1.95713139 1.5447326E-3 8.44588496E-11
1.95404685 1.53979391E-3 8.30827143E-11
1.95097208 1.53502496E-3 8.1779597E-11
1.94790685 1.53013249E-3 8.04873806E-11
1.9448514 1.52540847E-3 7.91832086E-11
1.94180536 1.52056164E-3 7.78765524E-11
1.93876898 1.51588221E-3 7.6579236E-11
1.93574202 1.51108042E-3 7.56991414E-11
1.93272448 1.50644477E-3 7.63619584E-11
1.92971635 1.50168757E-3 8.68648209E-11
1.92671752 1.49709533E-3 9.90449389E-11
1.92372811 1.49238203E-3 7.12529619E-11
1.92074788 1.48783252E-3 7.24954055E-11
1.91777682 1.48316263E-3 7.85124188E-11
1.91481507 1.4786555E-3 7.11562545E-11
1.91186237 1.47402845E-3 6.59360552E-11
1.90891874 1.46956311E-3 7.35361563E-11
1.90598416 1.46504818E-3 7.10024817E-11
1.90305865 1.46048458E-3 6.32382757E-11
1.90014207 1.45608082E-3 6.11141623E-11
1.89723444 1.45155878E-3 6.07665723E-11
1.89433563 1.44719554E-3 5.99018821E-11
1.89144576 1.44271459E-3 5.81090488E-11
1.88856459 1.43839139E-3 5.69581257E-11
1.88569224 1.43395097E-3 5.62078717E-11
1.88282871 1.42966723E-3 5.53479901E-11
1.87997377 1.42526696E-3 5.41788177E-11
1.87712741 1.42102223E-3 5.32460916E-11
1.87428975 1.41666154E-3 5.2349413E-11
1.87146068 1.41245546E-3 5.13968521E-11
1.86864007 1.40813389E-3 5.04588281E-11
1.86582792 1.40396587E-3 4.96036823E-11
1.86302435 1.39968307E-3 4.8753071E-11
1.86022913 1.39555265E-3 4.78701592E-11
1.85744226 1.39130803E-3 4.70088066E-11
1.85466373 1.38721475E-3 4.61628756E-11
1.85189342 1.38300785E-3 4.53561945E-11
1.84913146 1.37895148E-3 4.45811235E-11
1.84637773 1.37478183E-3 4.37863149E-11
1.84363222 1.37076166E-3 4.30058836E-11
1.84089482 1.36662892E-3 4.22617705E-11
1.83816552 1.36264472E-3 4.15807944E-11
1.83544433 1.35861314E-3 4.09216931E-11
1.83273113 1.35453488E-3 4.02722161E-11
1.83002603 1.35060365E-3 3.96209454E-11
1.8273288 1.34656113E-3 3.89680926E-11
1.82463968 1.34266471E-3 3.83125962E-11
1.8219583 1.33865769E-3 3.76532139E-11
1.81928492 1.33479561E-3 3.69903032E-11
1.81661928 1.33082352E-3 3.63232083E-11
1.81396139 1.32699555E-3 3.56716913E-11
1.81131136 1.32305804E-3 3.50576894E-11
1.80866909 1.3192636E-3 3.44415746E-11
1.80603445 1.31536031E-3 3.38244745E-11
1.80340743 1.31159904E-3 3.32158016E-11
1.80078816 1.30772952E-3 3.26185502E-11
1.79817641 1.30400108E-3 3.20454462E-11
1.79557228 1.30016485E-3 3.14891793E-11
1.79297554 1.29646901E-3 3.09339811E-11
1.79038644 1.29266572E-3 3.03974693E-11
1.78780484 1.28900202E-3 2.98767816E-11
1.78523052 1.28523132E-3 2.94007006E-11
1.7826637 1.28159928E-3 2.89395816E-11
1.78010428 1.27786084E-3 2.84792537E-11
1.77755213 1.27426011E-3 2.80163566E-11
1.77500737 1.27055356E-3 2.75512564E-11
1.77246976 1.2669838E-3 2.70863002E-11
1.76993942 1.26336899E-3 2.66196405E-11
1.76741636 1.25970959E-3 2.61498427E-11
1.76490045 1.2561857E-3 2.56771583E-11
1.76239169 1.25255727E-3 2.52082157E-11
1.75989008 1.24906341E-3 2.47630718E-11
1.75739563 1.2454656E-3 2.43264402E-11
1.75490808 1.24200166E-3 2.389061E-11
1.7524277 1.23843411E-3 2.34653911E-11
1.74995422 1.23499951E-3 2.3043829E-11
1.74748778 1.23146188E-3 2.26377389E-11
1.74502826 1.2280565E-3 2.22483386E-11
1.74257565 1.22454844E-3 2.18623435E-11
1.74012995 1.22117181E-3 2.14899296E-11
1.73769104 1.21769309E-3 2.11192383E-11
1.73525906 1.21434487E-3 2.07810748E-11
1.73283374 1.21089502E-3 2.04544801E-11
1.73041534 1.20757497E-3 2.01349198E-11
1.72800362 1.20415387E-3 1.98346322E-11
1.72559857 1.20086153E-3 1.94788768E-11
1.7232002 1.19746872E-3 1.99099313E-11
1.72080863 1.19420397E-3 1.88106423E-11
1.71842349 1.19083922E-3 1.84774956E-11
1.71604514 1.18760171E-3 1.81426801E-11
1.71367323 1.18426455E-3 1.78097294E-11
1.71130788 1.18105393E-3 1.74889096E-11
1.70894909 1.17780024E-3 1.71842072E-11
1.70659673 1.17450405E-3 1.69256328E-11
1.70425093 1.17133325E-3 1.67214211E-11
1.70191157 1.16806407E-3 1.62941501E-11
1.69957852 1.16491946E-3 1.59955417E-11
1.69725192 1.16167683E-3 1.57144402E-11
1.69493175 1.15855807E-3 1.54466683E-11
1.69261777 1.15534186E-3 1.51842185E-11
1.69031024 1.1522487E-3 1.49219595E-11
1.6880089 1.14905857E-3 1.46994066E-11
1.68571389 1.1459908E-3 1.44892249E-11
1.68342507 1.1428264E-3 1.42264985E-11
1.68114245 1.13978365E-3 1.39925025E-11
1.67886603 1.13664486E-3 1.37555791E-11
1.67659569 1.13362679E-3 1.35242954E-11
1.67433155 1.13051326E-3 1.32871925E-11
1.6720736 1.12751976E-3 1.30536779E-11
1.66982162 1.12443115E-3 1.28525307E-11
1.66757572 1.12146197E-3 1.26009541E-11
1.66533589 1.11839792E-3 1.23613186E-11
1.66310203 1.11545273E-3 1.21367586E-11
1.66087413 1.11241324E-3 1.19215011E-11
1.65865219 1.1094918E-3 1.17103671E-11
1.65643632 1.10647641E-3 1.15041891E-11
1.65422618 1.10357848E-3 1.13347517E-11
1.652022 1.10063946E-3 1.11105665E-11
1.64982367 1.09765981E-3 1.09861824E-11
1.64763129 1.09479658E-3 1.07413384E-11
1.64544463 1.09184056E-3 1.0546483E-11
1.64326382 1.08900026E-3 1.03770334E-11
1.64108872 1.08606752E-3 1.02097454E-11
1.63891935 1.08324981E-3 1.00398171E-11
1.63675582 1.08034001E-3 9.87731685E-12
1.6345979 1.07754464E-3 9.71503173E-12
1.63244569 1.07465778E-3 9.55125475E-12
1.63029921 1.07188465E-3 9.38595122E-12
1.62815821 1.06902025E-3 9.22082116E-12
1.62602293 1.066269E-3 9.05898273E-12
1.62389326 1.06342696E-3 8.88986367E-12
1.62176919 1.06069737E-3 8.72601123E-12
1.6196506 1.05787744E-3 8.56621024E-12
1.6175375 1.05516927E-3 8.41391713E-12
1.61543 1.05237134E-3 8.26590359E-12
1.61332798 1.04968436E-3 8.11761248E-12
1.61123133 1.04690797E-3 7.96928669E-12
1.60914016 1.04424206E-3 7.83097111E-12
1.60705447 1.04148709E-3 7.70013914E-12
1.60497415 1.03884202E-3 7.56922216E-12
1.60289919 1.03610824E-3 7.43999393E-12
1.6008296 1.03348366E-3 7.31657616E-12
1.59876525 1.03082007E-3 7.20215077E-12
1.59670639 1.02811761E-3 7.08818637E-12
1.59465265 1.02552364E-3 6.97368942E-12
1.59260428 1.0228419E-3 6.85913002E-12
1.59056127 1.02026784E-3 6.74473888E-12
1.58852339 1.01760658E-3 6.6278298E-12
1.58649063 1.01505243E-3 6.50985385E-12
1.58446324 1.01241143E-3 6.3932401E-12
1.58244097 1.00987696E-3 6.27575682E-12
1.58042383 1.00725598E-3 6.15987296E-12
1.57841182 1.00474083E-3 6.04655692E-12
1.57640493 1.00213976E-3 5.93698745E-12
1.57440317 9.99643933E-4 5.83254278E-12
1.57240641 9.97062423E-4 5.7281211E-12
1.57041478 9.94585687E-4 5.62343574E-12
1.56842816 9.92023619E-4 5.52614681E-12
1.56644654 9.89565626E-4 5.43487824E-12
1.56447005 9.87022882E-4 5.34310573E-12
1.56249845 9.84583632E-4 5.25087135E-12
1.56053174 9.82059864E-4 5.16316894E-12
1.55857003 9.79639008E-4 5.08224756E-12
1.55661333 9.77134099E-4 5.00172256E-12
1.55466139 9.74731694E-4 4.92116894E-12
1.55271447 9.72245412E-4 4.84006888E-12
1.55077231 9.69861052E-4 4.75860193E-12
1.54883504 9.6743938E-4 4.67668959E-12
1.54690254 9.65026789E-4 4.59448798E-12
1.54497504 9.62531485E-4 4.51203137E-12
1.5430522 9.60228732E-4 4.42923085E-12
1.54113412 9.57843033E-4 4.34693297E-12
1.53922081 9.55466181E-4 4.2667289E-12
1.53731239 9.53007431E-4 4.18867241E-12
1.53540862 9.50739195E-4 4.11513098E-12
1.53350949 9.4838877E-4 4.04201716E-12
1.53161514 9.46047017E-4 3.96863141E-12
1.52972543 9.43624007E-4 3.89921559E-12
1.52784038 9.41389648E-4 3.83468864E-12
1.52595997 9.3907374E-4 3.77000384E-12
1.52408409 9.36766388E-4 3.70514426E-12
1.52221298 9.34378535E-4 3.64222151E-12
1.5203464 9.32177354E-4 3.58506692E-12
1.51848435 9.29895323E-4 3.52849889E-12
1.51662683 9.27621673E-4 3.47173028E-12
1.51477396 9.25268279E-4 3.41473833E-12
1.51292551 9.23099578E-4 3.35744692E-12
1.51108158 9.20850842E-4 3.29993693E-12
1.50924218 9.18610254E-4 3.24223439E-12
1.50740719 9.16290563E-4 3.18448371E-12
1.50557673 9.14153818E-4 3.12671113E-12
1.50375068 9.11937619E-4 3.06874122E-12
1.50192904 9.09729511E-4 3.01211747E-12
1.50011182 9.07529378E-4 2.95663494E-12
1.498299 9.05250956E-4 2.90364195E-12
1.4964906 9.0315321E-4 2.85211221E-12
1.49468648 9.00976884E-4 2.80044434E-12
1.49288666 8.98808416E-4 2.75029587E-12
1.49109125 8.96562357E-4 2.70440918E-12
1.48930025 8.94495111E-4 2.65899564E-12
1.48751342 8.92349984E-4 2.61336374E-12
1.48573089 8.90212599E-4 2.56828348E-12
1.48395264 8.87998263E-4 2.52750143E-12
1.48217869 8.85960937E-4 2.4877227E-12
1.48040891 8.83846427E-4 2.44789128E-12
1.4786433 8.81739485E-4 2.40793908E-12
1.47688198 8.79556232E-4 2.36804326E-12
1.47512484 8.775483E-4 2.3277812E-12
1.47337186 8.75463826E-4 2.28783962E-12
1.47162306 8.73386743E-4 2.24706755E-12
1.46987844 8.7123405E-4 2.20873124E-12
1.46813786 8.69254931E-4 2.16521766E-12
1.46640146 8.67199909E-4 2.12476195E-12
1.46466911 8.65152164E-4 2.08571094E-12
1.46294093 8.63029447E-4 2.04765805E-12
1.46121681 8.61078559E-4 2.01106926E-12
1.45949662 8.59052467E-4 1.97479858E-12
1.4577806 8.57033476E-4 1.93953512E-12
1.45606852 8.55021586E-4 1.90661137E-12
1.4543606 8.5293554E-4 1.87492643E-12
1.45265663 8.51019286E-4 1.84256885E-12
1.45095658 8.49028525E-4 1.8105593E-12
1.44926047 8.4704475E-4 1.78137767E-12
1.44756842 8.44987459E-4 1.75357125E-12
1.44588041 8.43098271E-4 1.7257221E-12
1.44419611 8.41135217E-4 1.69773527E-12
1.44251585 8.39179032E-4 1.66961963E-12
1.44083953 8.37149972E-4 1.64137866E-12
1.43916702 8.35287326E-4 1.61299598E-12
1.43749845 8.33351514E-4 1.58445468E-12
1.43583369 8.31422396E-4 1.5558685E-12
1.43417275 8.29420984E-4 1.52720089E-12
1.43251586 8.27584416E-4 1.49850174E-12
1.43086255 8.25675321E-4 1.47081577E-12
1.42921305 8.23772803E-4 1.44384613E-12
1.42756748 8.21798516E-4 1.41758306E-12
1.42592573 8.19987617E-4 1.39205693E-12
1.42428768 8.18104658E-4 1.36740933E-12
1.42265332 8.16228276E-4 1.34382826E-12
1.42102277 8.14280706E-4 1.32123804E-12
1.41939604 8.12494894E-4 1.29888548E-12
1.41777289 8.10637721E-4 1.27642048E-12
1.41615343 8.08786892E-4 1.25508349E-12
1.41453779 8.06942408E-4 1.23548415E-12
1.41292572 8.0502755E-4 1.2159142E-12
1.41131747 8.03272531E-4 1.1962587E-12
1.40971279 8.01446848E-4 1.17655419E-12
1.40811169 7.99627393E-4 1.15676023E-12
1.40651429 7.97738147E-4 1.13686935E-12
1.40492058 7.96007225E-4 1.11690496E-12
1.40333033 7.9420628E-4 1.09683042E-12
1.40174377 7.92411389E-4 1.0766841E-12
1.40016079 7.90547288E-4 1.05652303E-12
1.39858139 7.88840058E-4 1.03674816E-12
1.39700544 7.87063385E-4 1.01784542E-12
1.39543319 7.8529265E-4 9.99100976E-13
1.39386439 7.83453288E-4 9.81019519E-13
1.39229918 7.81769282E-4 9.63816808E-13
1.39073741 7.80016358E-4 9.46892413E-13
1.38917911 7.78269372E-4 9.30853593E-13
1.38762438 7.76454282E-4 9.15165079E-13
1.38607311 7.74793094E-4 8.99398774E-13
1.3845253 7.73063628E-4 8.83962662E-13
1.38298082 7.71339925E-4 8.70062486E-13
1.38143992 7.69548642E-4 8.56357032E-13
1.37990248 7.67909922E-4 8.42596229E-13
1.37836838 7.66203448E-4 8.28777856E-13
1.37683773 7.6450262E-4 8.14905218E-13
1.37531042 7.62807438E-4 8.00983899E-13
1.37378657 7.61045376E-4 7.87002896E-13
1.37226605 7.5943413E-4 7.72958086E-13
1.37074888 7.5775577E-4 7.58897827E-13
1.36923504 7.56082998E-4 7.4481209E-13
1.36772454 7.5434387E-4 7.30776713E-13
1.36621749 7.5275416E-4 7.17433816E-13
1.36471367 7.51097919E-4 7.04205032E-13
1.36321306 7.49447092E-4 6.91194497E-13
1.36171591 7.4773049E-4 6.7902075E-13
1.36022198 7.4616191E-4 6.67134533E-13
1.35873139 7.4452738E-4 6.5552571E-13
1.3572439 7.42898148E-4 6.44527563E-13
1.35575986 7.41203665E-4 6.33502203E-13
1.35427892 7.39655923E-4 6.2248183E-13
1.3528012 7.38042698E-4 6.12452959E-13
1.35132682 7.36434711E-4 6.02849856E-13
1.34985554 7.34761998E-4 5.93231139E-13
1.3483876 7.33234629E-4 5.83569759E-13
1.34692276 7.31642358E-4 5.73881546E-13
1.34546101 7.3005521E-4 5.64175226E-13
1.3440026 7.28403858E-4 5.54423532E-13
1.3425473 7.26896629E-4 5.44625597E-13
1.34109497 7.25324906E-4 5.34782017E-13
1.33964598 7.23758305E-4 5.24898972E-13
1.33819997 7.22196768E-4 5.15011102E-13
1.33675718 7.2057161E-4 5.05439278E-13
1.33531761 7.19088945E-4 4.96169186E-13
1.3338809 7.17542483E-4 4.86937205E-13
1.33244741 7.1600097E-4 4.78235669E-13
1.33101702 7.14396418E-4 4.69884385E-13
1.32958961 7.12933019E-4 4.61574789E-13
1.32816529 7.11406406E-4 4.53733866E-13
1.32674408 7.09884625E-4 4.46030393E-13
1.32532585 7.08300271E-4 4.38294393E-13
1.32391071 7.06855848E-4 4.30953071E-13
1.32249844 7.05348677E-4 4.24237576E-13
1.32108927 7.03846279E-4 4.17531488E-13
1.31968319 7.02281832E-4 4.10796153E-13
1.31827998 7.00856035E-4 4.04030867E-13
1.31687975 6.99368014E-4 3.97234166E-13
1.3154825 6.97884709E-4 3.90407514E-13
1.31408834 6.96339761E-4 3.83550315E-13
1.31269705 6.949323E-4 3.76663924E-13
1.31130862 6.9346308E-4 3.69757935E-13
1.30992317 6.91998517E-4 3.6283048E-13
1.3085407 6.90472778E-4 3.56029225E-13
1.30716121 6.89083361E-4 3.49476172E-13
1.30578446 6.87632652E-4 3.4298958E-13
1.30441058 6.86186482E-4 3.367568E-13
1.30303967 6.84744853E-4 3.30840796E-13
1.30167174 6.83242688E-4 3.25003479E-13
1.30030656 6.8187539E-4 3.1932741E-13
1.29894423 6.80447323E-4 3.13951393E-13
1.29758477 6.79023797E-4 3.085599E-13
1.29622829 6.77540142E-4 3.03242213E-13
1.29487455 6.7619019E-4 2.98454702E-13
1.29352355 6.74779934E-4 2.93758778E-13
1.29217541 6.73374103E-4 2.89047161E-13
1.29083014 6.71908667E-4 2.84315675E-13
1.2894876 6.7057577E-4 2.79569147E-13
1.28814781 6.69183035E-4 2.74805162E-13
1.28681087 6.67794666E-4 2.70019711E-13
1.28547668 6.66347099E-4 2.6521347E-13
1.28414536 6.65030966E-4 2.60387089E-13
1.28281665 6.63655461E-4 2.55546994E-13
1.28149068 6.62284263E-4 2.50755336E-13
1.28016758 6.60854334E-4 2.46087574E-13
1.27884722 6.59554673E-4 2.41544117E-13
1.27752948 6.58196106E-4 2.37137458E-13
1.27621436 6.56841788E-4 2.3291834E-13
1.27490211 6.55429147E-4 2.28811246E-13
1.27359259 6.54145726E-4 2.24750733E-13
1.27228558 6.52803865E-4 2.20916181E-13
1.27098131 6.51466136E-4 2.1714744E-13
1.26967978 6.50132482E-4 2.13366176E-13
1.26838088 6.48741145E-4 2.09871969E-13
1.2670846 6.47477573E-4 2.06590496E-13
1.26579106 6.46156201E-4 2.03303561E-13
1.26450002 6.44838787E-4 2.00003208E-13
1.26321173 6.43464155E-4 1.96689738E-13
1.26192605 6.42216241E-4 1.93364977E-13
1.26064289 6.40910876E-4 1.9002844E-13
1.25936234 6.39609527E-4 1.8667751E-13
1.25808454 6.38251309E-4 1.83312241E-13
1.25680923 6.37018762E-4 1.79938624E-13
1.25553656 6.3572923E-4 1.76575836E-13
1.25426638 6.34443597E-4 1.73286664E-13
1.25299883 6.33101561E-4 1.70071327E-13
1.25173378 6.31884148E-4 1.66961876E-13
1.25047135 6.30610157E-4 1.6396651E-13
1.24921131 6.29340007E-4 1.61042105E-13
1.24795401 6.28013862E-4 1.58175014E-13
1.24669921 6.2681135E-4 1.55389956E-13
1.2454468 6.25552668E-4 1.52756483E-13
1.24419701 6.24297769E-4 1.50118416E-13
1.24294972 6.22987282E-4 1.47548315E-13
1.24170494 6.2179938E-4 1.45231334E-13
1.24046254 6.20555773E-4 1.42939683E-13
1.23922265 6.19315833E-4 1.40639413E-13
1.23798525 6.18079677E-4 1.38329981E-13
1.23675036 6.16788398E-4 1.36012878E-13
1.23551798 6.15618483E-4 1.33690422E-13
1.23428798 6.14393328E-4 1.31358805E-13
1.23306036 6.1317184E-4 1.29017104E-13
1.23183537 6.11895695E-4 1.26665429E-13
1.23061275 6.10739924E-4 1.24307547E-13
1.22939241 6.09529263E-4 1.2199558E-13
1.22817457 6.08322269E-4 1.19707412E-13
1.22695923 6.07060967E-4 1.17505872E-13
1.22574627 6.05919107E-4 1.15404729E-13
1.22453558 6.04722765E-4 1.1332197E-13
1.22332728 6.03529974E-4 1.11294695E-13
1.22212148 6.0228334E-4 1.09299011E-13
1.22091806 6.01155101E-4 1.07416212E-13
1.21971691 5.99972904E-4 1.05578937E-13
1.21851814 5.9879414E-4 1.0373931E-13
1.21732187 5.97561884E-4 1.0205467E-13
1.21612787 5.96447149E-4 1.00457111E-13
1.21493614 5.95278747E-4 9.8857012E-14
1.21374667 5.94113779E-4 9.72506445E-14
1.2125597 5.92895725E-4 9.56380293E-14
1.211375 5.91794204E-4 9.40187327E-14
1.21019256 5.9063948E-4 9.23925378E-14
1.20901239 5.89488074E-4 9.07596481E-14
1.2078346 5.88340103E-4 8.91200565E-14
1.20665908 5.87139511E-4 8.74746984E-14
1.20548594 5.8605423E-4 8.58495539E-14
1.20431495 5.84916212E-4 8.42471438E-14
1.20314622 5.8378157E-4 8.26709916E-14
1.20197988 5.82594657E-4 8.11933799E-14
1.2008158 5.81522181E-4 7.9733766E-14
1.19965386 5.80397318E-4 7.82886736E-14
1.1984942 5.79275773E-4 7.68806947E-14
1.19733679 5.78102365E-4 7.55112593E-14
1.19618165 5.77042461E-4 7.42260799E-14
1.19502866 5.75930637E-4 7.2943794E-14
1.19387794 5.74821956E-4 7.17001667E-14
1.19272947 5.73661877E-4 7.05766419E-14
1.19158316 5.72614372E-4 6.94615128E-14
1.19043899 5.71515237E-4 6.83417963E-14
1.18929708 5.70419361E-4 6.72178445E-14
1.18815744 5.69272321E-4 6.60898135E-14
1.18701994 5.68236981E-4 6.49583536E-14
1.18588448 5.67150477E-4 6.38224486E-14
1.18475127 5.66067058E-4 6.26819221E-14
1.18362033 5.6493294E-4 6.1537113E-14
1.18249142 5.63909649E-4 6.0395665E-14
1.18136477 5.62835543E-4 5.92772156E-14
1.18024015 5.61764464E-4 5.81609752E-14
1.17911768 5.60696411E-4 5.71071172E-14
1.17799735 5.59578126E-4 5.60887328E-14
1.17687929 5.5856962E-4 5.50721849E-14
1.17576313 5.57510706E-4 5.40732044E-14
1.17464924 5.56454761E-4 5.30948508E-14
1.17353737 5.55348932E-4 5.21679969E-14
1.17242765 5.54352009E-4 5.12750175E-14
1.17132008 5.53305086E-4 5.03813232E-14
1.17021441 5.52261074E-4 4.9563374E-14
1.16911101 5.51167526E-4 4.87862348E-14
1.16800964 5.50182012E-4 4.80077505E-14
1.16691041 5.49146847E-4 4.72261017E-14
1.16581309 5.48114593E-4 4.64416442E-14
1.16471791 5.47033153E-4 4.56546862E-14
1.16362488 5.46058873E-4 4.48648958E-14
1.16253376 5.45035349E-4 4.40720797E-14
1.16144466 5.4401462E-4 4.3276089E-14
1.16035771 5.42945112E-4 4.24782449E-14
1.15927279 5.4198195E-4 4.16958338E-14
1.15818989 5.40969835E-4 4.09179187E-14
1.1571089 5.39960514E-4 4.01598005E-14
1.15603006 5.38902706E-4 3.94449386E-14
1.15495324 5.37950487E-4 3.87356773E-14
1.15387833 5.36949607E-4 3.80268462E-14
1.15280545 5.35951578E-4 3.73335667E-14
1.15173447 5.34956285E-4 3.66571702E-14
1.15066564 5.33912855E-4 3.60273199E-14
1.14959872 5.32974082E-4 3.54044288E-14
1.14853382 5.31987054E-4 3.4798292E-14
1.14747083 5.31002821E-4 3.42515357E-14
1.14640987 5.29970741E-4 3.37103494E-14
1.14535081 5.29042503E-4 3.31672386E-14
1.14429367 5.28066419E-4 3.26220306E-14
1.14323854 5.27093012E-4 3.20748982E-14
1.14218533 5.26072108E-4 3.15264172E-14
1.14113414 5.2515429E-4 3.09760322E-14
1.14008486 5.24188916E-4 3.04235769E-14
1.13903737 5.23226219E-4 2.98689499E-14
1.13799191 5.22216375E-4 2.93187343E-14
1.13694847 5.21308801E-4 2.87773989E-14
1.13590682 5.2035402E-4 2.82402292E-14
1.13486707 5.19401801E-4 2.77287331E-14
1.13382924 5.18402841E-4 2.72336932E-14
1.13279331 5.17505396E-4 2.67398256E-14
1.13175929 5.16560976E-4 2.62474284E-14
1.13072705 5.15619235E-4 2.57677113E-14
1.12969685 5.14630927E-4 2.53063019E-14
1.12866843 5.13743435E-4 2.48727888E-14
1.12764192 5.12809318E-4 2.44392909E-14
