#WAVELENGTH FLUX ERROR_LOWER ERROR_UPPER
120.08668777435268 1.6221948709602482e-16 1.1847837706852893e-16 2.678599031400031e-16
120.32686114990139 4.0021501857115294e-16 3.5545894590351563e-16 2.896832341091252e-16
120.56751487220119 5.18322894790178e-17 4.3541679836435214e-17 4.693430923805398e-17
120.8086499019456 7.371761746822171e-17 6.842204461443231e-17 6.591863294969177e-17
121.05026720174949 9.921222752982771e-17 8.292203055887978e-17 1.0412706947941504e-16
121.29236773615298 6.866465733712456e-17 5.206695994837829e-17 1.3400285276201693e-16
121.53495247162529 1.333028619770402e-16 1.2754413250624442e-16 1.1630714202854873e-16
121.77802237656854 1.250393725030714e-16 8.784479400923197e-17 2.728913112239497e-16
122.02157842132168 5.1931170409950384e-17 4.246535720392136e-17 4.397333792184826e-17
122.26562157816433 1.2002192025413727e-17 1.089168140236963e-17 9.972933866758986e-18
122.51015282132064 8.324953220404901e-17 7.557306113166548e-17 8.507708933010296e-17
122.7551731269633 1.4780697819987087e-16 1.339181468100494e-16 1.50409440887623e-16
123.00068347321724 1.7830183749878524e-17 1.3678732048307015e-17 2.1546628910115545e-17
123.24668484016367 5.750640828228861e-17 4.928645357806265e-17 4.8430740908131517e-17
123.493178209844 3.2135109704508357e-16 3.042415635402506e-16 2.60592771805215e-16
123.74016456626369 8.250414974916888e-17 6.742573058717844e-17 1.0805502727158173e-16
123.98764489539622 4.1533863300778043e-17 3.394520853064536e-17 4.501772275237722e-17
124.235620185187 4.113433513495196e-17 3.8901819293390774e-17 3.774164687183774e-17
124.48409142555738 7.303199818612702e-17 6.344699177645142e-17 5.904131007553864e-17
124.73305960840851 1.4838519177248066e-16 1.4094356698430605e-16 1.233384272718603e-16
124.98252572762532 3.9822218991650436e-17 3.5486585689303094e-17 3.283130470958518e-17
125.23249077908058 9.111560790195198e-18 7.197411121006244e-18 1.2488881167784143e-17
125.48295576063875 1.3053616714560022e-17 9.974504532796125e-18 1.4291325981825184e-17
125.73392167216001 5.869973957345174e-17 5.0389974278227064e-17 5.089843001353853e-17
125.98538951550434 2.5732484521381628e-17 2.159031815760067e-17 2.1861036238023453e-17
126.23736029453535 3.035972813521474e-17 2.5284203467302123e-17 2.7895040808027625e-17
126.48983501512441 1.9519406690626233e-17 1.5663145088949542e-17 2.2557872600717922e-17
126.74281468515467 6.227827874655792e-17 5.184183218169174e-17 5.755333031726448e-17
126.99630031452497 2.2706112409512878e-17 1.940419760801203e-17 2.0302523765647e-17
127.25029291515402 2.115247121838487e-17 1.7251941757799498e-17 1.9845599195595323e-17
127.50479350098433 1.0758412173192133e-17 8.702814995567363e-18 1.1981456189027382e-17
127.7598030879863 5.532435034306495e-17 4.449296018554297e-17 6.449894927291953e-17
128.01532269416228 4.909293319751988e-17 4.236335046764165e-17 4.000507401960383e-17
128.2713533395506 3.430607173543051e-17 2.6635508034447706e-17 3.4347700740792166e-17
128.5278960462297 1.0484644047473793e-16 8.633715901821615e-17 7.550022262408384e-17
128.78495183832214 3.0038215127224656e-17 2.0612379621986313e-17 1.0021938305155516e-16
129.0425217419988 4.801006837466938e-18 3.812581078524363e-18 4.6830704891956616e-18
129.3006067854828 3.6608519578611194e-17 3.223629659099966e-17 3.1109300264242024e-17
129.55920799905377 2.430123469616307e-17 1.973334854131717e-17 1.8451166789100578e-17
129.81832641505187 8.366448667417758e-17 7.348947705514478e-17 7.509798215824733e-17
130.077963067882 5.3040116946243574e-17 4.264302508054787e-17 3.8561303940942905e-17
130.33811899401778 5.4964325288548804e-17 4.8324482179566804e-17 5.16388903946659e-17
130.59879523200578 2.5691826538149875e-17 2.1034042088759368e-17 2.0240247941487665e-17
130.85999282246982 3.931684474802877e-16 3.4470644161848643e-16 4.140418398261635e-16
131.12171280811475 6.872814329384779e-16 6.447332142168645e-16 6.940234732054401e-16
131.38395623373097 4.840476700721747e-17 4.339229322523859e-17 4.833935615375199e-17
131.6467241461984 2.767459062907833e-17 2.1826922654044824e-17 3.321383450863685e-17
131.9100175944908 5.645569377189783e-17 4.8691251532592026e-17 4.8859751418023714e-17
132.1738376296798 5.225363300075463e-17 4.637570489735913e-17 4.637930207797188e-17
132.43818530493914 5.452402889659774e-17 4.891812981061352e-17 5.355502125581822e-17
132.70306167554904 6.015732294324291e-17 4.523173468493351e-17 7.752727923485538e-17
132.96846779890015 7.845501660245702e-17 5.2866544602476993e-17 3.0346039019915674e-16
133.23440473449793 1.6373849665402362e-17 1.4364202336985933e-17 1.3368134749211185e-17
133.50087354396692 1.3746038129555271e-17 1.2088493238348014e-17 1.4301038714891096e-17
133.76787529105485 4.223662666586905e-17 3.522803139993665e-17 3.031196793699357e-17
134.03541104163696 2.319733106856523e-16 2.0935937032658373e-16 2.1312906445120652e-16
134.30348186372024 1.05253792507104e-16 9.817290241290292e-17 8.114721846159157e-17
134.5720888274477 2.2221780774808122e-17 1.8154344326168096e-17 2.337405145432749e-17
134.84123300510257 1.2937895760027025e-16 1.134960645647171e-16 1.1128368575860568e-16
135.11091547111278 2.6986306584897087e-17 2.441817975165746e-17 2.0205015429252668e-17
135.381137302055 5.756489882044496e-17 5.162226492802341e-17 6.108977606245671e-17
135.65189957665913 2.1659445394849293e-17 1.7837075458546152e-17 1.645086193519137e-17
135.92320337581242 3.7553585136336836e-17 2.6797654547782647e-17 9.108800861278103e-17
136.19504978256407 7.8108751956549e-17 7.159586345483175e-17 6.793353163624816e-17
136.46743988212918 1.0116276166556997e-16 8.147257920919294e-17 1.3428124011762141e-16
136.74037476189346 5.751662290238985e-18 4.740433273053433e-18 5.149241622485785e-18
137.01385551141723 1.0569302500309215e-16 9.991210647036329e-17 9.081174483205231e-17
137.28788322244006 6.225180487210903e-17 5.488590243937793e-17 5.721470633058701e-17
137.56245898888497 3.248535517415484e-16 3.1443055757883093e-16 2.6556381748474996e-16
137.83758390686273 2.414497026478951e-16 2.3142645387536685e-16 2.0067538066542176e-16
138.11325907467645 1.1714757864314263e-16 1.0112932927306909e-16 9.636233046001435e-17
138.3894855928258 4.673414690796904e-17 3.721085060239481e-17 4.8441611838884824e-17
138.6662645640114 8.154189807338402e-17 7.26372519426359e-17 7.567200110526779e-17
138.94359709313946 3.3238796157447936e-17 2.6431480813522664e-17 3.245264125234964e-17
139.22148428732572 4.642236208817775e-17 4.4325448891666967e-17 4.07937687487589e-17
139.4999272559004 8.31888507007912e-17 7.969775281763112e-17 6.958254437131883e-17
139.77892711041216 2.3212668084106333e-16 2.1786728802417993e-16 2.0458291075322498e-16
140.05848496463298 1.3969495621932456e-16 1.2287569350461498e-16 1.1727549027836222e-16
140.33860193456226 8.667148996186744e-17 7.248507841021832e-17 7.722722640724439e-17
140.61927913843138 1.031380945536171e-16 9.03719014706204e-17 8.796277970874005e-17
140.90051769670825 3.577121223185338e-16 3.2251451665780758e-16 2.356743335233729e-16
141.18231873210163 9.642620187743457e-17 7.967768189482128e-17 1.190327313244362e-16
141.46468336956585 1.7199787158177397e-16 1.6650948976439317e-16 1.434252675343663e-16
141.74761273630497 1.7453728976794273e-16 1.6397821954636704e-16 1.4516221215399212e-16
142.0311079617776 5.976670814063065e-17 4.576277443829312e-17 1.0468309340525999e-16
142.31517017770113 9.355318247253742e-17 7.45798233507748e-17 1.1179337300330704e-16
142.59980051805653 4.4021126532815403e-17 3.669421694809058e-17 4.6109803677540424e-17
142.88500011909267 6.202023344763351e-17 5.735611767671372e-17 5.971561910816305e-17
143.17077011933083 4.173686551471265e-17 3.415509309351849e-17 3.9813631713449735e-17
143.4571116595695 4.6612201673937504e-17 4.16629153685513e-17 4.396631133199307e-17
143.74402588288865 2.15555958475522e-16 2.0306242081007106e-16 1.8181615050446833e-16
144.03151393465444 8.209514624590285e-17 7.75003778567668e-17 6.794508822910763e-17
144.31957696252374 1.9428980022381018e-16 1.5224169410642397e-16 1.8262601495866872e-16
144.60821611644877 6.976331160599491e-17 6.731736246009851e-17 5.608717907794061e-17
144.89743254868168 1.7190072354990428e-17 1.3704749089854597e-17 2.2106683553006123e-17
145.18722741377906 1.953763494746652e-17 1.7353184511718366e-17 1.775151875400772e-17
145.4776018686066 7.245003118269241e-17 6.006497202735409e-17 6.824607809338291e-17
145.7685570723438 2.1029666977517795e-17 1.5161135757543825e-17 4.510286426975873e-17
146.0600941864885 5.0229454710958564e-17 4.567709675296308e-17 4.193744966584505e-17
146.3522143748615 2.584211335957401e-17 2.3464701317087814e-17 2.350490137994931e-17
146.6449188036112 1.280587523181678e-17 1.0266030461202846e-17 1.3246194858605458e-17
146.9382086412184 2.1841167384144868e-17 1.76319411816515e-17 2.3905866431437862e-17
147.23208505850084 1.445623446858106e-16 1.1547577925229274e-16 1.3549837233928323e-16
147.52654922861785 4.537414872239298e-17 3.965988735899261e-17 4.4908807790115497e-17
147.82160232707508 1.0828042107320184e-16 1.0038064988582963e-16 9.064127727470937e-17
148.11724553172922 2.1011214793259385e-16 2.0151721194799845e-16 1.943415063437738e-16
148.4134800227927 2.028693727342326e-15 1.9568516295048402e-15 1.6842994805351071e-15
148.71030698283826 2.3311715207155335e-17 1.8964923779313324e-17 2.105402240046535e-17
149.00772759680393 3.2357805362378736e-17 2.978101198214866e-17 2.802793067602886e-17
149.30574305199752 1.715765285524979e-17 1.4066532766479955e-17 2.1282635431282494e-17
149.60435453810155 3.2906562936079194e-17 3.1489157572367e-17 2.8569995286262254e-17
149.90356324717771 4.754418487508994e-17 3.656311094940508e-17 6.287199543665253e-17
150.20337037367207 2.7648651044208724e-16 2.5481760202136757e-16 2.4293908868943355e-16
150.50377711441942 1.2315984839605676e-17 1.1399837875963705e-17 9.631816706743183e-18
150.80478466864827 5.645224355001867e-18 4.572332109091639e-18 6.8977374651001095e-18
151.10639423798557 1.643048443543783e-17 1.490926198751664e-17 1.4376692084319767e-17
151.40860702646157 1.1096193397439167e-16 9.97573150861787e-17 1.02622449459021e-16
151.71142424051448 1.1678426850367265e-16 9.603675021921637e-17 8.94484031632052e-17
152.0148470889955 9.991399550539858e-16 9.6789550180229e-16 7.388482943876239e-16
152.3188767831735 5.80995857024821e-17 5.558052916222758e-17 4.7119331030009865e-17
152.62351453673986 2.0914258717464e-16 2.012998480032021e-16 1.750659726623988e-16
152.92876156581335 5.1774343285667044e-17 4.8879207109440623e-17 4.375189109510104e-17
153.23461908894498 5.796600975903887e-16 5.619092542610959e-16 4.2488309668845436e-16
153.54108832712285 1.2733183480115613e-16 1.2221989298105698e-16 1.0427473946169305e-16
153.84817050377708 1.528633129418101e-16 1.4512659062542766e-16 1.2789291818379574e-16
154.15586684478467 5.229393390641468e-16 4.487726076648399e-16 3.838904005476333e-16
154.46417857847422 9.089358993229377e-17 8.722193955014428e-17 6.333599615145815e-17
154.77310693563115 5.921837793368359e-17 5.124218401585915e-17 4.7346825439428964e-17
155.08265314950242 7.638467850404699e-17 6.60889978774458e-17 5.2747326148575175e-17
155.39281845580143 8.765815090673623e-17 7.838102706683339e-17 7.05911730463269e-17
155.70360409271302 1.547172665084001e-17 1.4156872843477108e-17 1.2432556278045144e-17
156.01501130089844 3.816778358587811e-17 3.0132341677838706e-17 6.691000756374742e-17
156.32704132350025 6.701783921686331e-17 6.103570581105581e-17 5.599516469850572e-17
156.63969540614727 2.3955767558676876e-16 2.194485346718687e-16 2.0283334795820608e-16
156.95297479695955 8.36300555086319e-17 6.801187610094508e-17 6.368900449035768e-17
157.26688074655345 3.776457806039113e-17 3.1678913132887884e-17 3.3419882365500244e-17
157.58141450804658 1.1292161578000678e-15 1.0970420726974416e-15 7.42159908688872e-16
157.89657733706267 2.9161273572909036e-16 2.7859626934382995e-16 2.061576742056045e-16
158.21237049173678 1.3914066089348337e-16 1.3427975357404002e-16 1.1733093253155348e-16
158.52879523272026 1.3508723835840594e-16 1.253637857440712e-16 9.88040850687334e-17
158.8458528231857 3.906790897190114e-16 3.793604294579509e-16 3.180241288022766e-16
159.16354452883206 1.593772651627346e-16 1.5327434433850042e-16 1.3981418895962217e-16
159.48187161788974 5.200284384233146e-17 4.921804980932514e-17 4.155624440788193e-17
159.8008353611255 6.644190028498981e-17 6.057092002323606e-17 5.015243705004655e-17
160.12043703184773 4.321754260957638e-16 4.1959729478797603e-16 2.948701748442315e-16
160.44067790591146 3.245233276209973e-16 2.9967814705800785e-16 2.5434760366997033e-16
160.76155926172328 8.504995830657699e-17 8.079205713127967e-17 7.881011472584602e-17
161.0830823802467 7.597653262625322e-17 6.75906303515787e-17 6.730879112586469e-17
161.4052485450072 1.511095277765501e-16 1.4610673386409467e-16 1.0057792470517379e-16
161.72805904209721 2.7744875306475004e-16 2.49902610517392e-16 1.8858264396323518e-16
162.05151516018142 9.286587931295519e-17 8.028915853332702e-17 6.274052707303974e-17
162.37561819050177 3.09003023584724e-16 2.9847019783750577e-16 2.705113921772623e-16
162.7003694268828 1.1840084683443417e-16 9.742292144989995e-17 1.157125029548821e-16
163.02577016573653 7.217895496345189e-17 6.690909919933128e-17 4.9586688320007636e-17
163.351821706068 3.437897984429847e-17 3.317608180595859e-17 3.168340682843903e-17
163.67852534948014 1.274168542899797e-16 1.2099049204320403e-16 1.1987325501240594e-16
164.00588240017908 8.533077100484961e-16 7.995136359964262e-16 6.090446226981789e-16
164.33389416497945 1.974404009290162e-16 1.8937927599859675e-16 1.5382884424680168e-16
164.66256195330942 5.416329016320563e-16 5.161782230808211e-16 4.0916599518310865e-16
164.99188707721603 1.4693243193809762e-16 1.3421069892102101e-16 1.377877781196218e-16
165.32187085137048 1.4290153130360732e-16 1.1330577003468595e-16 1.7393588571907356e-16
165.65251459307325 2.269491347630199e-16 2.1878048678683975e-16 1.7470680496427024e-16
165.98381962225938 5.107204224315049e-17 4.8585796975424295e-17 4.730983893769364e-17
166.31578726150389 2.6595210826776403e-16 2.5511208055088897e-16 2.295643351437237e-16
166.64841883602688 1.3957166821673283e-16 1.1726023689381957e-16 1.6476241099210172e-16
166.98171567369894 1.8587305373567798e-16 1.7471333275484704e-16 1.4867065009694089e-16
167.31567910504634 1.0064995410069188e-16 8.676201443581877e-17 9.116093810008765e-17
167.6503104632564 1.7021872788739342e-15 1.5981889501552323e-15 1.7989641928589893e-15
167.98561108418292 7.56702611975946e-16 7.155582260903155e-16 7.516165735116842e-16
168.3215823063513 4.163335382993874e-15 3.96648917129879e-15 4.318524752248113e-15
168.658225470964 1.4961012557993584e-15 1.4045305586062546e-15 1.5927015789972254e-15
168.99554192190595 9.90901499326928e-16 9.082617302668773e-16 1.00365938234761e-15
169.33353300574979 2.4376459579368326e-16 2.3478990817411934e-16 2.259530580699706e-16
169.67220007176127 5.552463810449131e-16 4.934875337140894e-16 4.994984298904842e-16
170.01154447190478 2.619889183745716e-16 2.500600617909896e-16 2.562834066187299e-16
170.3515675608486 4.393974593460939e-16 4.199024442314484e-16 3.6940271913905387e-16
170.69227069597028 7.723980440692136e-16 7.433384481701423e-16 7.613058060797969e-16
171.03365523736224 1.3338349470224348e-14 1.2802309469170889e-14 1.3805589407063665e-14
171.37572254783697 6.761668644796027e-16 6.509755171509513e-16 5.562855643754805e-16
171.71847399293264 5.50335583304904e-16 5.131414059202316e-16 5.123686624019804e-16
172.0619109409185 2.629605156302126e-16 2.4542497157093006e-16 2.17797898579704e-16
172.40603476280035 2.945394120734043e-16 2.823129482030229e-16 2.8006239306143726e-16
172.75084683232595 2.0643577168257617e-16 2.002814564708545e-16 1.9331742573575365e-16
173.0963485259906 7.338412468960161e-16 6.958534537329947e-16 6.980168338512922e-16
173.44254122304258 7.6823031539602e-17 6.413239785745143e-17 7.976521962617082e-17
173.78942630548866 1.3532024515599698e-15 1.306907488119622e-15 1.226542635179094e-15
174.13700515809964 6.244749398846672e-16 6.005479986419083e-16 5.840132335386868e-16
174.48527916841584 9.983694253074882e-15 9.68554376837715e-15 9.034064041106758e-15
174.8342497267527 5.21985065028085e-16 5.01068580172823e-16 5.068046467356768e-16
175.18391822620617 5.1251363124246154e-15 5.006816726307725e-15 4.76810364622665e-15
175.5342860626586 8.94626013266683e-16 8.317840661285755e-16 8.3037333012742225e-16
175.88535463478388 1.2177050633941535e-16 1.0807609937302224e-16 1.0001953871959864e-16
176.23712534405345 3.6111063047381924e-16 3.4696132126550026e-16 3.3287073327862853e-16
176.58959959474157 6.939773624417269e-16 6.720644287504511e-16 6.097107274172195e-16
176.94277879393107 1.0216762204091977e-15 9.788836374858587e-16 1.0301500299173563e-15
177.29666435151893 5.750074556042957e-15 5.5915073584830186e-15 5.303877064463575e-15
177.65125768022196 9.02348083683375e-16 8.715457053081271e-16 8.088915112855969e-16
178.00656019558244 1.2722372518778799e-15 1.2358351662089095e-15 1.0799946129177125e-15
178.36257331597358 6.651490173697211e-17 5.683478177456362e-17 7.296865042703589e-17
178.71929846260554 2.5875351195277663e-16 2.1110974315041236e-16 2.1235394043641883e-16
179.07673705953073 3.934850944429453e-16 3.796663451821362e-16 3.894400327119229e-16
179.4348905336498 8.156555078637933e-16 7.894890218830001e-16 6.498538596439582e-16
179.7937603147171 5.726075975445623e-15 5.5758483750734054e-15 4.686076804048768e-15
180.15334783534652 4.507762370738342e-16 3.8457733825383367e-16 4.164914248196476e-16
180.51365453101724 1.1210624363572289e-14 1.0905935417745185e-14 9.460872779090736e-15
180.87468184007926 8.195963078096518e-16 7.813354429526946e-16 6.709827472459582e-16
181.2364312037594 1.6167949076994849e-15 1.578949475009201e-15 1.3816105245742033e-15
181.59890406616694 3.2080765421297606e-16 3.079695230103527e-16 2.824380084473164e-16
181.96210187429926 2.5750429172297044e-16 2.3570548011166194e-16 2.1382802466323595e-16
182.32602607804787 3.767039593683099e-15 3.6509098605108845e-15 3.1763257651322573e-15
182.69067813020396 3.7758007255759286e-16 3.626951027236637e-16 3.472025012662049e-16
183.05605948646436 3.598987103207882e-16 3.4684164573381013e-16 2.800700912450197e-16
183.4221716054373 6.539551239487889e-16 6.285138342020477e-16 5.864263116509213e-16
183.7890159486482 3.1662784208434906e-16 2.9860292719161285e-16 2.874166730210287e-16
184.15659398054547 2.0804388374396962e-16 1.9419403260541654e-16 1.832093964972744e-16
184.5249071685066 3.934184698947698e-15 3.809173301430622e-15 3.5403344235260478e-15
184.89395698284358 3.3046208323146203e-15 3.218111625800815e-15 2.738743836979423e-15
185.26374489680927 2.0100818363869667e-15 1.8851863506797686e-15 2.0413995894703466e-15
185.6342723866029 5.363237985711003e-16 5.165299935474993e-16 4.4220088685724876e-16
186.00554093137612 1.2097689478390022e-16 1.1664681109634017e-16 1.0178246948515548e-16
186.37755201323887 5.599338074580703e-16 5.456029147635941e-16 4.70870739321883e-16
186.75030711726532 9.739771732895473e-15 9.413506396877246e-15 7.940135189231597e-15
187.12380773149988 8.563214662998408e-16 8.237131516436225e-16 7.269789127291558e-16
187.49805534696287 3.660275401547559e-16 3.5425304481171353e-16 3.0081794551794467e-16
187.87305145765677 2.7543033342725833e-16 2.330755830690488e-16 2.062238410535781e-16
188.24879756057211 8.361369381376204e-15 8.153303670612858e-15 7.005670783118219e-15
188.62529515569324 1.8053684233380798e-15 1.7478382644225328e-15 1.6567984548556356e-15
189.0025457460046 2.2581517134921925e-15 2.1858693764254372e-15 2.0185157647034395e-15
189.38055083749666 3.5363208482938157e-16 3.422629753059877e-16 3.0188238550209597e-16
189.75931193917162 1.3244419197604807e-15 1.2752637686777021e-15 1.2121056244646976e-15
190.13883056305 1.2028034414833635e-15 1.1636133917354626e-15 1.101063292675345e-15
190.5191082241761 1.4347767248962717e-15 1.3966736837241108e-15 1.119314941481168e-15
190.90014644062444 2.3448277402053558e-15 2.2957803340685544e-15 1.80869032375183e-15
191.2819467335057 8.128833410740565e-16 7.800295869344512e-16 6.64498240572771e-16
191.6645106269727 5.029703700653132e-16 4.845171581886721e-16 4.407877467630523e-16
192.04783964822667 9.232221248212132e-16 7.637737254147475e-16 1.263831657406132e-15
192.43193532752312 1.818335596381702e-15 1.7734860905758356e-15 1.4094635499973711e-15
192.8167991981782 1.8397239610697624e-15 1.5509276580440095e-15 1.593192263377253e-15
193.20243279657456 3.3229192321132043e-16 3.170205413367039e-16 3.1900925481486767e-16
193.5888376621677 4.2798159702135905e-15 4.174470056968331e-15 3.278790712284189e-15
193.97601533749204 4.617533675757457e-16 4.3233930707644817e-16 3.3496225092303314e-16
194.363967368167 2.375175317259658e-16 2.287826238453621e-16 1.921131582618482e-16
194.75269530290333 1.0069014591092141e-15 9.566544567480277e-16 9.675545368730432e-16
195.14220069350915 6.635921894761679e-15 6.4917967754624935e-15 5.188939890681159e-15
195.53248509489617 4.1692764589246815e-16 4.009323279855917e-16 3.567932212324933e-16
195.92355006508595 7.598347399033847e-16 7.165197521791874e-16 7.506097192748595e-16
196.31539716521613 1.5885689223568636e-16 1.4884093183132375e-16 1.4765702894026234e-16
196.70802795954657 6.20962846902806e-15 6.041319400218393e-15 4.6577291288847954e-15
197.10144401546566 5.074346222569893e-16 4.94624496356604e-16 4.2352402757920616e-16
197.4956469034966 6.460757814164447e-16 6.184725359322863e-16 5.283036667265148e-16
197.8906381973036 6.779830735044752e-16 6.565470105455576e-16 5.859695429904662e-16
198.2864194736982 1.0503322426577787e-16 1.0191797464069993e-16 9.189662098965996e-17
198.6829923126456 1.3131523726136492e-15 1.2730068947684688e-15 1.1449122534884051e-15
199.0803582972709 6.658328073342564e-16 6.486568931159299e-16 5.259355110155499e-16
199.47851901386542 1.1452710097818778e-16 1.1077340468059589e-16 9.826281272052637e-17
199.87747605189315 1.6666426792363618e-15 1.6179248933984745e-15 1.2014918551631169e-15
200.27723100399695 9.264594353386657e-16 8.976213462300727e-16 7.282230604453945e-16
200.67778546600493 3.357387328257016e-16 3.2546379368031146e-16 2.87890816035673e-16
201.07914103693693 2.06689328795983e-15 1.999517387217877e-15 1.5688722755518155e-15
201.48129931901082 5.056370685281203e-16 4.890106240901724e-16 4.196801125901774e-16
201.88426191764884 3.9445624778963595e-15 3.840315753578947e-15 2.985648978316185e-15
202.28803044148415 6.214091685296012e-16 6.017987498510371e-16 5.186403762964851e-16
202.6926065023671 7.293576727417196e-16 7.057785897869791e-16 6.332135265209508e-16
203.09799171537188 6.76976447553453e-16 6.588132388785996e-16 4.84273595440334e-16
203.5041876988026 1.0708090491210778e-16 9.441974094574373e-17 9.498995869900563e-17
203.9111960742002 8.951643554683735e-15 8.67251308314213e-15 6.435756227540262e-15
204.3190184663486 1.3760107147469966e-15 1.3359555176473907e-15 9.865257758892747e-16
204.7276565032813 2.351387642260442e-16 1.9612034238653723e-16 2.363660765532677e-16
205.13711181628787 6.131979954310728e-16 5.949982402032288e-16 4.654941942425533e-16
205.54738603992047 1.0719998288412475e-16 1.0297447355781903e-16 8.935131367915822e-17
205.95848081200032 1.9623673337768983e-16 1.8813625092080918e-16 1.5640391367553227e-16
206.37039777362432 9.735512154026464e-16 9.338723626138793e-16 8.241163368825968e-16
206.78313856917157 1.0617454440809953e-16 9.008499133014454e-17 1.1029151555625994e-16
207.1967048463099 3.1511056482642664e-16 2.961996156476714e-16 2.8581096475887937e-16
207.6110982560025 9.529107795475048e-16 9.213663442866655e-16 8.177472887015513e-16
208.02632045251448 4.209099714857247e-16 4.072886391151021e-16 3.556801956373882e-16
208.44237309341952 5.397710678903998e-16 5.078070808492577e-16 4.320089510411258e-16
208.85925783960639 1.1950948098922662e-15 1.1491919085447458e-15 8.70331249187442e-16
209.27697635528557 2.572205934539383e-16 2.47794634484742e-16 2.1007309939271605e-16
209.69553030799617 1.7124691215576886e-15 1.6733338087506867e-15 1.268908432645599e-15
210.11492136861213 4.584455680401079e-16 4.441560704082948e-16 3.521019215652371e-16
210.5351512113494 2.2542386254344086e-16 2.163322638795732e-16 1.8430427058186186e-16
210.95622151377208 3.926811365965747e-16 3.8103464098215293e-16 2.902995519311864e-16
211.37813395679962 4.766423670589e-15 4.620770798833024e-15 3.1965088446763222e-15
211.80089022471319 7.382857799761905e-16 7.172668610794837e-16 6.005911398695664e-16
212.22449200516263 3.9058260983396574e-16 3.7716798816339267e-16 2.7401131796792443e-16
212.64894098917296 8.554745489888942e-17 8.26786118629563e-17 6.653480224941049e-17
213.0742388711513 8.723354133903785e-17 8.299426642604165e-17 7.391107246822734e-17
213.50038734889358 1.8234639842820172e-16 1.7296647995391063e-16 1.4859997957809763e-16
213.92738812359138 1.1975934265250596e-15 1.1654168985178651e-15 8.354019266971762e-16
214.35524289983857 5.392382517327327e-16 5.221530356861076e-16 4.183238668263793e-16
214.78395338563823 5.653864797813684e-16 5.465552624235114e-16 5.357546781345959e-16
215.2135212924095 4.3046128978769067e-16 3.8679459595023037e-16 3.3225470423161947e-16
215.64394833499432 1.4258460014225623e-16 1.3862183810999824e-16 1.0488125095533803e-16
216.0752362316643 6.445147997627396e-16 6.092139174796504e-16 4.519265029901608e-16
216.5073867041276 1.1887857731043915e-16 1.1473845960437723e-16 9.135421853330282e-17
216.9404014775359 2.756528011669562e-15 2.6453258659680995e-15 2.5671098749256886e-15
217.37428228049095 7.340740976544098e-16 6.661656450678615e-16 5.99401585076157e-16
217.80903084505195 8.756130521572597e-16 8.295401543037275e-16 8.508079858853e-16
218.24464890674207 1.5086794563324565e-15 1.4607326012607771e-15 9.60454865470106e-16
218.68113820455554 3.2424969566830664e-16 2.882060216197966e-16 3.021503225087128e-16
219.11850048096466 7.13782159630403e-15 6.9625722420965685e-15 4.554505884939009e-15
219.55673748192658 1.490228253276163e-15 1.446785984965484e-15 1.1454024986959352e-15
219.99585095689042 1.0710140603150536e-15 1.0350546675015066e-15 7.541381352051352e-16
220.43584265880418 7.100378004747077e-16 6.700154862813186e-16 6.691481055644357e-16
220.8767143441218 4.0528901478932587e-16 3.9514290211886986e-16 3.1421277799191283e-16
221.31846777281007 6.151974463771945e-16 5.129519767515949e-16 4.451275215269749e-16
221.76110470835567 2.016295219481757e-15 1.9561043548805767e-15 1.407583575106086e-15
222.2046269177724 2.5352959309590964e-16 2.3780373406559313e-16 2.513989615115131e-16
222.64903617160792 1.4857492119386455e-16 1.4237341642280926e-16 1.185090891143521e-16
223.09433424395115 9.862219416639655e-16 8.337594751232858e-16 7.766356567403987e-16
223.54052291243906 6.650331665461674e-16 6.468239255464107e-16 5.779601346531894e-16
223.98760395826395 1.4140816579338473e-16 1.351923616984404e-16 1.075492283475617e-16
224.43557916618047 6.634582862749103e-16 6.180755621036358e-16 5.159668022601744e-16
224.88445032451284 1.121006042004875e-15 1.0685820392865516e-15 9.454372877147464e-16
225.33421922516186 2.830977157685114e-16 2.6846871932085997e-16 2.452813511421235e-16
225.78488766361215 7.946101507561549e-16 7.709635189890813e-16 7.293513950722815e-16
226.2364574389394 2.43841411577955e-16 2.3467370832404183e-16 1.854862731595952e-16
226.68893035381728 6.498197260457242e-16 6.30218372414609e-16 5.29623927466878e-16
227.14230821452492 2.7174020482712476e-15 2.6261000311108994e-15 2.3782114432310853e-15
227.596592830954 4.892654608675139e-16 4.659700906754084e-16 3.219871728354227e-16
228.0517860166159 1.1820023492541514e-15 1.1495187293631808e-15 8.719626271534205e-16
228.5078895886491 4.610174722641453e-16 4.427807488478491e-16 3.877100639506534e-16
228.96490536782642 1.74124701377618e-16 1.6857796695545175e-16 1.5422053719629658e-16
229.42283517856205 6.28816434543664e-17 6.067088093170562e-17 4.99960499024842e-17
229.8816808489192 7.009416829828466e-17 6.722018643935838e-17 5.777940557265888e-17
230.341444210617 5.2333520747038846e-17 4.5531112700965e-17 4.321499338517017e-17
230.80212709903824 3.431158652920344e-16 3.2931060140305914e-16 3.007998229258949e-16
231.26373135323632 5.517403610184196e-16 5.117885147389815e-16 5.523503498553145e-16
231.7262588159428 2.8890484444809534e-16 2.7108972890624197e-16 2.7552974316115937e-16
232.18971133357468 3.0244877516924783e-16 2.919360230101122e-16 2.6526743821902097e-16
232.65409075624183 3.039717775097408e-16 2.8035102707755653e-16 2.214764326501185e-16
233.1193989377543 4.877146137166897e-16 4.655375867302242e-16 4.33080631770253e-16
233.5856377356298 6.337608724113987e-16 5.87992517757016e-16 5.64061173506258e-16
234.0528090111011 1.1969168523006855e-15 9.971287739794729e-16 7.728564677988512e-16
234.52091462912327 9.823412255084136e-16 9.428506134574575e-16 8.670305306117452e-16
234.9899564583815 3.938423345695271e-16 3.7718089153885546e-16 3.361281948231992e-16
235.45993637129828 2.5150954616267103e-16 2.4021392045183827e-16 2.3960656231094336e-16
235.93085624404088 8.810979784042765e-17 8.26888081803246e-17 8.010842589094786e-17
236.40271795652896 3.6566046391967705e-16 3.5244332324008047e-16 3.1183151333305245e-16
236.875523392442 8.610359507764518e-17 8.233800006695801e-17 8.000192556105632e-17
237.34927443922692 1.7094717501884043e-16 1.4656781695962319e-16 1.4160828662729847e-16
237.82397298810534 2.1499694171017703e-16 2.051742058866979e-16 1.545880707999561e-16
238.29962093408156 1.7717847990591525e-16 1.5853065525913286e-16 1.6031231038019128e-16
238.77622017594973 7.985715020585783e-17 6.254426372821862e-17 7.523401497865532e-17
239.25377261630166 7.894237787453135e-16 7.638621867652752e-16 6.078138468851187e-16
239.73228016153425 4.811281852578356e-16 4.601054572700804e-16 4.036775045553069e-16
240.21174472185731 2.5341687724185686e-16 2.416291550867554e-16 2.202850923338289e-16
240.69216821130104 1.261401815243076e-15 1.2221906663066877e-15 9.877340180846075e-16
241.17355254772363 1.0201214534595839e-16 9.590488372510169e-17 9.609531434236212e-17
241.65589965281904 1.6396484018563913e-16 1.5575153109026004e-16 1.610844458685079e-16
242.1392114521247 5.927149237484229e-16 5.221739006320495e-16 5.149057050617959e-16
242.62348987502895 3.370267365617233e-16 3.2532560670840994e-16 2.789524429785032e-16
243.108736854779 2.7089150501450994e-16 2.36072448798646e-16 1.9634571789781107e-16
243.59495432848857 1.6700874198258031e-15 1.5958081009169172e-15 1.1133348992931499e-15
244.08214423714554 2.296546187275851e-16 2.025010696963593e-16 1.914711634733185e-16
244.57030852561985 1.9215054369110177e-17 1.8473638603273794e-17 1.613881233841846e-17
245.0594491426711 1.1864886580348413e-15 1.1318258132764013e-15 1.1891645569838769e-15
245.54956804095642 4.754203316106989e-17 4.513816056907182e-17 3.571210869124607e-17
246.04066717703836 1.3023761170929312e-15 1.2553946079287069e-15 1.0243416228972748e-15
246.5327485113924 1.1365493916009697e-16 1.0959266043755266e-16 9.874345135232218e-17
247.02581400841518 3.510030657768728e-16 2.950145382545024e-16 2.531290307281209e-16
247.51986563643203 1.9031417099975115e-16 1.83394416279917e-16 1.657762956247123e-16
248.0149053677049 5.88240266577441e-17 5.655300763573285e-17 4.6130666223545673e-17
248.51093517844032 4.388713818187282e-16 4.172033136605896e-16 3.7164048615576206e-16
249.00795704879718 8.13008357816283e-16 7.363992869908152e-16 5.890832295213394e-16
249.50597296289476 6.681752579651093e-16 6.49100364138603e-16 5.197127517807469e-16
250.00498490882057 1.5218870689362715e-16 1.449130992587257e-16 1.342126931444715e-16
250.5049948786382 2.2458766759505576e-16 2.1111732699360238e-16 2.13234486365463e-16
251.00600486839548 8.3721983295101905e-16 7.57136207570831e-16 6.0981806772198395e-16
251.50801687813228 1.0602188820754929e-16 1.0091265570933287e-16 1.0098292950927976e-16
252.01103291188852 3.0460456035104494e-15 2.9628723064680003e-15 2.0359910930404036e-15
252.5150549777123 1.3912192150219898e-17 1.160498402653108e-17 1.2026265213920202e-17
253.02008508766775 4.2798538936818636e-17 3.49864748291423e-17 5.625600969471067e-17
253.5261252578431 7.285912226730652e-17 7.048879053341119e-17 5.3501255574713324e-17
254.03317750835876 7.512564678775251e-16 7.221167598432067e-16 6.279178559411274e-16
254.54124386337548 3.692096134522508e-17 3.117136075201666e-17 3.3046683140292964e-17
255.05032635110223 1.4891296780271349e-16 1.1232481206983182e-16 2.1209863166614e-16
255.56042700380445 1.779229714742969e-16 1.6774414625690575e-16 1.8029459304900035e-16
256.07154785781205 1.8141585735315609e-16 1.4542392926304263e-16 1.494329425307692e-16
256.5836909535277 4.4870711916535e-15 4.2638794906697495e-15 3.1012773485813988e-15
257.0968583354348 7.49292402592839e-16 7.263238695540124e-16 6.669111409018556e-16
257.61105205210566 2.3880877183234486e-15 2.3012141764247785e-15 1.7701768517532505e-15
258.12627415620983 4.502813922733218e-15 4.404661966353141e-15 3.729797375477041e-15
258.64252670452225 7.412094375187269e-17 7.065658564768525e-17 5.787044490383318e-17
259.1598117579313 1.7530884878197963e-16 1.5102074764792207e-16 1.3874191897096666e-16
259.67813138144714 4.324811295557711e-16 4.1332479520923806e-16 3.6198914251520297e-16
260.19748764421 1.7599804875305253e-16 1.674511237577531e-16 1.4749887751295266e-16
260.7178826194985 3.47691523913168e-17 3.1679731600546764e-17 2.8949445627093214e-17
261.2393183847375 8.152671339112395e-16 7.966981081433779e-16 6.454767205433735e-16
261.76179702150694 3.575520319430188e-16 3.455581078348338e-16 2.9364003686312717e-16
262.28532061555 2.1059670409537495e-17 2.0068158258689962e-17 1.5093487988112128e-17
262.80989125678104 1.018667167677389e-15 9.308934005011641e-16 6.826421779666317e-16
263.33551103929466 5.634372365774448e-17 5.259052019630474e-17 4.6215750048847417e-17
263.86218206137323 3.791364450959824e-17 3.0533261945193735e-17 5.782183154027776e-17
264.38990642549595 2.806853661871007e-16 2.734212850166245e-16 2.1781586202414556e-16
264.91868623834694 5.399771010140877e-15 5.2095117789146435e-15 3.5100667524986543e-15
265.44852361082366 3.8977045903304096e-17 3.763884924728625e-17 3.3619315341288756e-17
265.9794206580453 1.2528950832467593e-16 1.1064425844089308e-16 1.0439152526703225e-16
266.5113794993614 2.512224888322673e-16 2.363416506128028e-16 2.1696707355910161e-16
267.0444022583601 2.860785437575751e-17 2.3803785952866134e-17 3.488412452905704e-17
267.5784910628768 1.4021431733010303e-16 1.3564964860015016e-16 1.246005683590256e-16
268.11364804500255 3.870697634159889e-17 3.5065199279428956e-17 3.7475265582738875e-17
268.6498753410926 4.8657436706353825e-17 4.6898546236890424e-17 4.036456680544218e-17
269.18717509177475 9.240149226719069e-17 7.885679920140494e-17 9.440940574287901e-17
269.7255494419583 5.3760190931191424e-17 4.953071541809474e-17 3.633260998561046e-17
270.26500054084227 1.7852662865290446e-15 1.7079778915765434e-15 1.2170158294313123e-15
270.80553054192393 7.89144188552765e-17 6.464484934126174e-17 6.371347487748896e-17
271.34714160300774 8.332260213795959e-17 7.796728080698184e-17 6.754784133191151e-17
271.8898358862138 7.544214139542575e-16 7.115725995681532e-16 6.101273325970427e-16
272.4336155579862 2.0774679872812706e-16 1.8941105193856995e-16 2.050978476625305e-16
272.9784827891022 5.0896880423481876e-17 4.8485346446679744e-17 3.9253117087048674e-17
273.5244397546804 7.932888845198763e-17 7.414721155920403e-17 6.172773409239537e-17
274.07148863418973 1.8231199117377883e-15 1.7563373247088397e-15 1.2579320343731719e-15
274.6196316114581 3.592814444191899e-17 3.4171218516797357e-17 3.192772582911562e-17
275.16887087468103 4.2474256185941335e-16 4.0156982012367137e-16 4.506038081930413e-16
275.71920861643036 9.355029109444846e-17 8.511461755091461e-17 9.543898212208551e-17
276.27064703366324 1.1078966364352123e-16 1.0553575243591532e-16 1.0665532031505436e-16
276.8231883277306 1.4703740663835042e-15 1.3995766278114204e-15 1.4613391601816557e-15
277.37683470438606 5.249318541984696e-16 5.11224084249315e-16 4.1408919019707327e-16
277.93158837379485 5.686314783732819e-17 4.9004760106985724e-17 3.9974980685432553e-17
278.4874515505424 4.674810558747648e-16 4.3812069579221936e-16 4.796162372621135e-16
279.0444264536435 4.83645784100077e-17 4.4495577198538583e-17 4.1656293279816384e-17
279.6025153065508 3.456996480241647e-17 2.7946334217397545e-17 3.607649286148686e-17
280.16172033716396 7.30017579635771e-17 5.808388135967162e-17 6.855403073122398e-17
280.7220437778382 2.751390097714031e-16 2.5928337915443067e-16 2.9936766314868708e-16
281.2834878653939 1.0854719009968208e-16 9.713464563463186e-17 7.84097003936173e-17
281.8460548411247 6.356010679767005e-17 6.059265539505838e-17 5.35964844360355e-17
282.40974695080695 8.263149645905188e-17 7.996363347709643e-17 7.314106371550142e-17
282.9745664447086 2.381611533941986e-17 2.2279509361259612e-17 1.8520427677016098e-17
283.540515577598 2.659077378960204e-16 2.5055784529088616e-16 2.0628961256812392e-16
284.1075966087532 1.7842226319529463e-14 1.7016288711732412e-14 1.0997596124303815e-14
284.6758118019707 1.9508929270318115e-17 1.8324364857210202e-17 1.4617117811633888e-17
285.2451634255746 1.2062584167817749e-16 1.166743655039517e-16 1.1275239552239387e-16
285.81565375242576 1.8878286693956295e-16 1.8254992649988426e-16 1.2864927020822394e-16
286.3872850599306 5.770981229574763e-17 5.323675442009181e-17 5.417672010107842e-17
286.96005963005047 1.0393989089606258e-16 9.963729838824447e-17 8.397517062739897e-17
287.53397974931056 1.9646931428575584e-17 1.7769681938079184e-17 1.6170163786953333e-17
288.1090477088092 9.957748386803967e-17 9.119503470461353e-17 7.123109842091376e-17
288.68526580422684 4.247313977184054e-16 4.087809922946846e-16 2.816761395711018e-16
289.2626363358353 1.7153032412837076e-16 1.639727041778934e-16 1.1843942676611334e-16
289.8411616085069 4.0115923036839974e-17 3.6472471717058266e-17 2.893082056162098e-17
290.42084393172394 2.5109568479028987e-16 2.4057436245258624e-16 2.147538783655933e-16
291.00168561958736 6.928277683389274e-16 6.704088864603927e-16 5.393037228838446e-16
291.5836889908266 3.1501485393401855e-16 2.997651800256196e-16 2.243924362281047e-16
292.1668563688082 5.780318034978642e-16 4.863622796289392e-16 4.416627923996609e-16
292.7511900815459 5.545365486294098e-16 4.808672868784555e-16 4.904089065018383e-16
293.33669246170894 7.921993951692069e-17 6.949672692595954e-17 7.204733090006429e-17
293.92336584663235 3.020144742703898e-17 2.5504657482794603e-17 2.5072111319863058e-17
294.5112125783256 3.2307299242771845e-17 2.6477327413032197e-17 2.6935367407166746e-17
295.1002350034822 4.947672759111618e-17 4.146857094036674e-17 3.8884345728531624e-17
295.6904354734892 1.9051192939299657e-17 1.494097620072558e-17 1.906818112497372e-17
296.28181634443615 8.942075159933958e-16 8.639842353153402e-16 7.839803862881044e-16
296.87437997712505 2.807742962179253e-17 2.5695743793151384e-17 2.3786059886959025e-17
297.46812873707927 8.206235631306967e-17 7.233427186445532e-17 6.825035227617103e-17
298.0630649945534 5.295428005091789e-17 4.8262934368534566e-17 4.5187007835157617e-17
298.6591911245425 2.9230925264482963e-17 2.7529471729415286e-17 2.6185015117067893e-17
299.2565095067916 4.1444283416397115e-16 4.0064137841752825e-16 2.6786643531086055e-16
299.8550225258051 6.828102261141558e-17 6.270841660207501e-17 5.11161849020669e-17
300.4547325708568 6.801451040943338e-17 6.137705435630234e-17 5.757244908478746e-17
301.05564203599846 8.14662888116411e-17 7.723205198808586e-17 6.745922766305578e-17
301.65775332007047 2.6876633196286677e-17 2.4352524923627694e-17 2.1692685480852853e-17
302.26106882671064 1.946825780365316e-16 1.5344183367100357e-16 1.9016963077165302e-16
302.865590964364 2.40174571611524e-16 2.241436510361542e-16 1.8236557621795943e-16
303.4713221462928 7.218940904344201e-15 6.990371519884752e-15 5.143413258236918e-15
304.0782647905853 6.796695966589822e-16 5.431606304824703e-16 5.514373923649635e-16
304.6864213201665 5.001484338324889e-16 4.789474776312339e-16 3.1305107585555775e-16
305.2957941628068 7.08555363837139e-17 6.225314712217476e-17 5.981414333309831e-17
305.90638575113246 4.1220686593680005e-17 3.580728958250436e-17 3.2218786296266845e-17
306.51819852263475 8.336666334470918e-17 7.436086271293591e-17 6.531159950636177e-17
307.1312349196801 5.442130738280325e-17 4.7513341117347785e-17 4.4501904543651237e-17
307.7454973895194 1.5993262024277462e-16 1.5257637152013523e-16 1.1575219745645323e-16
308.3609883842985 7.639670046590279e-16 7.346031560245637e-16 6.627422659064023e-16
308.97771036106707 2.6653108880032786e-16 2.3333670119637404e-16 2.1145269766905893e-16
309.5956657817892 6.848439595736159e-17 5.5283921883572463e-17 6.116372877419323e-17
310.21485711335276 4.8444843606579647e-17 4.618526106497937e-17 4.409901598868429e-17
310.83528682757947 2.1143211504023227e-17 1.9355534271780538e-17 2.1355431572819364e-17
311.4569574012346 1.570009908072266e-16 1.483099838306967e-16 1.1695156596914042e-16
312.0798713160371 5.490619275850776e-16 5.275071331060031e-16 4.691988853148918e-16
312.70403105866916 3.304747233166021e-16 3.1335467327787764e-16 2.226635324436602e-16
313.32943912078645 6.148162292851997e-17 5.464142821840419e-17 5.915504145502542e-17
313.95609799902803 4.567562337607331e-16 4.3497608419063555e-16 4.673100422889267e-16
314.5840101950261 2.526232793711031e-16 2.4026258136613084e-16 2.493743010500745e-16
315.2131782154162 1.1140263006169943e-15 1.068149053161055e-15 1.1509358027651203e-15
315.843604571847 4.790596315653263e-17 4.6111740930036044e-17 3.757237934967148e-17
316.4752917809907 4.16214267256554e-16 3.9989860520216203e-16 4.031886187623223e-16
317.10824236455267 4.1129235618182215e-16 3.93531476951996e-16 4.1354910714717407e-16
317.7424588492818 3.0827043917382296e-17 2.9123245062143356e-17 2.5176633344743256e-17
318.3779437669803 8.667765990532372e-16 8.418258174777248e-16 6.235935686077129e-16
319.0146996545143 4.120614888335386e-16 3.903518595807634e-16 4.3766477019197657e-16
319.65272905382335 5.879503712884695e-16 5.653062789375412e-16 5.713538601502687e-16
320.292034511931 1.891295891280365e-16 1.5462403982243858e-16 1.7887953482807111e-16
320.93261858095485 7.240699649677872e-16 6.897622037103238e-16 5.112808134360126e-16
321.57448381811673 2.591989381950251e-16 2.4755464922031113e-16 1.6825366024528334e-16
322.217632785753 7.256507130561855e-17 7.034081804145698e-17 5.942038105995672e-17
322.86206805132446 3.9861108611282865e-17 3.5718524908385415e-17 3.5321050455022134e-17
323.5077921874271 1.0803092630056702e-16 9.394492775091607e-17 9.230042110953496e-17
324.15480777180204 6.420998289862406e-17 6.113204719882202e-17 5.468284978521785e-17
324.8031173873456 8.38561430703207e-17 8.014725743468172e-17 6.431779252233103e-17
325.4527236221203 7.990316265005723e-17 7.660825797384075e-17 7.38509673213987e-17
326.10362906936456 1.5347347733842294e-16 1.4948760982776871e-16 1.2486543514538608e-16
326.75583632750323 2.2199583556230182e-16 1.8920694672926323e-16 1.4122175685420204e-16
327.4093480001583 8.040577358064221e-18 7.041895311928817e-18 7.157594926280807e-18
328.06416669615857 2.6482847951128557e-16 2.5267832992531893e-16 2.1167125165433314e-16
328.7202950295509 1.8030770462592624e-17 1.6074662208927826e-17 1.2518795038270773e-17
329.37773561961 1.0533831074218331e-16 1.0263973429379357e-16 7.660091591992011e-17
330.03649109084927 2.491839750002703e-16 2.38464177509971e-16 2.4636312528815467e-16
330.69656407303097 1.9348760501970308e-17 1.6498285587455586e-17 1.81360228957329e-17
331.35795720117704 3.1960903145195095e-17 3.079496820475616e-17 2.988943349334461e-17
332.02067311557937 6.174226383169676e-17 5.99052084961559e-17 4.7305084172847684e-17
332.68471446181053 4.756970706021149e-16 4.621507516787203e-16 3.977415714427802e-16
333.35008389073414 2.3336251175959864e-17 2.1619330189323164e-17 2.0536501193674747e-17
334.0167840585156 1.1888043067779897e-15 1.1577528335891245e-15 8.000184013780805e-16
334.68481762663265 1.2642629832668842e-17 1.140089644735607e-17 1.003451478799773e-17
335.3541872618859 9.635546098157813e-15 8.757033507176778e-15 6.439062470263452e-15
336.0248956364097 1.43346406381555e-17 1.1666498406036618e-17 2.0169811954170345e-17
336.6969454276825 2.8593551672295646e-17 2.7859496240193414e-17 2.4129710429001875e-17
337.3703393185379 6.706012370067957e-17 6.368293116576655e-17 6.28279283361147e-17
338.045079997175 5.787012904599307e-16 5.600619471341878e-16 4.454304502750309e-16
338.72117015716935 2.4829243445694815e-16 2.374592112534718e-16 2.546087991278997e-16
339.39861249748367 3.662937932533365e-17 3.158187449830063e-17 3.09508899123301e-17
340.07740972247865 9.816192170358023e-17 8.7782412196931e-17 9.267880326433668e-17
340.7575645419236 3.656897050660503e-17 3.0439194782772986e-17 3.409873742639492e-17
341.43907967100745 3.5696999462279064e-16 3.3873862124039883e-16 3.2448218264057965e-16
342.1219578303495 2.0343282265867212e-16 1.9413821848219357e-16 1.9109721792652888e-16
342.80620174601023 3.403523909079257e-17 3.2253223964029056e-17 2.998472301491764e-17
343.49181414950226 3.003070750151219e-17 2.894876183381739e-17 2.8343927579072086e-17
344.17879777780126 1.4768566174934868e-17 1.3305536664693367e-17 1.2639215266020238e-17
344.86715537335687 4.9072545783376115e-16 4.1451560235224426e-16 4.450079325054679e-16
345.55688968410357 4.771615889553631e-16 4.619733516250648e-16 4.485716916395918e-16
346.24800346347183 6.633134496717816e-18 5.582823623955183e-18 5.452716843650606e-18
346.9404994703987 2.4328622525729324e-16 2.357935578316181e-16 1.9667834060184149e-16
347.63438046933953 8.861937189407756e-16 8.411194334962366e-16 7.229553698642489e-16
348.3296492302782 3.258526792125918e-16 3.1594679111213415e-16 2.399617295736552e-16
349.0263085287388 3.36586590424969e-16 3.0003381268319e-16 3.3560166924741143e-16
349.7243611457963 7.203531766915998e-16 7.030261785412825e-16 6.394798072041394e-16
350.42380986808786 8.967846705052465e-17 7.507813612089734e-17 8.02002793398736e-17
351.12465748782404 1.1135401597945726e-16 1.0297235338734407e-16 9.453575664912635e-17
351.8269068027997 5.180132115507468e-16 4.953821930948684e-16 4.259125810706546e-16
352.5305606164053 7.344726776054439e-16 7.093115496300836e-16 6.339076997420254e-16
353.2356217376381 8.947508466423589e-17 7.77106614300884e-17 9.852580487894313e-17
353.9420929811134 1.5385290795600138e-15 1.372592756520696e-15 1.0349859466441345e-15
354.64997716707563 4.128784828184899e-17 3.916245856435076e-17 3.9218271038799166e-17
355.3592771214098 2.867877078411184e-17 2.4892732156924803e-17 2.7515271966603128e-17
356.0699956756526 1.4574921136840246e-15 1.4194464596408986e-15 1.1807798247893894e-15
356.78213566700384 1.8865142293923734e-16 1.824357764063189e-16 1.594784194066382e-16
357.4956999383379 2.637921012133338e-17 2.266912162430132e-17 2.154809720619062e-17
358.21069133821453 3.2671878168812864e-17 2.5557633121490534e-17 3.5688400543151926e-17
358.927112720891 3.2488858913243666e-16 3.0539996000433824e-16 2.4606690619412753e-16
359.6449669463328 7.160901639961615e-16 6.818098290747973e-16 5.382206339038015e-16
360.36425688022547 3.040421235875925e-17 2.8680801001090567e-17 2.913626727788416e-17
361.0849853939859 4.1904817095953395e-15 3.863127788464572e-15 2.708740045801208e-15
361.80715536477385 2.806604792816282e-18 2.6551854746208826e-18 2.530848071186095e-18
362.5307696755034 1.2309561618253555e-17 1.1536659792450644e-17 1.1508593730823334e-17
363.25583121485437 8.113411511520822e-18 7.398538054624126e-18 6.86312462683089e-18
363.9823428772841 7.515433502510565e-17 7.19973678350137e-17 7.235440543719263e-17
364.71030756303867 7.156543989712699e-16 6.966685302617625e-16 5.690324644492205e-16
365.4397281781647 5.718006326866862e-16 5.281438381091742e-16 5.19367723547452e-16
366.17060763452105 5.1237861169672166e-17 4.732854438144962e-17 5.135045580225758e-17
366.9029488497901 4.5230240052958966e-17 3.6629449913121556e-17 4.1873000011507384e-17
367.63675474748965 2.9362073558482405e-16 2.726525979044846e-16 3.1114557448305264e-16
368.3720282569846 3.876293776869004e-15 3.7559531148866565e-15 3.422366772227117e-15
369.1087723134986 2.1764593325335836e-16 2.115206288492457e-16 1.8615015721247045e-16
369.8469898581256 4.20594904638292e-18 4.008509329528407e-18 3.9261997588462235e-18
370.58668383784186 9.878239165190774e-18 7.900867890193007e-18 9.552838400774027e-18
371.32785720551755 6.95584405213448e-17 6.433597090211458e-17 5.123407955480067e-17
372.07051291992855 3.350180571485348e-17 3.2379712110113847e-17 2.5983434805340014e-17
372.81465394576844 2.8576179515057266e-17 2.6964591792230477e-17 1.7713811609211733e-17
373.56028325366 1.3714722334924256e-17 1.0721588666608027e-17 1.3563258339824758e-17
374.3074038201673 1.6873229197055063e-17 1.31621641978934e-17 1.7149114473686152e-17
375.0560186278076 3.590991294146638e-18 3.1578069328722182e-18 2.9479419863615824e-18
375.8061306650632 2.4108543242024627e-17 2.320261424401452e-17 2.392004472353882e-17
376.55774292639336 2.941610770536475e-17 2.8200422536285616e-17 2.3106453643776106e-17
377.31085841224615 1.1723710767140566e-17 1.1250812006569616e-17 1.153284518983949e-17
378.0654801290707 1.7267842164232213e-17 1.5268073464262764e-17 1.8178865846937324e-17
378.8216110893288 2.8103274418757117e-18 2.4402716362427958e-18 2.790616600218967e-18
379.57925431150744 8.933910441173262e-18 7.213488636751897e-18 8.877160144374878e-18
380.33841282013043 1.8213822798018735e-17 1.6753475768543205e-17 1.866713380193661e-17
381.09908964577073 1.69274111609873e-17 1.5889755558007472e-17 1.7125559040079355e-17
381.8612878250623 4.722780644568287e-18 4.120854872722564e-18 3.8895921450467636e-18
382.6250104007124 8.839942883785383e-17 8.541165082889234e-17 6.807297427262491e-17
383.3902604215138 1.3405043684487561e-17 1.1512602574636347e-17 1.1954611517302252e-17
384.15704094235684 3.049530058417977e-17 2.4510746383880322e-17 3.7922194156865e-17
384.9253550242416 7.866779516932281e-17 7.487635016610475e-17 6.103243209495469e-17
385.6952057342901 3.1319560728324392e-18 2.9808866071244233e-18 2.312814355839587e-18
386.4665961457586 2.6916143114316108e-17 2.5021110552712002e-17 2.215803760173274e-17
387.23952933805015 1.6393665965739124e-17 1.2599664209697972e-17 1.5630498120858108e-17
388.0140083967263 5.694900385449006e-17 5.1889689578207935e-17 6.09303311366726e-17
388.7900364135197 1.1975914882316736e-17 8.845734528560255e-18 1.6935119512860942e-17
389.56761648634676 1.4072888853605155e-16 1.293548159256323e-16 9.297793464091548e-17
390.34675171931946 3.036382652846322e-18 2.7367484412801124e-18 2.536126154246406e-18
391.12744522275807 3.977923765926474e-18 3.2094395205609415e-18 3.64557529190848e-18
391.9097001132036 3.2292950848719993e-17 3.1331863769408954e-17 2.3472653440102938e-17
392.69351951343003 8.335641353206648e-17 8.052678606789179e-17 7.836765733470541e-17
393.47890655245686 1.1635633466721539e-17 1.013970344396791e-17 8.976447407029525e-18
394.2658643655618 4.326125782333678e-18 3.974932457774511e-18 2.9348792376218566e-18
395.05439609429294 2.4090858704608327e-17 2.3208946966944534e-17 2.2997698760661867e-17
395.8445048864815 1.7436578907822057e-17 1.5677554596062244e-17 1.497343772153369e-17
396.6361938962545 7.000818064438269e-18 6.678310391550851e-18 5.909695109474666e-18
397.429466284047 1.2291732347983306e-17 1.1683794358306625e-17 1.1219292413397582e-17
398.2243252166151 2.4484586674364616e-18 1.956938231655093e-18 2.9539158472430942e-18
399.0207738670484 3.187847425645079e-17 2.88901725901229e-17 3.519886679088597e-17
399.8188154147824 4.4156523913643996e-17 4.0068898993816954e-17 4.610303724829688e-17
400.618453045612 8.160960301933176e-17 7.420405678781354e-17 8.514498230545405e-17
401.4196899517033 8.442030932682826e-17 7.554829933843493e-17 8.975594405481963e-17
402.22252933160667 1.6400516635937299e-16 1.4656803207068917e-16 1.904340065202711e-16
403.02697439026986 1.1738390541980042e-16 1.0604765398915207e-16 1.3542611495767805e-16
403.83302833905043 2.5756796031210347e-18 2.1684191637496947e-18 2.1058269885218064e-18
404.6406943957285 6.155618320280508e-18 5.027467745638231e-18 4.695529281544335e-18
405.44997578451995 1.4296269624648385e-17 1.156026383442508e-17 1.286508597191366e-17
406.260875736089 8.297145446651816e-18 7.2855077625446e-18 6.539705518299074e-18
407.0733974875612 2.1869375193536903e-17 2.1193446167333217e-17 1.818215296059604e-17
407.8875442825363 1.773039717635966e-17 1.702964989001067e-17 1.4603389703628895e-17
408.7033193711013 3.7834542583795066e-18 3.4105915235475197e-18 3.0734055119966767e-18
409.52072600984354 1.8228983263196842e-17 1.4442415799474613e-17 1.9061772479159823e-17
410.33976746186323 9.73748487581093e-18 7.853441279271677e-18 9.351277239977238e-18
411.16044699678696 8.499607225681285e-17 7.906669980932227e-17 8.726111905878895e-17
411.9827678907805 7.510724206975977e-17 7.017332235955331e-17 5.193708582046204e-17
412.8067334265621 4.5448900734447226e-17 4.27776321191992e-17 3.2403588064901946e-17
413.6323468934153 8.095261764274044e-18 7.312814652027309e-18 6.732516576148386e-18
414.45961158720206 2.4541829861931904e-17 2.3226935882002175e-17 2.285374663474856e-17
415.28853081037647 5.329851851671125e-18 3.95719088913963e-18 8.011694027358698e-18
416.11910787199724 4.428797083215926e-17 3.710731127265111e-17 4.6730819371724696e-17
416.95134608774123 5.536359899672677e-16 5.292688314498285e-16 3.4277402563648573e-16
417.78524877991674 3.5944756688642576e-16 2.874764405834727e-16 2.836197788570344e-16
418.6208192774766 3.821806106199517e-18 3.1164235069537533e-18 3.6320684878077195e-18
419.4580609160315 2.2868520191060124e-17 2.052143871645209e-17 2.030814124237784e-17
420.2969770378636 8.798100796995966e-18 8.344074603434791e-18 7.72589360391748e-18
421.13757099193936 3.419856493411141e-17 3.1479711307680134e-17 2.829266786089743e-17
421.9798461339232 4.639783958960667e-18 3.743752290194889e-18 4.328090314099938e-18
422.823805826191 1.9584287880649346e-17 1.8427513524789578e-17 1.959277908364592e-17
423.6694534378434 2.030571073733492e-18 1.5786145001207185e-18 1.856520749473796e-18
424.51679234471914 2.9269998458108097e-17 2.3926408897033545e-17 2.318059995459195e-17
425.3658259294086 3.3537688524564083e-19 2.627178013510036e-19 4.13758484809623e-19
426.21655758126735 1.8185034977223654e-18 1.736768542460254e-18 1.5545624959401636e-18
427.0689906964299 7.02211183782111e-18 6.277949590183239e-18 5.630550205817896e-18
427.9231286778228 2.7944896618708667e-17 2.5882858434260146e-17 2.793008981871387e-17
428.77897493517844 4.912564802459868e-17 4.618422777316936e-17 5.421514978804193e-17
429.6365328850488 1.8406807772947764e-17 1.7894283107531996e-17 1.2848526059476316e-17
430.49580595081886 3.006936323587641e-16 2.883375208546608e-16 3.146605560034204e-16
431.35679756272054 1.3216190823385924e-16 1.2489954409942113e-16 1.4345821510151917e-16
432.21951115784594 6.2513963880383475e-18 5.886792198347666e-18 5.76064884778043e-18
433.08395018016165 3.946556978944653e-17 3.565896804575446e-17 4.412933283012425e-17
433.9501180805219 6.417344316721501e-18 5.3176412060557826e-18 6.551087661485265e-18
434.818018316683 2.096838887406236e-16 1.9915244323262163e-16 2.1775164968180646e-16
435.68765435331636 4.3603658105785786e-17 3.8907304699463746e-17 5.0360571410814394e-17
436.559029662023 5.91006025146819e-16 5.637409627950369e-16 6.272796554943018e-16
437.43214772134706 5.8028695278096985e-18 5.210364199652185e-18 4.819209664444099e-18
438.30701201678977 1.9142393426386274e-17 1.8257878758547794e-17 1.6657528905335865e-17
439.18362604082336 7.201494387985727e-17 6.944620149995199e-17 6.795742999859386e-17
440.061993292905 4.323503358269228e-18 3.861718578396822e-18 3.765453805037871e-18
440.94211727949084 6.528606931583277e-17 6.240786511577255e-17 6.474289621300245e-17
441.8240015140498 6.434388216332464e-18 6.062898100183947e-18 5.375424031096627e-18
442.7076495170779 1.8103441330654057e-18 1.4259095963821447e-18 1.8720654116200445e-18
443.5930648161121 2.372667861056149e-16 2.2961148664950907e-16 2.24150453611593e-16
444.4802509457443 4.2383468551308725e-17 4.1193677211363684e-17 2.786525088109798e-17
445.36921144763573 1.4015937631660595e-16 1.0981298916076189e-16 1.1389022637175326e-16
446.259949870531 3.123107620195289e-17 3.012415553457496e-17 3.037368834245086e-17
447.15246977027203 1.7927520260281052e-16 1.7430952931272897e-16 1.1526567545725005e-16
448.04677470981255 6.491090160998704e-17 6.299273749758095e-17 6.136106756709323e-17
448.94286825923217 3.37003749689568e-19 3.108216285395351e-19 2.674316132381576e-19
449.8407539957506 1.9767063820243416e-18 1.8871617018388034e-18 1.788451818103897e-18
450.74043550374216 1.2650484448680226e-18 1.1994666303121248e-18 1.2522629315484389e-18
451.64191637474966 7.855458076691171e-18 6.613232985240045e-18 8.3566199586893e-18
452.54520020749914 1.4542989787657958e-17 1.2476344097871799e-17 1.593612580781127e-17
453.45029060791416 1.599516956532172e-18 1.5078757250447167e-18 1.2666464042096242e-18
454.35719118913005 1.8787061411024024e-17 1.6638911887283732e-17 2.1312768807448348e-17
455.26590557150826 7.10628823476778e-18 6.363478752436002e-18 5.523007312748801e-18
456.17643738265133 9.614690465629304e-18 7.863442782908422e-18 6.614262180138983e-18
457.0887902574166 1.7298061105039341e-18 1.6470804836382467e-18 1.6235219965109687e-18
458.00296783793146 5.527859166945916e-18 4.982421705177103e-18 4.355268125985601e-18
458.91897377360726 1.4709376863771838e-18 1.3675400234245318e-18 1.3649453906034693e-18
459.8368117211545 8.786062055000613e-18 7.143594574749803e-18 6.3930963728822986e-18
460.7564853445968 1.863852176625854e-17 1.739011170995814e-17 1.4442861233156125e-17
461.677998315286 5.931427080509993e-18 5.364498952691315e-18 6.406823127959661e-18
462.60135431191657 2.7753035282037237e-18 2.592805646345215e-18 1.9679168370609995e-18
463.52655702054034 2.5892723400712193e-18 2.101765646845384e-18 2.823761957031299e-18
464.4536101345814 1.5920308553641797e-18 1.4622924948877005e-18 1.6128981220450606e-18
465.3825173548506 5.395401517770337e-16 5.000255495359507e-16 5.985813945418608e-16
466.3132823895603 2.0377994353960132e-16 1.9439160863863946e-16 2.243794014535787e-16
467.2459089543394 9.045990763100765e-17 8.733201346530424e-17 5.802340951238531e-17
468.18040077224816 4.760824431519214e-19 4.427138549062265e-19 3.719764819065364e-19
469.11676157379264 1.6947182063298866e-18 1.5649605715984922e-18 1.3559815033244298e-18
470.05499509694016 1.123213188360423e-17 9.213263011453847e-18 1.2930653831039993e-17
470.99510508713405 5.375526771311009e-18 4.230809410525304e-18 6.3769089293761464e-18
471.93709529730836 3.3554662547939215e-18 3.138646734456283e-18 2.285550781392067e-18
472.880969487903 9.630000953302412e-19 8.688542738465037e-19 7.9742768791583e-19
473.8267314268788 6.05954994703121e-19 5.375938547792424e-19 5.94777235295155e-19
474.7743848897326 7.637977019229853e-19 6.586823553775413e-19 5.609002321805919e-19
475.723933659512 1.2990541486588649e-18 1.1457769310864943e-18 1.3369048966586905e-18
476.675381526831 5.605966559378537e-19 4.961924224773547e-19 4.90617712942994e-19
477.6287322898847 8.0635750807348855e-19 6.51291562756181e-19 9.803161377966101e-19
478.5839897544644 9.402236756534132e-19 8.668952158586046e-19 7.567645028587946e-19
479.54115773397336 1.0320318293887097e-17 8.600862961487082e-18 8.696660846584312e-18
480.50024004944135 9.105591745777971e-18 7.166513623316291e-18 8.313979239779871e-18
481.46124052954025 9.252071463523387e-17 8.257987564554634e-17 6.562705523622827e-17
482.4241630105993 3.941282017669699e-18 3.8221016236916434e-18 2.8854976231701643e-18
483.3890113366205 2.8082639035447856e-17 2.3360459600573792e-17 3.259983562121709e-17
484.35578935929374 1.3812843930684826e-17 1.3248487878892014e-17 9.520713272743578e-18
485.32450093801236 1.0501061390901879e-17 1.0092288155607805e-17 7.989113526767468e-18
486.2951499398884 1.1706500903028372e-18 1.0839670966483275e-18 1.026295741771924e-18
487.2677402397682 4.8103260031230183e-17 4.6596271134539774e-17 3.77700121249382e-17
488.24227572024773 2.0225046933990365e-18 1.6413269073599372e-18 1.6772658394128477e-18
489.2187602716882 4.693367688700445e-18 3.836899748289384e-18 4.30280047483415e-18
490.1971977922316 3.853565953355503e-18 3.2551967533341567e-18 3.546419468564162e-18
491.177592187816 2.470474536288785e-17 2.1805046379119454e-17 1.683629158799315e-17
492.15994737219165 1.6940260485538815e-17 1.5996340142353257e-17 1.8680654142750686e-17
493.144267266936 7.552012801514477e-19 6.287490251391255e-19 6.346832794860126e-19
494.1305558014699 7.220405533965865e-18 6.555311000301354e-18 8.060617652174296e-18
495.11881691307286 4.771898873259587e-19 3.9795115227020803e-19 3.7956807423834366e-19
496.10905454689896 9.06152438084928e-18 8.432242997099486e-18 9.546737990496163e-18
497.1012726559928 9.999664857005309e-19 8.929740483833158e-19 8.490250951984722e-19
498.0954752013048 4.8805270199903634e-18 4.5878631030665235e-18 4.70992839675718e-18
499.0916661517074 1.9207113099444687e-15 1.6626348889305407e-15 1.2646072605784843e-15
500.0898494840108 8.151198549941185e-18 7.600969483986913e-18 6.716704626863151e-18
501.09002918297887 1.4915811207161505e-18 1.3396451542189289e-18 1.483848289430954e-18
502.09220924134485 4.729398731853589e-19 4.558153990023568e-19 4.494802026822457e-19
503.0963936598275 2.2027216891051374e-18 2.078800573282492e-18 1.910423630758271e-18
504.10258644714713 8.662310953257001e-20 6.982869725994057e-20 9.07817219599245e-20
505.1107916200415 3.042734029892494e-18 2.8634604625192068e-18 2.2324079780563722e-18
506.1210132032815 5.408890406974254e-18 5.074417854296808e-18 5.814546488736375e-18
507.13325522968813 2.71377934682976e-18 2.1880977215094806e-18 2.1975692227424404e-18
508.14752174014745 1.2971043337001941e-17 1.1184446765223327e-17 1.0526562622945446e-17
509.1638167836278 7.780742008753964e-19 6.669517996506776e-19 6.097946265142562e-19
510.18214441719505 6.294167886316073e-17 6.143459601858958e-17 4.5339749111261843e-17
511.20250870602945 3.6157550853248584e-19 3.437867193931088e-19 2.8245849466131553e-19
512.2249137234414 1.5586810052183217e-18 1.4871547386247486e-18 1.46659665300357e-18
513.2493635508883 1.8337018639589623e-18 1.7446738867685974e-18 1.5718548933459572e-18
514.2758622779902 4.68621850495756e-19 4.385530140029197e-19 4.591801068644472e-19
515.3044140025462 1.5702052073932948e-17 1.5130726882872382e-17 1.135843843726346e-17
516.3350228305513 1.1841194787737826e-18 1.0670879188970333e-18 1.0347992016259614e-18
517.3676928762123 8.882705134481304e-19 8.127101497922473e-19 8.694436104685283e-19
518.4024282619647 1.190786868314054e-18 9.828334975700945e-19 8.903707080432748e-19
519.4392331184887 7.394944769739631e-18 7.021419998371215e-18 5.953635157955049e-18
520.4781115847256 9.044352777116197e-16 7.853542086601015e-16 5.942230950745699e-16
521.5190678078951 2.081151377544534e-18 1.6647684114567002e-18 2.036895679730502e-18
522.5621059435108 6.352109608724624e-19 5.373171783184996e-19 2.709803634732408e-19
523.6072301553979 2.9554677585589867e-19 2.5093503698944894e-19 2.7144795902481374e-19
524.6544446157087 3.196817106409563e-19 3.0610542279383496e-19 2.7475549137737396e-19
525.7037535049402 6.6694062474884716e-18 5.7019835043402385e-18 5.448629415968454e-18
526.7551610119501 3.668317603194035e-18 3.4614737274451726e-18 3.4054448650957464e-18
527.808671333974 8.184359988620484e-19 7.934814939269434e-19 5.842858683892991e-19
528.8642886766419 8.494643450714106e-19 7.06338049759722e-19 8.402367756946701e-19
529.9220172539953 1.5571851833995793e-18 1.416843084911579e-18 1.3427248179069685e-18
530.9818612885032 2.043147425956121e-18 1.93336770964441e-18 1.86157176065643e-18
532.0438250110802 3.574906079856334e-18 3.265055008607812e-18 2.382159450358279e-18
533.1079126611024 4.246755013847885e-18 3.704984646435081e-18 2.8118782236899834e-18
534.1741284864247 3.519368297459443e-19 3.1243475210239934e-19 2.6924201494772103e-19
535.2424767433974 3.5456805279194265e-19 2.9046175679268424e-19 3.807595954834795e-19
536.3129616968844 1.5477779126537042e-18 1.3268243395159298e-18 1.2986743680591931e-18
537.3855876202781 3.352957289148142e-18 2.98902948733321e-18 1.767209732142534e-18
538.4603587955187 9.74933135103521e-18 8.069636416245003e-18 4.908206744746233e-18
539.5372795131098 3.482664014885053e-18 2.990975692744831e-18 1.962596781515143e-18
540.616354072136 2.756513616726431e-18 2.205930652074347e-18 2.837358796928785e-18
541.6975867802803 7.907853320758322e-18 6.0331109021855325e-18 1.0296160104921312e-17
542.7809819538409 2.8549299442032113e-19 2.673467211731948e-19 2.225246849337892e-19
543.8665439177486 1.553190221661243e-17 1.2628283937715442e-17 1.2580183650818494e-17
544.9542770055841 1.4765494279586762e-18 1.331279423910713e-18 1.2825888127485359e-18
546.0441855595952 2.7761889321292695e-18 2.584569483711773e-18 3.004733124160985e-18
547.1362739307144 5.655209810235118e-19 5.373740334357891e-19 4.467843890078036e-19
548.2305464785758 2.527032869853129e-19 2.41201497877139e-19 1.986140708512955e-19
549.327007571533 2.1351151027990535e-19 1.8386259784716188e-19 1.0952709675843706e-19
550.425661586676 1.5412257893162907e-16 1.4240387563252258e-16 1.1195074988372243e-16
551.5265129098493 5.087496185628165e-18 4.5860656275561634e-18 4.9987601213423e-18
552.6295659356691 2.336382039435442e-18 2.1778214785983947e-18 1.6310069123278306e-18
553.7348250675403 4.943568928165876e-17 4.106071506546055e-17 5.3367891438816307e-17
554.8422947176755 8.940555743258689e-17 7.600297843886601e-17 9.991130695879301e-17
555.9519793071108 5.834291465786084e-19 5.152227201844789e-19 4.753476356042937e-19
557.063883265725 1.3749834711495053e-18 1.3297174509457081e-18 9.751252522933104e-19
558.1780110322566 2.4543813593593164e-16 2.286606792667935e-16 2.445040827598352e-16
559.294367054321 1.847726956274651e-18 1.6126352655605147e-18 1.2960847022206788e-18
560.4129557884297 2.6981546841723528e-17 2.4858979022083045e-17 2.962210309800054e-17
561.5337817000066 1.0022168044703766e-16 9.28314134988176e-17 1.1043346683857681e-16
562.6568492634065 1.2729946569364413e-16 1.1385275658823653e-16 1.3996574756949516e-16
563.7821629619333 2.6106710429177732e-18 2.426799790070317e-18 1.8697108309200404e-18
564.9097272878572 2.78311630938036e-17 2.5742885042809116e-17 3.0979957552134315e-17
566.0395467424329 2.905780243884278e-18 2.7801230900540412e-18 2.1169470135385345e-18
567.1716258359178 2.4041254869700595e-19 2.0266717076273666e-19 1.147261534040969e-19
568.3059690875896 7.95193482164153e-17 6.615906974095633e-17 5.832368547901028e-17
569.4425810257646 2.2535444211850554e-17 1.8777965665913473e-17 2.3440026504575484e-17
570.5814661878162 3.5295218933888615e-19 3.1459693865222567e-19 3.7191730284559206e-19
571.7226291201919 5.040201732930013e-18 4.1848571131137754e-18 5.4356018224285985e-18
572.8660743784324 2.4431076010105757e-17 2.048590415918326e-17 2.7796106686154466e-17
574.0118065271892 8.02858489980129e-17 7.687897471032693e-17 7.205336048349024e-17
575.1598301402436 4.125707699806703e-18 3.796313420432115e-18 2.8406028183709775e-18
576.310149800524 2.818777577353986e-19 2.7252720643801404e-19 2.393030357321593e-19
577.462770100125 4.168702175110332e-18 4.036634634844088e-18 2.9515439912312103e-18
578.6176956403252 6.678041890542141e-19 6.451793863618658e-19 5.813097284711237e-19
579.774931031606 2.886183696934686e-19 2.6791683768951875e-19 2.0473445374251093e-19
580.9344808936692 9.345803335369831e-17 9.086229562457318e-17 6.574397172792055e-17
582.0963498554565 2.136684718256641e-18 2.0418276957353285e-18 1.736709844170343e-18
583.2605425551674 6.108247714996779e-18 5.7014622562718274e-18 6.484290485581205e-18
584.4270636402778 1.208589820390543e-17 1.1380971770016941e-17 5.970593080969786e-19
585.5959177675583 1.5774037297809895e-17 1.2328225775666685e-17 2.600108299437775e-17
586.7671096030933 1.6199997241639423e-18 1.5810353155946311e-18 1.2883008207509722e-18
587.9406438222995 5.738636259480496e-19 5.544708728474967e-19 4.3313194815560843e-19
589.1165251099442 6.586029035449699e-19 6.140878444361183e-19 5.940707484129953e-19
590.2947581601641 3.760709913605735e-19 3.4953515848820454e-19 3.1724497960545857e-19
591.4753476764844 3.3729739136114356e-19 3.159116578759838e-19 2.8909756763190034e-19
592.6582983718374 4.175005903867644e-18 2.937114588657185e-18 9.246405300403887e-18
593.843614968581 7.973784468050061e-19 6.532193991597146e-19 5.717473013355351e-19
595.0313021985182 1.116684250293484e-18 9.928445105544476e-19 6.847572789932661e-19
596.2213648029153 1.5044875274900703e-18 1.3692668239696482e-18 1.4158336157618835e-18
597.4138075325211 1.0054422563862475e-17 8.629107352235959e-18 1.0709319760625719e-17
598.6086351475863 1.4669551170465485e-18 1.4157875557038547e-18 1.16218613272656e-18
599.8058524178814 1.3258892673029344e-17 1.1102743909292214e-17 1.0073332300441654e-17
601.0054641227171 2.9935275509342047e-19 2.5491692464266657e-19 1.516465153049953e-19
602.2074750509624 8.874990548914156e-19 7.5831595085066305e-19 7.911117994830591e-19
603.4118900010643 2.5391832557209645e-19 2.278968950746881e-19 1.9135714978995831e-19
604.6187137810665 1.680630386417781e-17 1.6173041470311438e-17 1.2636374772972755e-17
605.8279512086286 3.7646534530111297e-19 3.4466154106292385e-19 3.0221767187280987e-19
607.0396071110459 9.745864928109167e-19 9.14828332678458e-19 8.646928097705377e-19
608.253686325268 1.449879950243699e-17 1.1930218037508409e-17 1.5095399803432176e-17
609.4701936979185 1.4302798575572692e-15 1.2954364288816708e-15 1.1299911841306418e-15
610.6891340853143 5.5033979001612e-18 4.989511315970774e-18 3.7096987434170365e-18
611.9105123534849 2.8904635742622492e-18 2.710266545312797e-18 2.331657594625747e-18
613.1343333781919 2.923373449820116e-18 2.8492892700882622e-18 2.1170526464341457e-18
614.3606020449483 1.9616416854177574e-19 1.5942906475210177e-19 2.7093548105748246e-19
615.5893232490381 7.5544359759650695e-19 7.235213427415772e-19 5.744954784805635e-19
616.8205018955363 3.735771903533468e-18 3.005529192863688e-18 2.720009813847423e-18
618.0541428993274 5.280289481103639e-19 4.939550644415802e-19 4.654859530405494e-19
619.2902511851261 5.362055574903608e-19 5.187659034802731e-19 4.2155371419599887e-19
620.5288316874962 1.0012132461438855e-17 9.676919203500064e-18 8.228679612258814e-18
621.7698893508713 5.232040998400588e-18 4.967687046469035e-18 5.138618449848578e-18
623.013429129573 2.0729274790274434e-18 1.8108105856553517e-18 1.7271168692018303e-18
624.2594559878322 5.655054607145779e-17 5.08518390589237e-17 4.6298942404406995e-17
625.5079748998079 6.94212053936064e-16 6.333088654660459e-16 5.426945359026931e-16
626.7589908496075 9.944055263313892e-19 8.743422771278093e-19 8.76618959255228e-19
628.0125088313067 8.57625138712753e-19 7.880897238290021e-19 7.974528769424121e-19
629.2685338489692 3.0937050398012877e-16 2.581304290975319e-16 3.6127648545035203e-16
630.5270709166673 2.0525416067455887e-18 1.8874871818589533e-18 2.0557389707300888e-18
631.7881250585006 8.32977100801277e-19 7.404259166817273e-19 5.914983057962784e-19
633.0517013086176 6.667490583668978e-19 5.834901384984536e-19 6.079270911054128e-19
634.3178047112348 7.022027284130743e-19 5.839112939072027e-19 7.112411903936595e-19
635.5864403206573 2.061926009505294e-18 1.7051879167847896e-18 2.214670259488579e-18
636.8576132012986 4.112491800507434e-18 3.742872797313685e-18 4.047043782147397e-18
638.1313284277012 6.821512634631985e-18 6.581673877074517e-18 5.9107060968968094e-18
639.4075910845565 2.326147369154449e-17 2.2363533098631597e-17 1.9238867444453438e-17
640.6864062667257 3.3078931633550046e-18 3.076940602199355e-18 3.242063193598431e-18
641.9677790792592 3.2911781189275706e-18 3.1833127060932895e-18 2.846415150020964e-18
643.2517146374176 1.768830555495598e-19 1.67963180373109e-19 1.376149366843388e-19
644.5382180666926 1.5118350873098461e-18 1.2626326979539018e-18 9.800112136307473e-19
645.8272945028259 3.9285029262508763e-19 3.714139573876835e-19 3.2040017420707745e-19
647.1189490918316 3.218399120454214e-19 3.0905584117301983e-19 2.517069557121747e-19
648.4131869900152 1.2525262944431854e-18 1.161822143500573e-18 9.599036729503248e-19
649.7100133639952 7.787608638261699e-18 7.545393720804971e-18 6.371219950438704e-18
651.0094333907232 1.3822683323566597e-18 1.2227342892878801e-18 8.559869683987116e-19
652.3114522575046 3.556194378060603e-18 3.1882254731048097e-18 3.3431671122317787e-18
653.6160751620196 4.476591652288017e-19 3.594789074858068e-19 3.7218873917974196e-19
654.9233073123436 1.2253233235178963e-18 9.721958837673129e-19 1.0108812258731582e-18
656.2331539269684 1.3726643518887568e-18 1.1404231240202856e-18 1.186322386021251e-18
657.5456202348222 2.8698543607549595e-18 2.2974612762936996e-18 2.2499528833011988e-18
658.8607114752919 3.570555425188645e-18 3.0169878891955937e-18 2.474766685987542e-18
660.1784328982425 2.1091029019493638e-18 1.6948732203611916e-18 2.004476938417489e-18
661.498789764039 3.67057928663638e-18 3.069122799355323e-18 3.1156037630642576e-18
662.821787343567 2.7501064557773767e-18 2.210682767348628e-18 2.907608664519763e-18
664.1474309182541 1.1299609423993395e-18 9.848433032112469e-19 9.628672115747847e-19
665.4757257800907 2.212758875567653e-18 1.951856314423625e-18 1.9002265755827115e-18
666.8066772316507 5.775003011480696e-19 5.600372879442918e-19 4.8576913881430135e-19
668.1402905861141 3.671552869198672e-19 3.5685314380698913e-19 3.0038403392426847e-19
669.4765711672862 1.6842087839477042e-18 1.611512606123597e-18 1.502574647700166e-18
670.8155243096209 7.488049358218501e-19 6.666876250697874e-19 5.002130626111919e-19
672.1571553582401 1.5364098118032809e-18 1.4541658317969286e-18 1.4001801408638824e-18
673.5014696689565 3.408076333944596e-19 2.760750833924916e-19 2.9614310904876555e-19
674.8484726082944 4.514590910007226e-19 3.680763025386635e-19 3.820929941107415e-19
676.1981695535111 4.2906089583140795e-18 4.114869570216237e-18 4.03060214167552e-18
677.550565892618 7.84371189652023e-19 6.544651051718099e-19 5.664187079328183e-19
678.9056670244033 8.675006069190553e-19 6.866157465719445e-19 8.844562329956958e-19
680.2634783584522 2.3762854328167815e-18 1.954489673626925e-18 1.7268805772749607e-18
681.624005315169 5.098103051097148e-17 4.847738413476886e-17 4.472387220994485e-17
682.9872533257994 7.89160170336777e-19 6.514410709524227e-19 4.733885456058449e-19
684.353227832451 1.3172379120604714e-18 1.0754036184655493e-18 9.232664108267973e-19
685.7219342881159 5.4638895783508534e-18 4.716688862721778e-18 3.4610726791446166e-18
687.0933781566921 4.6887091499461845e-18 4.177246023187883e-18 3.664712636763905e-18
688.4675649130055 1.9602414008880285e-18 1.7704315562993737e-18 1.798989865054954e-18
689.8445000428316 1.4762354191592588e-18 1.2137504013498836e-18 1.188825067612416e-18
691.2241890429171 8.384433669738706e-18 7.859547726620324e-18 7.913761442163385e-18
692.606637421003 8.024536482065448e-19 7.547544799363122e-19 7.168932388949756e-19
693.991850695845 2.5175158126486664e-17 2.117519008429445e-17 2.2235884549914548e-17
695.3798343972367 7.417769085016931e-18 7.203051256798071e-18 6.769657154408188e-18
696.7705940660312 1.1711810346986866e-17 1.0333892482527665e-17 1.1620445301341066e-17
698.1641352541632 1.3466738353688963e-18 1.2117320449607427e-18 1.184562592401227e-18
699.5604635246716 1.7577501405266565e-17 1.638029169863621e-17 1.8441256550271746e-17
700.959584451721 2.5370441038106216e-19 2.1007427604134895e-19 1.4507616476271723e-19
702.3615036206244 1.0732690702081544e-17 9.390490212964433e-18 8.070938683885523e-18
703.7662266278656 1.3112659146109213e-17 1.1335523264518935e-17 9.26953545573887e-18
705.1737590811213 2.8964973336179425e-19 2.6216404816225676e-19 2.219125508927262e-19
706.5841065992836 5.898078952165023e-17 5.668237702285002e-17 5.572727212648387e-17
707.9972748124821 3.1801253088726363e-18 2.954717060032125e-18 3.2232352653826506e-18
709.4132693621071 5.088459615064686e-19 4.828486296160611e-19 4.814500616429795e-19
710.8320959008313 2.4013075474794674e-18 2.0745027316727114e-18 1.953220072008716e-18
712.253760092633 3.3099531692663146e-18 2.8919341196916218e-18 3.2233259970313728e-18
713.6782676128182 1.0471416415474257e-17 9.91314668598395e-18 1.0904323061097423e-17
715.1056241480438 5.416849714419661e-19 5.233788049395268e-19 4.540215560547891e-19
716.53583539634 1.0357738478115814e-18 9.100548911307577e-19 9.72725486835545e-19
717.9689070671327 2.950793002650602e-18 2.603406652010342e-18 7.441766283348474e-19
719.404844881267 1.5123107125775643e-18 1.4501127512429166e-18 1.4838040120763104e-18
720.8436545710296 1.3172641459704964e-17 1.0310741204276527e-17 2.198565818658968e-17
722.2853418801716 8.83382639302292e-19 8.137460560779848e-19 8.546422920374746e-19
723.7299125639319 1.7416564994484185e-18 1.5753666963901305e-18 1.7431963882464808e-18
725.1773723890598 8.588642007035558e-19 7.216299334597198e-19 6.038150733323496e-19
726.6277271338378 3.249548676585074e-19 3.107616562697421e-19 3.0978277012927327e-19
728.0809825881055 1.6267665255102846e-18 1.4219362479822607e-18 1.3221875930988972e-18
729.5371445532817 5.797330528479742e-19 4.8442475099604075e-19 2.381608468116993e-19
730.9962188423882 1.2245080471924912e-19 9.77570330869509e-20 9.032391067343374e-20
732.4582112800731 2.94948231984382e-19 2.7562158929631243e-19 2.645720536514289e-19
733.9231277026332 3.597096166765089e-19 3.3176789093117475e-19 3.258096106229219e-19
735.3909739580384 3.483515300188053e-19 3.292412872967417e-19 3.4307988640458477e-19
736.8617559059544 4.803862694947729e-19 4.503570741152121e-19 4.2199668842741657e-19
738.3354794177664 3.0287225792836584e-19 2.7171076549627993e-19 1.8326331061577426e-19
739.8121503766018 2.6914953977635376e-19 2.3691845402409896e-19 2.0881338992637554e-19
741.291774677355 1.495624756935297e-18 1.3699300947428945e-18 1.4784921440314527e-18
742.7743582267098 1.4840704905484148e-19 1.3606687077348442e-19 1.3065949166593764e-19
744.2599069431632 5.68685964338874e-19 4.728278520910006e-19 4.4112419183162025e-19
745.7484267570495 3.2402149559749254e-19 2.870914110350017e-19 2.0093977600085146e-19
747.2399236105637 2.917437310020794e-19 2.500546050871345e-19 1.6492380533246322e-19
748.7344034577848 1.870937019187133e-18 1.5106768148133757e-18 1.4389218264806162e-18
750.2318722647004 1.5627145975332068e-17 1.3276749571506404e-17 1.3499834542056229e-17
751.7323360092297 6.678195631389588e-19 6.271195514157255e-19 6.027768212049057e-19
753.2358006812482 5.118779487762491e-19 4.3257548491491897e-19 4.486958789594579e-19
754.7422722826108 7.884408964139805e-20 6.497239057311497e-20 6.188615714971415e-20
756.251756827176 6.432883286939429e-19 5.394881356142802e-19 5.806265337132458e-19
757.7642603408303 4.2824733681534754e-19 3.9245779044664485e-19 3.828345552436893e-19
759.279788861512 4.6097656102567446e-17 3.7903298862219834e-17 5.244893675431662e-17
760.7983484392349 1.1089905070419159e-16 9.278619302647275e-17 1.268773452434365e-16
762.3199451361135 2.581424213294505e-17 2.106110129658238e-17 2.98321369931929e-17
763.8445850263856 2.0587729330227207e-18 1.7264464829196753e-18 1.4033645352304777e-18
765.3722741964384 1.5191225817124603e-17 1.324927953310843e-17 1.6205538198497485e-17
766.9030187448313 3.165236702951644e-19 3.045330038770296e-19 2.486103860830737e-19
768.436824782321 4.354578847155252e-19 4.23078082104772e-19 3.6133899307857225e-19
769.9736984318857 5.100426502736736e-16 4.811435830000452e-16 4.91591144247771e-16
771.5136458287494 1.7997283632414047e-17 1.6690756191621876e-17 1.856329304598002e-17
773.0566731204069 1.5872968227789852e-18 1.2842276019201354e-18 1.3784407525481706e-18
774.6027864666478 1.6506210574062326e-18 1.3417017745278182e-18 1.8426181354208606e-18
776.151992039581 9.436046472743015e-19 8.336802497459603e-19 5.911469868996316e-19
777.7042960236602 4.553288175850613e-19 4.315076909549847e-19 4.437208040223517e-19
779.2597046157074 2.344090108795829e-18 1.946994305912592e-18 3.1895642939862586e-18
780.8182240249388 2.4819377150089406e-16 2.3557029581160657e-16 2.363648786127707e-16
782.3798604729886 4.727176751206707e-18 4.531958870645051e-18 4.8080459307732894e-18
783.9446201939346 3.0500195577989207e-19 2.559134345163555e-19 2.5033933091679003e-19
785.5125094343225 2.557367853371615e-19 1.841742898177266e-19 6.086517552608646e-19
787.0835344531912 4.393826998114918e-17 3.756033911575916e-17 4.8977390000059594e-17
788.6577015220976 3.703893728299882e-18 3.536972746323717e-18 3.856684726556693e-18
790.2350169251417 5.99440466188731e-17 5.118769169849999e-17 6.653455907636243e-17
791.815486958992 4.759610108313594e-19 4.504670022436277e-19 3.321861420381748e-19
793.39911793291 1.7261291517571456e-19 1.38754135594091e-19 1.4546750880703123e-19
794.9859161687758 1.0125521142849723e-19 9.389130260124411e-20 7.749961648738062e-20
796.5758880011133 1.1721994961169524e-18 9.8886317377936e-19 6.860048696780082e-19
798.1690397771156 1.0740521351307332e-18 9.572058024451542e-19 8.537963477445858e-19
799.7653778566698 6.698736318113744e-19 5.306893142060995e-19 5.168404061200014e-19
801.3649086123831 4.29441025750547e-19 3.4748236793721634e-19 3.880673364381372e-19
802.967638429608 2.0709558610580542e-19 1.6491272161369868e-19 1.8688071203306148e-19
804.5735737064672 2.157432328283064e-18 1.8679907903306662e-18 1.91133667140135e-18
806.1827208538801 1.609173309943673e-18 1.397566003805265e-18 7.120064841058329e-19
807.7950862955879 3.3806893926145885e-19 3.1475815633115105e-19 1.9339031054377867e-19
809.4106764681791 6.247924790156665e-19 5.172186244976035e-19 3.6800485957194925e-19
811.0294978211155 4.620412883122179e-19 4.285583047955603e-19 2.999709703251009e-19
812.6515568167576 4.0335156808631466e-19 3.714123229692272e-19 2.1994852932235316e-19
814.2768599303911 9.08204388867128e-19 7.216389903220738e-19 1.0879303177160035e-18
815.9054136502518 5.433166239116999e-19 4.613587677095814e-19 3.8120331153617295e-19
817.5372244775523 5.411044228430489e-19 4.487613412959033e-19 3.699651082070827e-19
819.1722989265073 1.482578925610605e-19 1.242049230460342e-19 6.430212015974166e-20
820.8106435243604 1.715891193389955e-18 1.5785502558841388e-18 1.5860947844754408e-18
822.4522648114091 3.545738482669839e-19 3.0545893964517593e-19 2.2476130568496286e-19
824.0971693410319 1.372355744798276e-19 1.204016435676483e-19 7.491141254098545e-20
825.7453636797139 8.77216672743042e-19 8.438874737209763e-19 7.580393930532316e-19
827.3968544070733 1.2478867417046583e-18 1.1885364536522097e-18 8.981810080664847e-19
829.0516481158875 1.015764985174355e-18 9.568364343312476e-19 9.037738796956327e-19
830.7097514121193 2.607527944003392e-19 2.202643675766993e-19 1.317426151979544e-19
832.3711709149436 4.906476156961244e-18 4.293236378627514e-18 2.4541565099494882e-18
834.0359132567734 1.739639804021607e-17 1.561362080426871e-17 7.478925338453807e-18
835.703985083287 1.7643498027698448e-17 1.578160746326658e-17 1.2037035493618767e-17
837.3753930534535 7.31236740982317e-19 5.8819834606118745e-19 5.062260181069896e-19
839.0501438395604 3.503930706952047e-19 3.1614591289020323e-19 1.6447674547640705e-19
840.7282441272396 2.1553776432482957e-19 1.8316973579976066e-19 8.764931491715229e-20
842.409700615494 2.5966385866243004e-19 2.3306513989683e-19 1.9256370701507079e-19
844.094520016725 5.407701201387857e-19 4.594191715667397e-19 4.041053525230646e-19
845.7827090567584 5.726078960938296e-19 4.480715146053267e-19 9.561521331778087e-19
847.474274474872 7.385861832898708e-19 6.84250613600672e-19 5.561483374836842e-19
849.1692230238217 1.9138050666187504e-18 1.5962532544809696e-18 1.6522710520529652e-18
850.8675614698693 2.5729754970486043e-19 2.1410725490203803e-19 1.5574482645542574e-19
852.5692965928091 7.159823281479571e-19 5.828149271052063e-19 6.503653372101723e-19
854.2744351859947 2.5349904017336574e-18 2.034665016843759e-18 2.541260438564267e-18
855.9829840563667 2.8783061384626354e-19 2.661978225246729e-19 1.6873876078269716e-19
857.6949500244795 2.5157404325528786e-18 2.189006208969714e-18 7.328977078389354e-19
859.4103399245284 4.7787413748336184e-18 4.293505142608624e-18 8.69630368209765e-19
861.1291606043774 1.0419628485563384e-18 8.487524725138921e-19 7.2797420601287225e-19
862.8514189255862 4.418096778241401e-19 4.0771447331821615e-19 2.7397524831009594e-19
864.5771217634374 3.774296219633504e-19 3.4691156246145256e-19 1.9096395152871553e-19
866.3062760069641 1.165687169904725e-19 1.0417925531222884e-19 7.381245097805946e-20
868.0388885589781 3.0153686368528665e-18 2.8508591696079415e-18 3.077899509951125e-18
869.774966336096 2.32544395959729e-19 2.1406003872059173e-19 1.8037568775162813e-19
871.5145162687683 9.334168902830004e-19 8.457574045800538e-19 8.734761101023138e-19
873.2575453013059 6.19677759136389e-19 5.4159814718830765e-19 5.247110348203325e-19
875.0040603919084 1.8496453621203275e-19 1.69723361816701e-19 8.363571977368181e-20
876.7540685126922 1.1992094650982923e-18 1.1272593341941944e-18 1.1772246129886358e-18
878.5075766497176 7.186427426112975e-19 5.834408501974266e-19 6.9259347795770085e-19
880.2645918030171 3.3076850627598426e-19 2.785006613691508e-19 2.5402018276315664e-19
882.025120986623 5.128113254124021e-19 4.789300523454521e-19 4.111519849032582e-19
883.7891712285963 5.361275481864762e-19 4.917775911083365e-19 3.8436812623555494e-19
885.5567495710535 1.9604366583393763e-19 1.7643215861767874e-19 1.6604715499123799e-19
887.3278630701957 6.441307448882682e-19 6.044477691708458e-19 5.914187848056752e-19
889.1025187963361 2.7102503575250643e-19 2.439736833908882e-19 2.3203887196873735e-19
890.8807238339288 4.424951355360139e-19 4.1361603249756954e-19 3.621374680140452e-19
892.6624852815966 8.202653298362322e-19 7.61697390953826e-19 6.641314657555806e-19
894.4478102521598 4.5437568699036085e-18 4.201256268146002e-18 5.022745129547424e-18
896.2367058726641 4.3132933726054833e-19 4.1110588360080297e-19 3.865326194243505e-19
898.0291792844095 3.095172203331739e-18 2.92848881002825e-18 3.0948384118119143e-18
899.8252376429782 3.36937145781956e-19 2.793858276171589e-19 1.7891385534894439e-19
901.6248881182643 4.606102565728981e-19 4.0410041388599284e-19 3.962166445267758e-19
903.4281378945008 4.150315352234347e-18 3.712051528674857e-18 7.648988950046421e-19
905.2349941702897 1.1110136468778928e-18 9.770925611543031e-19 6.523341985523033e-19
907.0454641586302 1.018913365103216e-18 9.218636743879352e-19 8.027638368334821e-19
908.8595550869475 7.894986946643145e-19 7.438420606724021e-19 7.027705607072847e-19
910.6772741971214 1.3349006837170386e-18 1.0871308612152604e-18 1.6157063677707567e-18
912.4986287455157 1.7363068925434993e-18 1.606843225354682e-18 1.478708736146153e-18
914.3236260030067 6.9940958917249e-19 6.369340593787423e-19 6.819601739766865e-19
916.1522732550127 1.2926885009086916e-18 1.1480976281716795e-18 4.478392584955762e-19
917.9845778015227 4.382480092008022e-19 4.1276318669930685e-19 3.7231116880176965e-19
919.8205469571259 6.252044713762983e-19 5.867011361155206e-19 6.060940052337632e-19
921.6601880510401 2.9135079930521595e-18 2.4038492546328357e-18 2.8555114651194813e-18
923.5035084271422 9.219021755893057e-18 7.518646607267471e-18 8.717724724696404e-18
925.3505154439964 1.4892895942625285e-19 1.341750078869305e-19 1.5187037697193786e-19
927.2012164748845 8.375177673773766e-20 7.757927604515396e-20 4.101510950000694e-20
929.0556189078342 1.9643714581743825e-19 1.8246671351468073e-19 1.0301399739619159e-19
930.9137301456499 4.602338920425061e-19 3.890378046077936e-19 4.2547936920611067e-19
932.7755576059412 1.134399816194334e-17 9.314275205432012e-18 1.232617388324011e-17
934.641108721153 1.4745286830730947e-19 1.34934133622881e-19 9.692115035483778e-20
936.5103909385954 1.28484200487741e-19 1.1566492147417043e-19 7.232831283451479e-20
938.3834117204726 1.5760360349046707e-19 1.406878390468307e-19 7.243789388579648e-20
940.2601785439135 2.501279416349478e-19 2.313724569628369e-19 1.9491163725423827e-19
942.1406989010014 2.0427459082407893e-19 1.8616190018488105e-19 1.9288850483974991e-19
944.0249802988034 5.797656230691602e-18 4.693016313328051e-18 6.266175423928588e-18
945.913030259401 2.3957545399448123e-19 2.3135833773321434e-19 1.7899857139010148e-19
947.8048563199197 1.152270192186899e-19 9.829923571137078e-20 1.0283698170715761e-19
949.7004660325597 2.175688480254149e-17 1.980703106400162e-17 6.971873723100919e-17
951.5998669646248 1.888412436379581e-19 1.812047662259761e-19 1.579427152529655e-19
953.503066698554 9.885170599277209e-20 8.237308261403406e-20 8.660220866218269e-20
955.4100728319512 2.2847192745420795e-19 1.8341327268044292e-19 1.9118792902641824e-19
957.3208929776151 8.15149690051063e-19 7.891940164958895e-19 7.0508566929673105e-19
959.2355347635704 3.7987813593587534e-19 3.5809255322703363e-19 3.4204394106330817e-19
961.1540058330975 4.648041870218679e-19 4.460325273639356e-19 4.2669911872561535e-19
963.0763138447637 3.78263169404337e-19 3.175197327940493e-19 3.3993095164072585e-19
965.0024664724532 8.244581452293282e-20 7.735925013340585e-20 7.616328458557459e-20
966.9324714053981 3.3579827618386815e-19 2.8209802588962984e-19 3.186263062756513e-19
968.866336348209 5.044096210229065e-19 4.630225577018179e-19 5.200996252215787e-19
970.8040690209054 9.805826950577958e-19 9.378603569765256e-19 9.675536407174749e-19
972.7456771589472 5.2955791711328903e-17 4.7406218741985105e-17 1.7095651344438169e-16
974.691168513265 4.5765594541132936e-18 3.55311059960565e-18 1.163048375995124e-17
976.6405508502916 4.4473922245782376e-17 4.040240488049709e-17 1.753352297843673e-17
978.5938319519921 7.482077823005767e-19 6.648935658386853e-19 6.74452851815199e-19
980.551019615896 4.668616474137688e-19 3.8293244304058744e-19 3.046281047602427e-19
982.5121216551279 2.048055333537775e-19 1.957414583047573e-19 1.9591760028203314e-19
984.4771458984383 3.1828186481837424e-19 2.9520319862557176e-19 1.8757237126992487e-19
986.446100190235 3.7764994379732075e-19 3.4758546801922206e-19 3.389552974502109e-19
988.4189923906156 3.1342955368243223e-19 2.8389527631813255e-19 3.008421424100225e-19
990.3958303753968 2.115812504336949e-18 1.81874234729931e-18 1.1267177880733048e-18
992.3766220361476 4.05843698287034e-18 3.526612901028817e-18 2.144631741200646e-18
994.3613752802199 1.0903649060168731e-18 9.512095149783995e-19 5.772030333708287e-19
996.3500980307804 6.3305417661385235e-19 5.5622170302546245e-19 5.725101979935534e-19
998.342798226842 2.2550209718279005e-18 1.7661149433961684e-18 2.0995913181867343e-18
1000.3394838232957 2.887055215436624e-19 2.650972409486528e-19 1.8912854248578175e-19
1002.3401627909423 3.1240743375110875e-19 2.9614053413879603e-19 3.142270924715983e-19
1004.3448431165242 1.1815852573133198e-19 1.1233064004763941e-19 9.747730119001267e-20
1006.3535328027572 7.103888956423795e-19 5.757645380737118e-19 7.964260250770802e-19
1008.3662398683626 3.731519486249098e-20 3.392024333714442e-20 3.015483204139563e-20
1010.3829723480994 1.2294550258848086e-18 1.0654717131128384e-18 9.493638676686484e-19
1012.4037382927957 1.9416844046505297e-19 1.6437664905457271e-19 8.772487223125818e-20
1014.4285457693811 1.1902852392252418e-19 1.0693207114516211e-19 6.190159498452158e-20
1016.45740286092 4.411838172706845e-19 3.8167936727435227e-19 1.3277075161382713e-19
1018.4903176666418 9.675776704391875e-20 8.770066012977538e-20 4.614206090693386e-20
1020.5272983019752 4.351185430131459e-19 3.8218630814040476e-19 1.0976521147554725e-19
1022.5683528985791 1.2827485997943777e-19 1.2141968592937383e-19 1.0373655439434236e-19
1024.6134896043761 1.3879138981106353e-19 1.1879100357457546e-19 1.0268645727046175e-19
1026.662716583585 2.2767879361640473e-16 2.13311660234347e-16 9.202544175234658e-16
1028.7160420167522 1.0103927788648015e-19 9.579625443881283e-20 8.221220582492103e-20
1030.7734741007857 3.734673557286199e-20 3.397948963379483e-20 8.785337671765254e-21
1032.8350210489873 3.761518815216823e-16 3.3180859928200194e-16 3.785495075278947e-16
1034.9006910910853 7.335440413973058e-20 6.431007241839192e-20 4.0698702143693516e-20
1036.9704924732675 1.9269284173273832e-16 1.696973091194187e-16 1.8967624766514723e-16
1039.044433458214 1.0762525788897576e-19 1.0078365914519142e-19 9.031882192205162e-20
1041.1225223251304 6.034051388404331e-20 4.971530921696872e-20 5.455949899332977e-20
1043.2047673697807 5.783959375215991e-20 4.183829226951384e-20 9.404207941940776e-20
1045.2911769045204 8.538271877135906e-20 6.878427724453923e-20 8.357230240989135e-20
1047.3817592583293 2.084984107760563e-20 1.7229393466871356e-20 1.492325991261189e-20
1049.476522776846 2.489864101766749e-19 2.2832097677156754e-19 2.188372507365818e-19
1051.5754758223998 7.644331043563819e-19 7.274994747726553e-19 8.096969800423032e-19
1053.6786267740445 5.1462846849129814e-20 4.7412508260069736e-20 3.96392544721461e-20
1055.7859840275926 4.169174120034462e-20 3.462987745005113e-20 3.1176344478328674e-20
1057.8975559956475 2.1632319430274013e-20 1.7973980009403724e-20 1.5486479378767075e-20
1060.013351107639 8.773434671483518e-20 7.908601339060615e-20 7.315929946687641e-20
1062.133377809854 1.5917748780946035e-18 1.2988201429866892e-18 1.3001709757418567e-18
1064.2576445654738 2.1133783741009046e-19 1.861278468654738e-19 1.9046458633328408e-19
1066.3861598546048 5.070007400826353e-19 4.629417345998396e-19 6.426063463283663e-20
1068.518932174314 3.5269375427062314e-19 3.1028542530950554e-19 2.7398512686053017e-19
1070.6559700386626 5.886999443296639e-20 5.483218790582826e-20 5.652935128839425e-20
1072.79728197874 1.5189308558667812e-18 1.326827356715686e-18 1.2222723272911289e-18
1074.9428765426976 1.180371330329682e-19 1.1196766086889698e-19 1.0867165313561392e-19
1077.092762295783 3.942479805400619e-19 3.512901262361119e-19 1.0023666476120969e-19
1079.2469478203743 9.101333085557483e-20 6.892801286471401e-20 2.0059130119140368e-19
1081.405441716015 3.337842579684487e-19 3.094493658087048e-19 3.4518646095412964e-19
1083.568252599447 9.525596781770954e-19 8.363363705362595e-19 1.9113617456571742e-19
1085.735389104646 1.7187781808849965e-18 1.4731744004627672e-18 6.885632529754065e-19
1087.906859882855 1.5531397993192416e-20 1.3211312437865822e-20 1.306844380217141e-20
1090.0826736026208 3.731609354325954e-20 3.141087964842817e-20 2.694180162358997e-20
1092.2628389498263 1.3911403524185353e-20 1.2559377533799796e-20 4.619988005976963e-21
1094.4473646277258 3.089809704229581e-20 2.835901153569087e-20 2.5663639497292666e-20
1096.6362593569813 6.597838536206307e-20 5.956849808781193e-20 2.2392811944849132e-20
1098.829531875695 2.162980415801316e-19 1.731701969436507e-19 1.8137369440086518e-19
