WAVELENGTH FLUX
5.000441551208496 4.216158111028503e-17
5.002439022064209 4.2187385836674237e-17
5.0044379234313965 4.221273065064286e-17
5.006438732147217 4.2239134255795554e-17
5.008440971374512 4.2289549259769436e-17
5.010444641113281 4.241001322673676e-17
5.012449741363525 4.257253767349118e-17
5.014456748962402 4.243370698820273e-17
5.016465663909912 4.237352463555582e-17
5.018475532531738 4.2731475465109566e-17
5.020487308502197 4.2613033127559323e-17
5.022500991821289 4.250006010821928e-17
5.0245161056518555 4.255031629351555e-17
5.0265326499938965 4.486902597323235e-17
5.02855110168457 4.402660869379609e-17
5.030570983886719 4.264272891154998e-17
5.032592296600342 4.2593981503691e-17
5.034615516662598 4.2733477242191945e-17
5.036640167236328 6.649906776383252e-17
5.038666725158691 3.1597223667682644e-15
5.040694713592529 2.0771009430507937e-16
5.042724132537842 3.88856097183741e-16
5.044755458831787 1.0322738250373445e-16
5.046788692474365 1.0793730258949709e-16
5.048823356628418 3.425659583745303e-16
5.050859451293945 4.579364184449922e-17
5.0528974533081055 4.354109007017442e-17
5.05493688583374 4.299238808264349e-17
5.05697774887085 4.312972984282935e-17
5.059020519256592 7.103752985222517e-17
5.061065196990967 9.96886972257877e-17
5.063111305236816 3.3261133601082216e-16
5.065158843994141 9.710676874898918e-17
5.067208290100098 6.539263759392649e-16
5.0692596435546875 6.883103549440732e-17
5.071312427520752 4.988761346765282e-17
5.073366641998291 4.97850662327534e-17
5.075422763824463 4.4802203014627864e-17
5.077480316162109 4.7772919614216106e-17
5.079539775848389 4.49290859031486e-17
5.081601142883301 4.400312999928939e-17
5.083663463592529 1.13938517785904e-16
5.085728168487549 8.532152951525217e-17
5.087794303894043 7.526586538535943e-17
5.089861869812012 4.238861902737369e-17
5.091931343078613 8.783128152052176e-17
5.094002723693848 4.234921876043656e-17
5.096075534820557 4.2616818306042366e-17
5.09814977645874 2.3739302721773644e-16
5.100225925445557 5.0316010306894035e-17
5.102303981781006 1.8755166571947065e-15
5.10438346862793 4.248822149929242e-17
5.106464862823486 4.254329849319865e-17
5.108547687530518 4.241130031976989e-17
5.110632419586182 4.242832038805378e-17
5.1127190589904785 4.245217627691981e-17
5.11480712890625 4.247086725004106e-17
5.116897106170654 4.248820826440262e-17
5.118988513946533 4.250908961178591e-17
5.121081829071045 4.4791178351423757e-17
5.123176574707031 4.2549234341274334e-17
5.12527322769165 4.2571429251470356e-17
5.127371788024902 4.4478064019792834e-17
5.129471778869629 4.47349333784926e-17
5.131573677062988 5.2909204983635525e-17
5.133677005767822 6.965024870330024e-17
5.135782241821289 4.283169335940404e-17
5.137889385223389 4.2728639889969735e-17
5.139997959136963 4.2811784776421115e-17
5.14210844039917 4.2736147381209266e-17
5.144220352172852 4.277985560477657e-17
5.146334648132324 7.345312885145152e-17
5.148449897766113 4.279968146969824e-17
5.150567531585693 4.2802566675674824e-17
5.152686595916748 4.282993642778298e-17
5.1548075675964355 4.2845623080919434e-17
5.156929969787598 4.286504859042463e-17
5.159054279327393 4.288500680424431e-17
5.16118049621582 4.297594042334349e-17
5.163308620452881 9.675475376751111e-17
5.165438175201416 4.3017855319342775e-17
5.167569637298584 4.2995683570203904e-17
5.169702529907227 4.299199765339437e-17
5.171837329864502 4.300765783675122e-17
5.17397403717041 4.303074941073125e-17
5.176112651824951 4.306327746113929e-17
5.178252696990967 4.307319701104502e-17
5.180394649505615 4.309402211014666e-17
5.1825385093688965 4.3116905234612325e-17
5.1846842765808105 4.3210336939161415e-17
5.186831474304199 1.248030388234205e-16
5.188980579376221 4.331342349582022e-17
5.191131591796875 4.323488104229709e-17
5.193284034729004 4.322227150103933e-17
5.195438385009766 4.322992457606667e-17
5.19759464263916 4.3249479125747424e-17
5.1997528076171875 4.326864986362395e-17
5.2019124031066895 4.328775111832903e-17
5.204073905944824 4.3306756420083046e-17
5.206237316131592 4.33341195547463e-17
5.208402633666992 4.679550976753365e-17
5.210569858551025 4.342174776011772e-17
5.212738513946533 4.926843569193238e-17
5.214909076690674 4.358164177252422e-17
5.217081546783447 6.051202316393538e-16
5.2192559242248535 4.346190903321839e-17
5.221431732177734 4.348447782905129e-17
5.223609447479248 1.760303209239397e-16
5.2257890701293945 4.382642436811336e-17
5.227970600128174 4.3506867953871874e-17
5.230154037475586 4.3524218894400786e-17
5.232339382171631 4.3541483808145993e-17
5.23452615737915 4.355859321193604e-17
5.236714839935303 4.3575540488326026e-17
5.238905429840088 4.3592368650707805e-17
5.241097927093506 4.3609074390358926e-17
5.243292331695557 4.362564447238959e-17
5.24548864364624 4.364207889679979e-17
5.247686386108398 4.365838428103444e-17
5.249886512756348 4.3674560625093524e-17
5.2520880699157715 4.369082961338122e-17
5.254291534423828 4.370706551444441e-17
5.256496906280518 4.372317237533204e-17
5.25870418548584 4.3739143578599215e-17
5.260913372039795 4.375497912424593e-17
5.263123989105225 4.377070548205179e-17
5.265336990356445 4.3786276329902486e-17
5.267551422119141 4.380179423819398e-17
5.269767761230469 4.381709377080376e-17
5.271986484527588 4.3832578591870754e-17
5.274206638336182 4.384762335285187e-17
5.276428699493408 4.38621751141879e-17
5.278652667999268 4.3876955177373e-17
5.28087854385376 4.389159627421519e-17
5.283106327056885 4.390612818321652e-17
5.285336017608643 2.7003119190891476e-16
5.287567615509033 4.6206613419677545e-17
5.289800643920898 4.399462658259234e-17
5.292036056518555 4.396342863860929e-17
5.294273376464844 4.397849986937001e-17
5.296512126922607 4.399833896918148e-17
5.298753261566162 4.401487265526519e-17
5.30099630355835 4.402170185840243e-17
5.303240776062012 4.4031948971830735e-17
5.305487632751465 5.069792621315467e-17
5.307735919952393 4.652704995409079e-17
5.309986591339111 4.407541565865917e-17
5.312238693237305 4.408955382968893e-17
5.314493179321289 4.410388721534325e-17
5.316749572753906 4.412307780555448e-17
5.319007396697998 4.806158910438486e-17
5.321267604827881 4.4522089880715356e-17
5.323529243469238 4.49525315104308e-17
5.325793266296387 5.773471859691877e-17
5.328059196472168 4.500073959653039e-17
5.330327033996582 4.428189317444221e-17
5.332596778869629 4.426898253944148e-17
5.33486795425415 5.005233821483663e-17
5.337141513824463 4.4413361952278936e-17
5.339416980743408 4.461063129348303e-17
5.341694355010986 4.4365746127497934e-17
5.3439741134643555 4.4367790917972165e-17
5.346255302429199 4.438865241302075e-17
5.348538398742676 4.6149193850276564e-17
5.350823879241943 4.875824061627702e-17
5.3531107902526855 4.444306766243694e-17
5.355400085449219 4.446103071661914e-17
5.357690811157227 4.4479463609389274e-17
5.359983921051025 4.449807848189417e-17
5.362278938293457 4.4515694120219096e-17
5.3645758628845215 4.4533157557311316e-17
5.366875171661377 4.455677852688338e-17
5.369175910949707 4.460296167484344e-17
5.37147855758667 4.4728289463812575e-17
5.373783588409424 4.505845364222944e-17
5.3760905265808105 4.4945880978305874e-17
5.37839937210083 4.6113039440063097e-17
5.380710124969482 6.80959564799784e-17
5.383022785186768 4.56248440599792e-17
5.3853373527526855 4.5084880408439285e-17
5.3876543045043945 5.629207590395689e-17
5.389973163604736 4.537323887869772e-17
5.392293930053711 4.5254925581323036e-17
5.394616603851318 4.699554520070612e-17
5.396941184997559 4.722948511282592e-17
5.39926815032959 4.545469631669949e-17
5.401597023010254 4.494897132507437e-17
5.403927803039551 4.914913970398998e-16
5.4062604904174805 4.4809707197144945e-17
5.408595085144043 4.9260911657080596e-17
5.4109320640563965 4.4771157271877523e-17
5.413270950317383 4.480434375805315e-17
5.415611743927002 4.480732160825834e-17
5.417954444885254 4.490476679313954e-17
5.420299530029297 4.539385221956254e-17
5.422646522521973 4.500618244496099e-17
5.424995422363281 4.493314570559501e-17
5.427346706390381 4.5189991903237623e-17
5.429699420928955 4.5629284365507385e-17
5.43205451965332 5.407311758866909e-17
5.434412002563477 4.5798518901390834e-17
5.436770915985107 4.544357570054433e-17
5.439132213592529 4.5104563998295597e-17
5.441495418548584 4.515448931134685e-17
5.44386100769043 4.503411137116323e-17
5.44622802734375 4.506343326951701e-17
5.4485979080200195 4.650104008690967e-17
5.450969219207764 5.201073132844778e-17
5.453342914581299 6.942758491729076e-17
5.455718517303467 4.6366480962304444e-17
5.458096027374268 4.549318999368526e-17
5.460475921630859 4.5080976115948035e-17
5.462857723236084 4.508090332405413e-17
5.4652419090271 4.722861822754396e-17
5.467628002166748 4.537194847694214e-17
5.470016002655029 4.5104355548781234e-17
5.472406387329102 4.511462251454424e-17
5.474798679351807 4.5126514063030304e-17
5.4771928787231445 4.513779680658553e-17
5.479589462280273 4.514887440934884e-17
5.481987953186035 4.5162383923113054e-17
5.484388828277588 4.520182389471958e-17
5.486791610717773 4.5242577429138844e-17
5.489196300506592 4.5253171958424424e-17
5.491603374481201 4.528760252424133e-17
5.494012355804443 4.904104374154155e-17
5.496423721313477 4.531706338893802e-17
5.498836994171143 4.534890322507641e-17
5.5012526512146 4.537335799270593e-17
5.5036702156066895 4.539285960282748e-17
5.506089687347412 4.812540774300455e-17
5.508511543273926 4.544260955358887e-17
5.5109357833862305 4.5467229757340896e-17
5.513361930847168 4.5542092911499395e-17
5.515789985656738 4.557121628650616e-17
5.5182204246521 4.554014407397622e-17
5.520652770996094 4.556402643262185e-17
5.523087501525879 4.5587806220871526e-17
5.525524616241455 4.561147020383544e-17
5.527963161468506 4.563509779085241e-17
5.530404567718506 4.569234861540843e-17
5.532847881317139 4.573511385307742e-17
5.535293102264404 5.1606051411729685e-17
5.537740707397461 4.6047364608148837e-17
5.540190696716309 4.901002446857081e-17
5.542642593383789 6.055731030985592e-17
5.5450968742370605 4.5806628580116304e-17
5.547553062438965 4.5823155648755113e-17
5.55001163482666 4.5845949437714625e-17
5.552472114562988 4.586881932729049e-17
5.554934978485107 4.58915998813602e-17
5.557399749755859 4.7498527261420016e-17
5.5598673820495605 5.0243320983385325e-17
5.562336444854736 8.158992586612335e-17
5.564808368682861 5.446529384324783e-17
5.567281723022461 4.810853656723092e-17
5.56975793838501 4.6489416544942075e-17
5.572236061096191 4.606719047307051e-17
5.574716567993164 4.606770332505029e-17
5.5771989822387695 4.6088971792960254e-17
5.579683780670166 4.6110071516025256e-17
5.5821709632873535 4.613102234658e-17
5.584660053253174 4.6151850754404085e-17
5.587151527404785 4.6172467403991356e-17
5.5896453857421875 4.619282597322751e-17
5.592141151428223 4.621312167673711e-17
5.594639301300049 4.623333797090791e-17
5.597139835357666 4.625329287600514e-17
5.599642276763916 4.6272883821632844e-17
5.602147102355957 4.629392067897129e-17
5.604654312133789 5.706942715640972e-17
5.607163906097412 4.633179893358132e-17
5.609675407409668 4.635036417524946e-17
5.612189292907715 4.6369333081056527e-17
5.6147050857543945 4.638814316818598e-17
5.617223739624023 4.640679774536028e-17
5.619744300842285 4.642538945680802e-17
5.622267246246338 4.644408704737417e-17
5.624792098999023 4.646188466543386e-17
5.627319812774658 4.647983448472626e-17
5.629849433898926 4.6497691659790055e-17
5.632381439208984 4.651539001617624e-17
5.634915828704834 4.6532922936439914e-17
5.637452125549316 4.655031027291578e-17
5.63999080657959 4.6567538790714033e-17
5.642531871795654 4.6584598563667327e-17
5.64507532119751 4.660150282666546e-17
5.647621154785156 4.661837731116154e-17
5.6501688957214355 4.663582089591906e-17
5.652719497680664 4.6651481079275914e-17
5.655272006988525 4.6667544926771694e-17
5.657826900482178 4.668368156616138e-17
5.660384178161621 4.6699682547930604e-17
5.662943363189697 4.671553132846712e-17
5.665505409240723 4.6731224599048476e-17
5.668069362640381 4.674676566839712e-17
5.670636177062988 4.676214461034571e-17
5.6732048988342285 4.6777371351061585e-17
5.67577600479126 4.67924425818223e-17
5.678349494934082 4.68352806113852e-17
5.680925369262695 1.2182940525412014e-15
5.683503150939941 4.696309655963689e-17
5.686083793640137 4.685156945200759e-17
5.688666820526123 6.18204746622285e-17
5.691251754760742 4.6882032859606694e-17
5.693839073181152 4.6893576992235484e-17
5.696429252624512 4.690743392185697e-17
5.699021339416504 4.6921224677029457e-17
5.701615810394287 4.693465809017732e-17
5.704212665557861 4.694797900676187e-17
5.706812381744385 4.696118411806067e-17
5.709414005279541 4.6974240336849205e-17
5.712018013000488 4.698714766312748e-17
5.714624404907227 4.699990940561795e-17
5.717233180999756 4.7012459389871605e-17
5.719844341278076 4.7024747985051693e-17
5.7224578857421875 4.703657335908875e-17
5.72507381439209 4.704823660572575e-17
5.727692127227783 4.7059853530248444e-17
5.730312824249268 4.707133148842823e-17
5.732936382293701 4.7082673788987557e-17
5.735561847686768 4.7093896975538676e-17
5.738189697265625 6.230907370645132e-17
5.740819931030273 5.468148576814469e-17
5.743453025817871 4.718897311514552e-17
5.746088027954102 4.7188873853472015e-17
5.748725891113281 4.716041222295529e-17
5.751365661621094 4.7173769535486796e-17
5.7540082931518555 4.718883084008016e-17
5.756653308868408 4.7930140178882835e-17
5.759300231933594 1.8345219566134928e-16
5.7619500160217285 5.190888885143025e-17
5.764602184295654 5.574172286392331e-17
5.767257213592529 5.342560722260748e-17
5.769914150238037 4.879411378508222e-17
5.772573471069336 5.705669519242131e-17
5.775235652923584 4.7322582636407536e-17
5.777900218963623 4.7356090068660834e-17
5.780567169189453 4.7343020614982497e-17
5.783236503601074 4.770760212432647e-17
5.785908222198486 4.85114628610504e-17
5.788582801818848 4.83577495421809e-17
5.791259288787842 5.757065890294745e-17
5.793938636779785 7.292982792617088e-17
5.7966203689575195 6.006325849103515e-17
5.799304485321045 4.788329197771028e-17
5.8019914627075195 4.7530674808746276e-17
5.804680347442627 4.7538903601479954e-17
5.807372093200684 6.449531206542897e-17
5.8100666999816895 4.9886736656203515e-17
5.812763214111328 4.7476831968313975e-17
5.815462589263916 1.4740103082321797e-16
5.818163871765137 5.682556107693929e-17
5.820868492126465 4.8715888968914306e-17
5.823575019836426 4.7854019710193255e-17
5.826284408569336 4.8187208060929614e-17
5.828996181488037 4.758812746537176e-17
5.831710338592529 4.76839282151952e-17
5.834427356719971 1.2056618002125448e-16
5.837146759033203 5.447616299649678e-17
5.839868545532227 4.758315445552909e-17
5.842592716217041 4.758894802853941e-17
5.845319747924805 4.75980867199469e-17
5.848049640655518 4.760712945840333e-17
5.850781440734863 5.0224421560749713e-17
5.853516101837158 5.183001552566209e-17
5.856253147125244 4.79397652524905e-17
5.858993053436279 4.777706875216867e-17
5.8617353439331055 4.801351005846083e-17
5.864480495452881 4.7702215524177523e-17
5.867228031158447 4.774975855706462e-17
5.869977951049805 4.789077630789266e-17
5.872730255126953 4.7797017039821e-17
5.875485420227051 4.799631793660953e-17
5.878243446350098 4.787918254442712e-17
5.8810038566589355 4.8259119834662524e-17
5.8837666511535645 4.9067616091539204e-17
5.886532306671143 4.7780844004484364e-17
5.889300346374512 4.7795964866081833e-17
5.89207124710083 4.78118103378959e-17
5.8948445320129395 4.783806174181588e-17
5.897620677947998 4.791622700097969e-17
5.900399208068848 4.795303984696075e-17
5.9031805992126465 4.789296337343225e-17
5.905964374542236 4.792199741293286e-17
5.908751010894775 4.7909229052997494e-17
5.9115400314331055 4.7919072502286875e-17
5.914331436157227 4.7941221090368595e-17
5.917126178741455 4.7964329207960876e-17
5.919922828674316 4.808198737829042e-17
5.922722816467285 4.800104940971333e-17
5.925525188446045 4.799873330399818e-17
5.928329944610596 4.809046763393031e-17
5.931137561798096 4.803696228318793e-17
5.933948040008545 4.803033822084261e-17
5.936760902404785 4.8056811309166755e-17
5.939576625823975 4.8057102476742374e-17
5.942394733428955 4.8044797337950035e-17
5.945215702056885 4.8032925641798674e-17
5.948039531707764 4.8039615878593e-17
5.950865745544434 4.8052920251565306e-17
5.953694820404053 4.806655549678263e-17
5.956526279449463 4.8079879722089634e-17
5.9593610763549805 4.809306498105373e-17
5.962197780609131 4.8109347204231223e-17
5.965037822723389 4.8175058432092436e-17
5.9678802490234375 4.8160983126789233e-17
5.9707255363464355 4.824732423912752e-17
5.973573207855225 4.8197948174003e-17
5.976424217224121 4.816886781238809e-17
5.979277610778809 4.818091156210686e-17
5.982133388519287 4.819279980187047e-17
5.984992504119873 4.8204519296789124e-17
5.98785400390625 4.821631820104658e-17
5.990718364715576 4.8227461978258895e-17
5.993585109710693 4.8238523037409954e-17
5.996455192565918 4.824958078783856e-17
5.999327659606934 4.826049626320181e-17
6.002202987670898 4.8272242227900066e-17
6.0050811767578125 4.828510984950894e-17
6.007961750030518 4.9525635922877166e-17
6.010845184326172 4.830570002931661e-17
6.013731479644775 4.8312621876682454e-17
6.016620635986328 4.8322779654604605e-17
6.01951265335083 5.0059392411100484e-17
6.022407531738281 4.8345368302772204e-17
6.025304794311523 4.8351641640537806e-17
6.028204917907715 4.836064467432483e-17
6.031108379364014 4.8369746969785366e-17
6.0340142250061035 4.837873015123769e-17
6.036922454833984 4.839449621371295e-17
6.039834022521973 5.158681449940415e-17
6.04274845123291 4.841485147422666e-17
6.045665264129639 4.8413226891503604e-17
6.048585414886475 4.842266667665406e-17
6.051507949829102 9.017095857440555e-17
6.054433822631836 6.924303761390773e-17
6.057362079620361 4.846016773690476e-17
6.060293197631836 4.8485965845849067e-17
6.06322717666626 4.851084412995221e-17
6.066164016723633 5.334009990832665e-17
6.069103717803955 4.858240187038295e-17
6.072046279907227 4.859726134290685e-17
6.074991703033447 4.861395384766817e-17
6.077939987182617 4.863218821709129e-17
6.080891132354736 4.865593491811646e-17
6.083845138549805 4.8679549270243627e-17
6.086802005767822 4.870296179030133e-17
6.089762210845947 4.8726155934677315e-17
6.092724800109863 4.874915486442874e-17
6.0956902503967285 4.877194865338825e-17
6.098658561706543 4.87945472277232e-17
6.101629734039307 4.881730462073576e-17
6.104604244232178 4.884029362431983e-17
6.10758113861084 4.886432156675327e-17
6.110561370849609 5.659700114752354e-17
6.11354398727417 4.892699869612764e-17
6.116529941558838 4.892717074969505e-17
6.119518756866455 4.894698007100447e-17
6.1225104331970215 4.8967944136449015e-17
6.125504970550537 4.8988689826211845e-17
6.12850284576416 4.900925353623991e-17
6.131503105163574 4.9029741145651626e-17
6.134506702423096 4.905055631858591e-17
6.137512683868408 4.907101745821802e-17
6.140522003173828 4.9090088934421045e-17
6.1435346603393555 4.910904129661586e-17
6.146549701690674 4.91283642357251e-17
6.1495680809021 4.9147521738711827e-17
6.152588844299316 4.9166503879408694e-17
6.155612945556641 4.9185270953146297e-17
6.158640384674072 4.9204762637100496e-17
6.161670207977295 4.934213086706595e-17
6.164703369140625 5.1878547866561803e-17
6.167739391326904 5.353397450029683e-17
6.170778274536133 8.768968805198738e-17
6.173820495605469 6.371472488241983e-17
6.176865577697754 1.6018209625279532e-16
6.179913520812988 2.0819875025932834e-15
6.182964324951172 1.2012283768270566e-16
6.186018466949463 1.0490260588563358e-15
6.189075469970703 1.3275523559515008e-16
6.192135810852051 9.94141857589834e-17
6.195199012756348 5.503917189990242e-17
6.198265075683594 9.619090775732556e-17
6.201333999633789 7.798182359117114e-17
6.204406261444092 5.830034469978253e-17
6.207481861114502 4.9751773867459363e-17
6.210559844970703 5.023982366375545e-17
6.21364164352417 4.9700928729566954e-17
6.216725826263428 5.140412008059324e-17
6.219813346862793 4.9808425813251895e-17
6.222903728485107 5.0125060625569843e-17
6.225997447967529 5.2228468426728886e-17
6.229094505310059 9.043576224954092e-17
6.232193946838379 5.1187388833936996e-17
6.235297203063965 4.9665078721818906e-17
6.238402843475342 4.968266127291933e-17
6.241512298583984 4.97055576322748e-17
6.244624137878418 7.75397187148187e-17
6.247739791870117 6.660731592751366e-17
6.250857830047607 5.929427830638135e-17
6.253979682922363 6.14929243745473e-17
6.25710391998291 4.983220229277912e-17
6.260231971740723 4.979496593032443e-17
6.263362884521484 4.9810146348926005e-17
6.266496658325195 1.7721310979055172e-16
6.269633769989014 4.984079173625987e-17
6.2727742195129395 4.985514166552644e-17
6.2759175300598145 4.986945519884606e-17
6.279064178466797 4.9883930859565735e-17
6.282214164733887 4.9901261947759947e-17
6.285367012023926 4.999320141848399e-17
6.288523197174072 4.9963958929469016e-17
6.291682243347168 4.9940374355843904e-17
6.294844627380371 4.996824703376449e-17
6.298010349273682 4.997429206968103e-17
6.301178932189941 4.998164735968785e-17
6.304350852966309 5.0083420353533924e-17
6.307526111602783 5.0056907560540374e-17
6.310704708099365 5.0013239041642475e-17
6.3138861656188965 7.459970705956843e-17
6.317070960998535 4.9185105517023786e-17
6.320259094238281 4.886379217116124e-17
6.323450088500977 4.880420869727782e-17
6.3266448974609375 4.8816143259155733e-17
6.329842567443848 4.882815061292755e-17
6.333043098449707 4.883995944335236e-17
6.336247444152832 4.885243994443456e-17
6.339454650878906 4.88639410636715e-17
6.342665672302246 5.4446619413738834e-17
6.345879554748535 4.888554702127138e-17
6.349096775054932 4.889640293963053e-17
6.352316856384277 4.8913482564918523e-17
6.355540752410889 4.894605362871841e-17
6.358767509460449 4.908546995788055e-17
6.361998081207275 4.908032489447047e-17
6.365231513977051 4.895943079358462e-17
6.368468284606934 4.8971527482862594e-17
6.371708393096924 4.897025031599681e-17
6.3749518394470215 4.897755266644443e-17
6.378198623657227 4.899643554546779e-17
6.381448268890381 6.152306683606873e-17
6.384701728820801 4.9353215087274163e-17
6.387958526611328 4.9513760918003355e-17
6.391218662261963 4.906297726266401e-17
6.394481658935547 6.642990222973329e-17
6.3977484703063965 4.90339630754981e-17
6.4010186195373535 4.903584242984982e-17
6.40429162979126 4.904274111615851e-17
6.407568454742432 4.9049537232071245e-17
6.410848617553711 4.905613813335942e-17
6.4141316413879395 4.9069495445890925e-17
6.417418479919434 7.792713040906914e-17
6.420708656311035 4.9075289018901246e-17
6.424002170562744 4.908081789411555e-17
6.4272990226745605 4.908702505743215e-17
6.430599212646484 4.90932553818059e-17
6.433902740478516 4.9098053029358706e-17
6.4372100830078125 4.9127355075377784e-17
6.440520286560059 4.9166391382845387e-17
6.44383430480957 4.911574476829999e-17
6.4471516609191895 9.321369944429001e-17
6.450472354888916 4.914602950488678e-17
6.45379638671875 4.912921126867235e-17
6.457123756408691 4.9134842714282614e-17
6.460454940795898 4.914211197750573e-17
6.463789463043213 4.914908676443078e-17
6.467127323150635 4.915599206818437e-17
6.470468521118164 4.9163218318015633e-17
6.473813056945801 4.9170725809255164e-17
6.477161407470703 4.917560617486923e-17
6.480513095855713 4.9187742568816605e-17
6.48386812210083 4.9318619085334745e-17
6.487226963043213 4.9619537466014186e-17
6.490589141845703 4.924517868182984e-17
6.493954658508301 4.921214108816447e-17
6.497323513031006 1.2136237775678372e-16
6.500696182250977 4.921977431085711e-17
6.504072189331055 4.923410438778898e-17
6.507452011108398 4.9298359777772097e-17
6.51083517074585 4.951356901210124e-17
6.514221668243408 5.019336258310957e-17
6.517611980438232 4.9438391529309973e-17
6.521005630493164 4.926862759783449e-17
6.524402618408203 4.9249513108239615e-17
6.527803421020508 4.925852606819399e-17
6.531208038330078 4.927517225084101e-17
6.534615993499756 4.928418851951784e-17
6.538027286529541 4.929620579945701e-17
6.541442394256592 4.930856387780855e-17
6.54486083984375 4.9317034207281094e-17
6.548283100128174 4.9324693899753335e-17
6.551708698272705 4.9336092448594315e-17
6.555138111114502 4.9348245386153945e-17
6.558570861816406 4.9361695342914057e-17
6.562007427215576 4.9389273544536575e-17
6.5654473304748535 4.939947433585058e-17
6.5688910484313965 4.940125773725124e-17
6.572338581085205 4.940638625704907e-17
6.575789451599121 5.054743558995167e-17
6.5792436599731445 1.8012330323908068e-16
6.582702159881592 4.958265513686167e-17
6.5861639976501465 4.9455090651516194e-17
6.589629173278809 4.945982543334245e-17
6.5930986404418945 4.946747519964734e-17
6.596571445465088 4.947731864893672e-17
6.600047588348389 4.948730768201391e-17
6.603528022766113 4.949616844073558e-17
6.607011795043945 4.95050589779593e-17
6.610498905181885 4.951443258866075e-17
6.613990306854248 4.952381612552955e-17
6.617485046386719 4.95339341987823e-17
6.620983600616455 4.954241114569974e-17
6.624485492706299 4.955207923269926e-17
6.627991676330566 4.957263301655998e-17
6.631501197814941 4.9594894101205006e-17
6.635014533996582 1.1290290089387741e-16
6.638531684875488 4.962164843093742e-17
6.64205265045166 5.018400882474282e-17
6.6455769538879395 7.351749673799795e-17
6.649105548858643 5.692571319383145e-15
6.652637481689453 3.2579420309308273e-16
6.656173229217529 2.797498097176942e-16
6.659712791442871 1.1551350937687437e-16
6.6632561683654785 2.9757617395803257e-16
6.666803359985352 4.9956908041927614e-17
6.670353889465332 4.976495581770101e-17
6.673908710479736 4.977664222539516e-17
6.677467346191406 7.300141544510367e-17
6.681029319763184 8.836839967075449e-17
6.684595584869385 2.9793894228747383e-16
6.688165187835693 1.0121085513667308e-15
6.691739082336426 7.296579373920468e-17
6.695316314697266 5.593701028037973e-17
6.698897838592529 5.146155950232892e-17
6.702483177185059 5.1077248081014335e-17
6.706071853637695 5.325399371528233e-17
6.709664821624756 5.003388877845425e-17
6.713261604309082 4.9965355210343005e-17
6.716862201690674 1.0467685439983357e-16
6.720466613769531 1.1190484461910563e-16
6.724074840545654 5.242070520108621e-17
6.727686882019043 7.057721376750676e-17
6.7313032150268555 4.9907462493631644e-17
6.734922885894775 5.2588788301556984e-17
6.738546848297119 3.25615219737372e-15
6.7421746253967285 2.1403037622480514e-16
6.7458062171936035 4.995560771400468e-17
6.749441623687744 4.997505638456703e-17
6.753081321716309 5.0678877898008797e-17
6.7567243576049805 5.039982686400281e-17
6.760371685028076 5.052248782267707e-17
6.764023303985596 5.0096565907828617e-17
6.767678260803223 5.011358266739006e-17
6.771337509155273 5.014154798953925e-17
6.77500057220459 6.290565621655926e-17
6.77866792678833 5.0459046378416704e-17
6.782339096069336 5.0936700168774225e-17
6.786014080047607 5.1825691025419665e-17
6.7896928787231445 6.062800447372715e-17
6.7933759689331055 5.0658552415997144e-17
6.797062873840332 5.083692895201053e-17
6.800754070281982 5.058107867982543e-17
6.804449081420898 5.360595575720119e-17
6.80814790725708 5.255364305169083e-17
6.8118510246276855 5.066787970458429e-17
6.815558433532715 5.07295906870032e-17
6.81926965713501 5.050543135844623e-17
6.82298469543457 5.064912586573649e-17
6.826704025268555 5.0970849493182864e-17
6.830427169799805 5.0702859518327934e-17
6.8341546058654785 5.067688935581622e-17
6.837885856628418 5.063431602404934e-17
6.841621398925781 5.0622556824461286e-17
6.845361232757568 5.0669957582283025e-17
6.849104881286621 5.075256314697502e-17
6.8528523445129395 5.095648302030404e-17
6.85660457611084 5.1170716181510377e-17
6.860360622406006 5.0803977385128866e-17
6.8641204833984375 5.0764203232554867e-17
6.867884635925293 5.089359744141531e-17
6.871653079986572 5.1061634219771784e-17
6.875425815582275 5.750193012021165e-17
6.879202365875244 5.149371035837763e-17
6.882983207702637 5.085006458013787e-17
6.886767864227295 5.0894408078415614e-17
6.890557289123535 5.0967927891259327e-17
6.894350528717041 5.092086793184996e-17
6.898148059844971 5.093461236490814e-17
6.901949405670166 5.2883142176895204e-17
6.905755519866943 5.594927240578021e-17
6.909565448760986 5.1143541644026785e-17
6.913379669189453 5.101028615606694e-17
6.917198181152344 5.1020602752666704e-17
6.921020984649658 5.1029221974649506e-17
6.924847602844238 5.1043211253169e-17
6.9286789894104 5.106671641745531e-17
6.932514190673828 5.108173801737927e-17
6.936354160308838 5.115312701296505e-17
6.940197944641113 5.165749542838558e-17
6.9440460205078125 5.129007172645688e-17
6.9478983879089355 5.132412178919201e-17
6.951755046844482 5.120259241359572e-17
6.955615997314453 5.1163056489038136e-17
6.959481716156006 5.1239653413760546e-17
6.963351249694824 5.1205484237017206e-17
6.967225074768066 5.2169642650286565e-17
6.971103191375732 5.2306775960958056e-17
6.974985599517822 5.146635053243683e-17
6.978872776031494 5.1683558235125903e-17
6.982763767242432 5.1389872721722626e-17
6.986659049987793 5.134905632157681e-17
6.990559101104736 5.1415452454985216e-17
6.9944634437561035 5.15532309665345e-17
6.9983720779418945 5.161639447810905e-17
7.002285003662109 5.1404649476185273e-17
7.006202220916748 5.1310638745207397e-17
7.010124206542969 5.132927016132454e-17
7.014050006866455 5.1371006386311517e-17
7.017980575561523 5.137820947508563e-17
7.021915435791016 5.1371112265429924e-17
7.02585506439209 5.136435585418659e-17
7.02979850769043 5.137275339176523e-17
7.033746719360352 5.338859585327941e-17
7.0376996994018555 5.137715730134646e-17
7.041656494140625 5.1179136880146167e-17
7.045618057250977 5.16889812312218e-17
7.049583911895752 5.113457169746426e-17
7.053554534912109 5.113782417163282e-17
7.057529449462891 5.144426150135921e-17
7.061508655548096 5.283645279440026e-17
7.065492630004883 5.232230710413935e-17
7.069481372833252 5.2430760408612404e-17
7.073473930358887 5.135215328579021e-17
7.077471733093262 5.1305146265940045e-17
7.081473350524902 5.1998393102430936e-17
7.085479736328125 5.1442885072819925e-17
7.08949089050293 6.358518178104913e-17
7.093506336212158 5.255660104956132e-17
7.097526550292969 5.1202989460289746e-17
7.101551055908203 5.1514184732899545e-17
7.1055803298950195 7.904735398112561e-16
7.109614372253418 5.123037575601015e-17
7.11365270614624 5.854741362258477e-17
7.1176958084106445 5.1540674364835944e-17
7.121743202209473 5.135530649828526e-17
7.125795364379883 5.128107531011475e-17
7.129852294921875 6.125412064042569e-17
7.133913516998291 5.125285521633689e-17
7.137979507446289 5.1247574495306354e-17
7.142050266265869 5.1302002979612343e-17
7.146125793457031 5.1484095210937316e-17
7.150205612182617 7.170972328776536e-17
7.154290199279785 5.183088241094405e-17
7.158379554748535 5.385333569991375e-17
7.162473678588867 5.1747701128545715e-17
7.166572093963623 5.993375509433384e-17
7.170675754547119 2.699006958954784e-16
7.174783706665039 1.5718549220875662e-16
7.178896427154541 5.3646428050212186e-17
7.183013916015625 8.803340475756032e-17
7.187136173248291 5.3806778666316816e-17
7.191263198852539 5.3099645121702384e-17
7.195394992828369 5.5081854419510156e-17
7.199531078338623 5.2106171427524146e-17
7.203672409057617 5.139464389949583e-17
7.207818508148193 5.153188639800818e-17
7.211969375610352 5.194903688964112e-17
7.216124534606934 5.20524377749327e-17
7.220284938812256 5.145407517214654e-17
7.22445011138916 5.154339744341247e-17
7.2286200523376465 5.146092753634093e-17
7.232794761657715 5.381328692337638e-17
7.236974239349365 9.831199075381364e-17
7.241158962249756 5.1319473034149463e-17
7.24534797668457 5.1322791682767026e-17
7.249542236328125 5.756184446634009e-17
7.253741264343262 5.819094510068872e-17
7.2579450607299805 5.179240858629298e-17
7.262153625488281 5.202294713173396e-17
7.266367435455322 5.713097601142857e-17
7.270585536956787 5.1655371228572546e-17
7.274808883666992 5.988282062093528e-17
7.2790374755859375 5.705780030571968e-17
7.283270835876465 5.4560383217744477e-17
7.287508964538574 5.1340582683381816e-17
7.291751861572266 5.3334868818132863e-17
7.296000003814697 5.148071700531565e-17
7.300252914428711 5.1699493042446125e-17
7.304510593414307 5.140721373608419e-17
7.308773517608643 1.2603773492783144e-16
7.313041687011719 5.326166995136682e-17
7.317314147949219 5.2465700517686644e-17
7.321592330932617 5.130694951967541e-17
7.3258748054504395 5.140522188516916e-17
7.33016300201416 5.921518660493148e-17
7.334455966949463 5.269187154949334e-17
7.338753700256348 5.1416071186083406e-17
7.343056678771973 5.1431334322746234e-17
7.347364902496338 5.186849927648051e-17
7.351677894592285 5.147247166896972e-17
7.355996131896973 5.1331953535231663e-17
7.360319137573242 5.1392648739858354e-17
7.364647388458252 5.1838796875044955e-17
7.368980884552002 5.411448323674164e-17
7.373319149017334 5.181848131920065e-17
7.3776631355285645 5.2417217807623686e-17
7.382011890411377 5.1460848127002126e-17
7.3863654136657715 5.1696505266073583e-17
7.3907246589660645 5.159159229462226e-17
7.3950886726379395 5.148057142152784e-17
7.399457931518555 5.152410428280528e-17
7.40383243560791 5.146914640290726e-17
7.408212184906006 5.14167693265204e-17
7.412596702575684 5.149787603994245e-17
7.41698694229126 5.1610895381396795e-17
7.421381950378418 5.154806605078972e-17
7.425782680511475 5.146322709844383e-17
7.430188179016113 5.145892575925855e-17
7.43459939956665 5.1498110959236415e-17
7.4390153884887695 5.590252677500362e-17
7.443436622619629 5.2853039420043175e-17
7.4478631019592285 5.2557140371320706e-17
7.452295303344727 5.165000117203585e-17
7.456732273101807 5.285795949032664e-17
7.461174964904785 5.390899172024877e-17
7.465622425079346 5.1983374811229424e-17
7.470075607299805 6.21606245650001e-17
7.474534034729004 2.0655869859707496e-16
7.478997707366943 8.427296890100035e-17
7.483467102050781 5.150659121487631e-17
7.487941265106201 5.348553149490327e-17
7.4924211502075195 5.228627842537899e-17
7.496906280517578 6.353880010974205e-17
7.501396656036377 5.148341030539012e-17
7.505892276763916 5.1498567562934544e-17
7.5103936195373535 5.1478619275282215e-17
7.514900207519531 5.143111263834207e-17
7.519412517547607 5.1598428115204396e-17
7.523930072784424 5.1551629544868596e-17
7.5284528732299805 5.1289992317118073e-17
7.5329813957214355 5.1399186775419973e-17
7.537515163421631 5.1581070557230583e-17
7.542054176330566 5.245297847986558e-17
7.5465989112854 5.305151313621915e-17
7.551149368286133 5.1632865298466204e-17
7.5557050704956055 5.1536187737193456e-17
7.560266494750977 5.14916390981238e-17
7.564833164215088 5.153019233211367e-17
7.5694050788879395 5.2168616946327e-17
7.573983192443848 5.149384601599809e-17
7.578566551208496 5.2030047650112116e-17
7.583155155181885 5.345520043620218e-17
7.587749481201172 5.174000834884897e-17
7.592349529266357 5.1952031283458564e-17
7.596955299377441 5.221298029693944e-17
7.601566314697266 5.2110244464860357e-17
7.606183052062988 5.172293534100588e-17
7.610805511474609 5.2359659271879796e-17
7.615433692932129 5.272079970987555e-17
7.620067119598389 5.177456795484144e-17
7.624706745147705 5.170882033103327e-17
7.629351615905762 5.183899208966952e-17
7.634002208709717 5.2362580873803333e-17
7.63865852355957 5.4594191743740744e-17
7.643320083618164 5.2350729029986673e-17
7.6479878425598145 5.1786532295221405e-17
7.652661323547363 5.1749113953031956e-17
7.6573405265808105 5.1833823865202286e-17
7.662024974822998 5.376960847831113e-17
7.666715621948242 5.197005058592242e-17
7.671411991119385 5.202712935691103e-17
7.676114082336426 5.779499028507184e-17
7.680821895599365 1.0257324807532751e-16
7.685535430908203 5.4012379370650546e-17
7.6902546882629395 5.205963424626191e-17
7.694979667663574 5.554073120996272e-17
7.699710845947266 5.4884058991436476e-17
7.7044477462768555 5.325686899509156e-17
7.709190368652344 5.702472631610736e-17
7.7139387130737305 5.424392707643884e-17
7.718693256378174 5.387458762421146e-17
7.723453044891357 5.5456524223604825e-17
7.728219509124756 5.628048214049135e-17
7.7329912185668945 6.671822430404477e-17
7.73776912689209 5.390407495868775e-17
7.742552757263184 5.2605146625350833e-17
7.747342586517334 5.919765037594536e-17
7.752138137817383 7.716830138489259e-17
7.756939888000488 3.3487939907599355e-16
7.761747360229492 6.602995709484145e-17
7.7665605545043945 6.3188578455832e-17
7.7713799476623535 5.69177420844022e-17
7.776205539703369 5.986020219426563e-17
7.781036853790283 5.214105528831673e-17
7.785874366760254 5.4073352507963055e-17
7.790717601776123 5.2062463203956844e-17
7.795567035675049 5.3735336731171836e-17
7.800422668457031 5.308709182872628e-17
7.80528450012207 1.0125450380323627e-16
7.810152053833008 5.3546865282962853e-17
7.815025806427002 5.315204535914639e-17
7.8199052810668945 5.2884091780238415e-17
7.824791431427002 5.2258696915034023e-17
7.829683303833008 5.611459603172751e-17
7.83458137512207 6.308811902479866e-17
7.8394856452941895 5.11999553618029e-17
7.844396114349365 5.216023264363816e-17
7.849312782287598 4.0137781171278094e-16
7.8542351722717285 5.1623236916136086e-17
7.859164237976074 5.596888651246507e-17
7.864099502563477 9.019291525658515e-17
7.869040489196777 5.135782112734742e-17
7.873988151550293 1.9495893972645194e-16
7.878942012786865 5.727740021474026e-17
7.883901596069336 5.3169713937030526e-17
7.8888678550720215 5.340515270042027e-17
7.893840312957764 5.739779800725857e-17
7.8988189697265625 7.768963692903781e-17
7.903804302215576 6.04930681547626e-17
7.908795356750488 5.465138301129266e-17
7.913793087005615 5.132395304434705e-17
7.918797016143799 5.2542595227429573e-17
7.923807144165039 5.3083296724075886e-17
7.928823947906494 5.610889841166825e-17
7.933846950531006 6.369321156904855e-17
7.938876152038574 5.1550679941525385e-17
7.943912029266357 5.5035009527060053e-17
7.948954105377197 5.197283322150305e-17
7.954002857208252 5.435296602478558e-17
7.959057807922363 5.143691613751974e-17
7.964118957519531 5.1373947840569755e-17
7.969186782836914 5.130588411104644e-17
7.974261283874512 5.122629610122904e-17
7.979341983795166 5.726170363543645e-17
7.984428882598877 6.259316723347143e-17
7.989522933959961 5.290944982909684e-17
7.994622707366943 5.706347807344424e-17
7.999729633331299 5.62469780169605e-17
8.004842758178711 5.4618216377451734e-17
8.009963035583496 5.648948090278144e-17
8.01508903503418 5.3896590628505373e-17
8.020221710205078 7.567856895401929e-17
8.025361061096191 5.151049881609001e-17
8.03050708770752 5.138480706765135e-17
8.035659790039062 5.1948143534579565e-17
8.04081916809082 5.2659333572917957e-17
8.045985221862793 5.150797756958295e-17
8.05115795135498 5.134251497729274e-17
8.056337356567383 5.625536893709424e-17
8.0615234375 5.655858026243167e-17
8.066715240478516 5.184655252046825e-17
8.071914672851562 6.106661533917217e-17
8.077120780944824 5.17763513562421e-17
8.0823335647583 5.573677301513779e-17
8.087553024291992 5.118342167571919e-17
8.092779159545898 1.415128151159307e-16
8.09801197052002 6.451716286849017e-17
8.103251457214355 5.1137754688461364e-17
8.108498573303223 5.739697744409092e-17
8.113751411437988 5.1156518453476517e-17
8.119011878967285 5.252739164777085e-17
8.124279022216797 5.209174539764122e-17
8.129552841186523 5.623128143765669e-17
8.134833335876465 5.88083196226738e-17
8.140120506286621 5.133860075863414e-17
8.145415306091309 5.357551551065924e-17
8.150715827941895 5.127311783262199e-17
8.156023979187012 5.2897018958851394e-17
8.16133975982666 5.978223545844883e-17
8.166661262512207 9.153407281455413e-17
8.171990394592285 5.536109405069581e-17
8.177326202392578 5.3605082254474336e-17
8.182668685913086 6.255405813410992e-17
8.188018798828125 5.2986076532321303e-17
8.193375587463379 5.192279210316604e-17
8.198740005493164 5.1308557558786213e-17
8.204110145568848 5.118009971837918e-17
8.209488868713379 5.109437402841663e-17
8.214873313903809 5.4661266165251444e-17
8.22026538848877 5.1181456294583765e-17
8.225665092468262 5.074067821593386e-17
8.231070518493652 7.031151011986493e-17
8.23648452758789 5.602917143550794e-17
8.241905212402344 5.373042658705572e-17
8.247332572937012 5.2087265387443634e-17
8.252767562866211 5.85119044132491e-17
8.258209228515625 5.7345268729639e-17
8.26365852355957 5.399920734657625e-17
8.26911449432373 5.777233215373278e-17
8.274578094482422 5.408993582488352e-17
8.280049324035645 5.198269321440468e-17
8.285527229309082 5.317885262843801e-17
8.291011810302734 5.141959166677043e-17
8.296504974365234 5.809664651085767e-17
8.30200481414795 1.2169871601129268e-16
8.307511329650879 5.127602619965573e-17
8.313026428222656 5.1965279408149213e-17
8.318548202514648 1.5335518275149307e-16
8.324076652526855 5.466292052647655e-17
8.32961368560791 5.548082348127918e-17
8.33515739440918 7.439138989410307e-17
8.340707778930664 5.1055896895043116e-17
8.346266746520996 5.2469168058814466e-17
8.351832389831543 5.154207064570993e-17
8.357406616210938 5.3150546507876447e-17
8.362987518310547 6.373599996777469e-17
8.368575096130371 6.012695801564663e-17
8.374171257019043 5.967581370956021e-17
8.37977409362793 5.3769469511968224e-17
8.385385513305664 6.404285088780736e-17
8.391003608703613 5.1933095464876e-17
8.396629333496094 5.3859043246140366e-17
8.402262687683105 5.0684790585027326e-17
8.407903671264648 8.368625961868384e-17
8.413552284240723 1.0796755093013692e-16
8.419208526611328 2.415539759859607e-15
8.424872398376465 1.2268671906377174e-15
8.430543899536133 9.83862451030413e-17
8.436223030090332 8.482385795407086e-17
8.441908836364746 5.702896148084363e-17
8.447603225708008 8.172510041310431e-17
8.4533052444458 6.896077050168014e-17
8.459015846252441 1.1406578448622896e-16
8.464733123779297 5.3391494294145793e-17
8.470458030700684 6.077971601551428e-17
8.476190567016602 5.4002095861275287e-17
8.481931686401367 5.443115444500654e-17
8.487680435180664 5.23394694474886e-17
8.493436813354492 6.615477534055325e-17
8.499200820922852 5.114217514165485e-17
8.504972457885742 5.328144287672929e-17
8.510751724243164 6.822584368848392e-17
8.516539573669434 5.86165328345697e-17
8.522335052490234 8.709846567224878e-17
8.528139114379883 5.872893013620341e-17
8.533949851989746 5.4709960633551215e-17
8.539769172668457 5.239574089019936e-17
8.5455961227417 6.707207231776026e-17
8.551431655883789 9.705085795702549e-17
8.55727481842041 5.659463210224919e-17
8.563125610351562 5.197720735258223e-17
8.568984985351562 5.091726473310168e-17
8.574851989746094 3.809193190586294e-16
8.580726623535156 5.734086812878022e-17
8.586609840393066 6.171840057463945e-17
8.592501640319824 5.221515081886678e-17
8.598401069641113 5.49405852057759e-17
8.604308128356934 1.0224689554517329e-16
8.610223770141602 5.4035318743397867e-17
8.616147994995117 9.921215516617345e-17
8.622079849243164 5.339114356956607e-17
8.628019332885742 5.591770057616029e-17
8.633968353271484 6.604032663100042e-17
8.639924049377441 1.0235123279891828e-16
8.645889282226562 6.341414068270786e-17
8.651862144470215 5.143692275496464e-17
8.657843589782715 6.351067596891525e-17
8.663832664489746 7.942655739672156e-17
8.669830322265625 5.57212551068463e-17
8.675836563110352 5.4812428459111834e-17
8.681851387023926 5.586511174153662e-17
8.687873840332031 5.702951072877036e-17
8.693904876708984 5.944307155496739e-17
8.699944496154785 5.845938837051933e-17
8.705992698669434 9.736998423734845e-17
8.712048530578613 1.2208545272616327e-16
8.71811294555664 7.121822580267615e-17
8.724186897277832 6.196630329549914e-17
8.730268478393555 1.030254114679286e-16
8.736358642578125 8.689828134656605e-17
8.742456436157227 7.37787203754422e-17
8.748563766479492 5.926974743813548e-17
8.754679679870605 6.357483209722486e-17
8.760804176330566 5.194724025335066e-17
8.766937255859375 7.065257984747769e-17
8.773077964782715 5.578720456272392e-17
8.779228210449219 5.119196479708564e-17
8.78538703918457 5.676442250350427e-17
8.79155445098877 5.552304277974389e-17
8.797730445861816 5.984949516841674e-17
8.803915023803711 5.716868221247119e-17
8.810108184814453 5.840343125644134e-17
8.816309928894043 1.3511328267607744e-16
8.822521209716797 1.434190362939469e-16
8.828741073608398 7.546722761623444e-17
8.834968566894531 5.516861573959962e-17
8.841206550598145 5.87678870343322e-17
8.847452163696289 8.76931092710009e-17
8.853707313537598 5.1880288254570615e-17
8.859970092773438 1.2764012274068956e-16
8.866243362426758 5.441786661564649e-17
8.87252426147461 5.77507328135778e-17
8.878814697265625 6.79556137085302e-17
8.885113716125488 5.602064816647619e-17
8.891422271728516 7.224727157191662e-17
8.89773941040039 7.727099751230228e-17
8.904065132141113 8.778260359583424e-17
8.910400390625 5.101273791940255e-17
8.916744232177734 5.655048712731846e-17
8.923097610473633 5.3702421560237126e-17
8.929459571838379 9.518903321684624e-17
8.935831069946289 6.295824505118293e-17
8.942212104797363 7.228466013560402e-17
8.948601722717285 5.65824692385222e-17
8.954999923706055 6.640954035177468e-17
8.961407661437988 6.146150474616008e-17
8.967824935913086 6.23149698498576e-17
8.974250793457031 2.925003290216112e-16
8.98068618774414 7.092024225881005e-17
8.987131118774414 5.370329175424153e-17
8.993584632873535 5.931109985131823e-17
9.00004768371582 6.633310224572988e-17
9.00652027130127 5.76649310229989e-17
9.013002395629883 5.4809480387408695e-17
9.019493103027344 5.857266579232479e-17
9.025994300842285 7.285010756745547e-17
9.032504081726074 5.871825619757902e-17
9.039023399353027 7.36663693959228e-17
9.045552253723145 1.3912706741065015e-16
9.05208969116211 1.0363718101408302e-16
9.058637619018555 5.496028203052201e-17
9.065195083618164 4.0270582702517767e-16
9.071761131286621 6.018239235157748e-17
9.078337669372559 5.815999531088944e-17
9.084922790527344 5.154935976126775e-17
9.09151840209961 5.469695073687698e-17
9.098122596740723 6.369355567618337e-17
9.104737281799316 1.7189882507947824e-16
9.111361503601074 9.837496235948608e-17
9.117995262145996 5.98128676108929e-17
9.124638557434082 7.654836591173105e-17
9.131291389465332 5.602007244876985e-17
9.137953758239746 7.647221897326187e-17
9.14462661743164 6.060332140424857e-17
9.151308059692383 9.950804098000611e-17
9.157999992370605 1.2018059474179656e-16
9.164702415466309 7.389195809257826e-17
9.17141342163086 1.5390768646111929e-15
9.17813491821289 1.3352976781607533e-16
9.184865951538086 1.333795518168357e-16
9.191607475280762 2.8696719217279087e-16
9.198358535766602 1.1968864065300922e-16
9.205119132995605 5.649934089568308e-17
9.21189022064209 7.677302816610045e-17
9.218670845031738 1.6546788624612757e-16
9.225461959838867 1.5248412847925023e-16
9.23226261138916 3.1891513089107534e-16
9.239073753356934 7.258915524525214e-17
9.245894432067871 8.703724768947496e-17
9.252725601196289 1.1341863807963687e-16
9.259567260742188 6.906378426644504e-17
9.26641845703125 5.819898529624273e-17
9.273280143737793 5.990871468283064e-17
9.2801513671875 1.4428923029835268e-16
9.287033081054688 6.833098165306186e-17
9.293925285339355 9.474146894845095e-17
9.300827026367188 5.895554453681844e-17
9.307740211486816 6.61882000547453e-17
9.31466293334961 7.3920152378321e-16
9.321596145629883 8.943180321391796e-17
9.32853889465332 6.421101339761694e-17
9.335493087768555 9.236876422706914e-17
9.342456817626953 6.071970240771233e-17
9.349431991577148 5.0617567271006366e-17
9.356416702270508 5.043665294487367e-17
9.363411903381348 1.82355751215798e-16
9.370417594909668 5.2373526127668635e-17
9.377433776855469 5.0874959407853267e-17
9.384461402893066 9.27377992768311e-17
9.391498565673828 6.425898325570012e-17
9.39854621887207 5.296985055742546e-17
9.40560531616211 1.1141716539972397e-16
9.412673950195312 6.755104297965296e-17
9.419754028320312 7.541727252468114e-17
9.426844596862793 5.4321559631288166e-17
9.433945655822754 6.929141775357473e-17
9.441057205200195 9.323533054818051e-16
9.448180198669434 5.4200665530402316e-17
9.455313682556152 6.351683019267264e-17
9.462457656860352 1.0151468188438625e-16
9.469612121582031 9.261366924538894e-17
9.476778030395508 5.2449524173627557e-17
9.483954429626465 1.8709981069980192e-16
9.491142272949219 7.94303491926495e-17
9.498340606689453 6.273920762497889e-17
9.505550384521484 1.8358118289734835e-16
9.512770652770996 1.4584438278951158e-16
9.520001411437988 5.723226924051936e-17
9.527243614196777 5.645401139811517e-17
9.534497261047363 5.1560023773724784e-17
9.54176139831543 7.01504216586539e-17
9.549036979675293 1.3279425205028298e-16
9.556323051452637 1.648117401144709e-16
9.563620567321777 1.043481262069601e-16
9.570929527282715 6.48951976433167e-17
9.57824993133545 5.895127628485766e-17
9.585580825805664 5.526487640184364e-17
9.592923164367676 5.940642414510884e-17
9.600276947021484 6.887319523586792e-17
9.60764217376709 7.89357282735673e-17
9.615017890930176 5.717346000768929e-17
9.622406005859375 5.4261503010094366e-17
9.629804611206055 5.814636337439456e-17
9.637214660644531 5.674966560137632e-17
9.644637107849121 8.987207505803299e-17
9.652070045471191 5.495945484990946e-17
9.659514427185059 1.2525957634710076e-16
9.666970252990723 7.843575384156064e-17
9.6744384765625 6.099241392950371e-17
9.681917190551758 5.938922540581264e-17
9.689408302307129 1.3394625656321823e-16
9.696910858154297 3.4049003943948763e-16
9.704424858093262 2.4304141348694254e-16
9.711950302124023 1.4996199523457194e-16
9.719488143920898 8.858925027686125e-17
9.727036476135254 3.11341253444303e-16
9.734597206115723 2.0503429075492344e-16
9.742170333862305 5.545128982468859e-17
9.749754905700684 5.825578944326798e-17
9.75735092163086 5.379922485296298e-17
9.764958381652832 6.752529450154541e-17
9.772578239440918 6.700234430084449e-17
9.780210494995117 1.147994473674492e-16
9.787854194641113 6.67467057868962e-17
9.795509338378906 5.553394171149489e-17
9.803177833557129 6.862079926992084e-17
9.810856819152832 9.967909531323718e-17
9.818549156188965 2.815889564741997e-16
9.826252937316895 5.342323155988823e-17
9.833968162536621 6.92785335883536e-17
9.841696739196777 7.074980996539962e-17
9.84943675994873 1.2663180942632213e-16
9.857189178466797 4.933428522439201e-16
9.864953994750977 8.746758674879444e-17
9.872730255126953 5.98831514931803e-17
9.88051986694336 6.823592205706727e-17
9.888320922851562 6.179436884209632e-17
9.896134376525879 8.912898231782965e-17
9.903960227966309 6.151198923330542e-17
9.911799430847168 5.774827774151974e-17
9.919650077819824 8.195459340225102e-17
9.927513122558594 6.117929057349169e-17
9.935389518737793 5.763818992815628e-17
9.943277359008789 9.880217798481256e-17
9.951178550720215 5.569651909780851e-17
9.959091186523438 5.9023558635505e-17
9.96701717376709 7.867177163137917e-17
9.974956512451172 2.2297649998568865e-16
9.98290729522705 5.3008393865247984e-17
9.99087142944336 1.893146430381943e-16
9.998847961425781 6.650348821702601e-17
10.006837844848633 7.055083663213367e-17
10.014840126037598 7.339253952594324e-17
10.022854804992676 3.0176734592060606e-16
10.030882835388184 1.9979447876875933e-16
10.038923263549805 6.87636169657618e-17
10.046977043151855 6.528224537809762e-17
10.05504322052002 6.64066154411287e-17
10.063122749328613 7.311801482424914e-17
10.071215629577637 5.941684000338211e-17
10.079320907592773 8.673035706477288e-17
10.08743953704834 7.542660312199074e-17
10.095571517944336 6.83518266044982e-17
10.103715896606445 6.887467754352562e-17
10.1118745803833 1.7541065014857417e-16
10.12004566192627 1.3719785722904988e-16
10.128230094909668 9.072505047080787e-17
10.13642692565918 6.93220962281331e-17
10.144638061523438 1.8079154606001532e-16
10.152862548828125 7.166215047637621e-17
10.161100387573242 6.619727257170378e-17
10.169350624084473 1.085600240069617e-16
10.17761516571045 7.345603390976281e-17
10.185893058776855 6.654096942494201e-17
10.194184303283691 5.648789933345024e-17
10.202488899230957 6.562379156174321e-17
10.210807800292969 6.955178112318192e-17
10.219139099121094 6.120817572048204e-17
10.227484703063965 5.118469222514007e-17
10.235843658447266 6.642233849021211e-16
10.244216918945312 5.580934653336074e-17
10.252603530883789 5.3389340315830705e-17
10.261003494262695 5.3919884034554866e-17
10.269417762756348 5.699227436631568e-17
10.27784538269043 6.196630991294404e-17
10.286287307739258 7.354430400728957e-17
10.294742584228516 6.010183819480462e-17
10.30321216583252 5.108985431354964e-17
10.311695098876953 6.302300336697849e-17
10.32019329071045 6.065987408836759e-17
10.328704833984375 5.16858313274492e-17
10.33722972869873 5.239042046449942e-17
10.345769882202148 5.0698482078526304e-17
10.354323387145996 8.068887471614688e-17
10.36289119720459 2.9545414466692374e-16
10.37147331237793 5.810660576543281e-17
10.380069732666016 1.932379275963088e-16
10.388679504394531 5.630963198527771e-17
10.39730453491211 1.1200642239832714e-16
10.405943870544434 5.005929976687188e-17
10.414597511291504 5.1441819664190956e-17
10.42326545715332 5.016681670289152e-17
10.431947708129883 7.631292383961886e-17
10.440644264221191 5.704218975319958e-17
10.449356079101562 3.443240546658954e-16
10.458081245422363 6.668800905062944e-17
10.466822624206543 1.2058545002080451e-16
10.475577354431152 1.3869377035346018e-16
10.484347343444824 7.455415256887391e-17
10.493131637573242 5.827138676089828e-17
10.501931190490723 2.1340967312803515e-16
10.51074504852295 6.66437184919109e-17
10.519573211669922 4.846090558201116e-17
10.528417587280273 5.227800331053101e-17
10.537275314331055 4.756073058173951e-16
10.546149253845215 1.0502528934362051e-16
10.555037498474121 7.880145369909279e-17
10.56394100189209 2.0630637542302178e-16
10.572858810424805 6.590563515749718e-17
10.581792831420898 8.77305904789169e-17
10.590741157531738 5.657182176967742e-17
10.59970474243164 3.3524717019377953e-16
10.608683586120605 5.574540878073284e-16
10.617677688598633 5.483300606577419e-16
10.626687049865723 5.735817274719483e-17
10.635712623596191 4.8543051234282576e-17
10.644752502441406 1.0045376650050534e-16
10.653807640075684 2.0297210963549404e-16
10.66287899017334 7.4894070861074e-17
10.671964645385742 1.5696338428811878e-16
10.681066513061523 3.255047560531382e-16
10.690183639526367 6.592184128005832e-17
10.69931697845459 1.0600028382291431e-16
10.708465576171875 1.0585792273077148e-16
10.717629432678223 1.0625047617970955e-16
10.72680950164795 1.2767396435391033e-16
10.736004829406738 5.4288492259120747e-17
10.745216369628906 7.03157916067155e-17
10.754444122314453 6.429852910642506e-17
10.763687133789062 1.4808843776458424e-16
10.77294635772705 2.8540269584943258e-16
10.782220840454102 6.026583171432693e-17
10.791511535644531 1.4443828162728984e-16
10.80081844329834 1.3769629641383963e-16
10.810141563415527 1.6498127905281978e-16
10.819480895996094 8.009007800897526e-16
10.828836441040039 6.329859347730155e-17
10.838208198547363 8.197542511879756e-17
10.84759521484375 8.70520112090478e-17
10.856999397277832 6.325230445022309e-17
10.866419792175293 8.867139923785512e-17
10.875856399536133 1.0616589199899233e-16
10.885309219360352 8.285800036261204e-17
10.894779205322266 5.5429554826913146e-17
10.904265403747559 6.427068951572897e-17
10.91376781463623 1.6709821291135529e-16
10.923286437988281 8.770907054810072e-17
10.932822227478027 5.464949703949604e-17
10.942375183105469 5.702555349671991e-17
10.951944351196289 7.993796677351615e-17
10.961529731750488 6.299638138614408e-17
10.971132278442383 5.165757483772439e-17
10.980751991271973 3.130477601352244e-16
10.990388870239258 2.4705084394277077e-16
11.000041961669922 1.772315592269341e-16
11.009712219238281 1.9686064780704605e-16
11.019399642944336 2.057528129222115e-16
11.029104232788086 3.5237237644224857e-16
11.038825035095215 1.2479893600758223e-16
11.048563957214355 8.015783138033274e-17
11.058320045471191 5.906152953434363e-17
11.068092346191406 8.807894601336504e-17
11.077882766723633 7.354722891793556e-17
11.087690353393555 1.2075788740001977e-16
11.097516059875488 6.009735156716213e-17
11.1073579788208 6.629576000415679e-17
11.117218017578125 7.888176301040434e-17
11.127096176147461 3.401118921680978e-16
11.136990547180176 1.5314592590885185e-16
11.146903991699219 6.242923988839812e-17
11.15683364868164 6.937745115472515e-17
11.16678237915039 5.68927347601235e-17
11.17674732208252 1.0100865249029571e-16
11.186731338500977 1.203872310762572e-16
11.196732521057129 8.850810055004735e-17
11.206751823425293 5.114732682250983e-17
11.216789245605469 1.136375563918327e-16
11.226844787597656 1.1923635152895503e-16
11.236918449401855 1.291693083780592e-16
11.24700927734375 6.4843674217322e-17
11.257119178771973 4.702150411356151e-16
11.267247200012207 1.083041141777725e-16
11.277393341064453 5.712924224086466e-17
11.287557601928711 1.3908124822215962e-16
11.29773998260498 1.5879136079763236e-16
11.307941436767578 1.1141044207570514e-16
11.318160057067871 1.9995423712354537e-16
11.328398704528809 9.089141038862657e-16
11.338654518127441 1.280588481842088e-16
11.348930358886719 1.0918533946282729e-16
11.359223365783691 5.113958772069878e-17
11.369536399841309 6.684142127575597e-17
11.379867553710938 5.3850162635083997e-17
11.390216827392578 7.10410503329122e-17
11.400586128234863 1.8829666825427225e-16
11.41097354888916 6.49278282641207e-17
11.421380043029785 7.033596951970587e-16
11.431805610656738 3.5601167996990627e-16
11.44225025177002 1.9143323125795492e-16
11.452713966369629 8.572672890139494e-17
11.463197708129883 1.1593878609084503e-16
11.473699569702148 7.798666756083825e-17
11.484220504760742 5.730675520031854e-17
11.49476146697998 2.6510643647445985e-16
11.505321502685547 9.859197484755059e-17
11.515901565551758 9.545346631506719e-17
11.526500701904297 8.735579957558056e-16
11.537118911743164 2.364702377612621e-16
11.547757148742676 1.579138214293871e-16
11.558414459228516 1.4002658993085462e-16
11.569091796875 1.73841958365149e-16
11.579789161682129 9.154581877925238e-17
11.590506553649902 6.840372722485223e-17
11.601243019104004 7.810735652093219e-17
11.61199951171875 8.923526510037536e-17
11.62277603149414 4.6955221800205386e-17
11.633573532104492 8.929609265390006e-17
11.644390106201172 1.3763692469819302e-16
11.655226707458496 4.946908985620304e-17
11.666084289550781 8.000815139413004e-17
11.676960945129395 1.1142935473323055e-16
11.687858581542969 8.310532736576539e-17
11.698777198791504 7.497784109606847e-17
11.709715843200684 1.2230539012487377e-16
11.720674514770508 8.388556382419481e-17
11.731654167175293 4.642483292969189e-16
11.742653846740723 9.124270009814355e-17
11.753674507141113 1.374991892000356e-16
11.764716148376465 1.284209097705347e-15
11.775777816772461 7.318088055080317e-17
11.786861419677734 7.123335328171852e-17
11.797965049743652 2.407150904368678e-16
11.809089660644531 7.475195461439249e-17
11.820235252380371 5.568243055761551e-17
11.831402778625488 2.8462887831255657e-16
11.84259033203125 1.847361652604888e-16
11.853799819946289 9.899884182980827e-17
11.865030288696289 1.6116198102387053e-16
11.87628173828125 1.9058406749344268e-16
11.887555122375488 7.971157736602773e-17
11.898849487304688 1.4977481418811854e-16
11.910165786743164 5.4461793214895506e-17
11.921503067016602 1.0398509317972282e-16
11.932862281799316 2.674907018720827e-16
11.944242477416992 1.7220040851337017e-16
11.955645561218262 6.170531788607131e-17
11.967069625854492 1.6725884476886818e-16
11.978515625 5.414189070828573e-16
11.989983558654785 1.1059475596494415e-16
12.001473426818848 6.405723721302089e-17
12.012986183166504 9.768130855013381e-17
12.024519920349121 8.512259588665561e-17
12.036076545715332 1.3457006985909142e-16
12.04765510559082 2.350761274091999e-16
12.059255599975586 1.3921264420810244e-16
12.070878982543945 6.943987351247085e-17
12.082525253295898 1.1207849960818256e-16
12.094193458557129 1.0993984729548386e-16
12.105883598327637 6.36706129947136e-17
12.117597579956055 1.7785807244032666e-16
12.12933349609375 2.468052202699348e-15
12.141092300415039 9.283178287628488e-16
12.152873992919922 1.0163635684377035e-16
12.164678573608398 2.677406030613023e-16
12.176506042480469 1.5008091071943257e-16
12.188356399536133 1.579495026922902e-16
12.20022964477539 2.2296228571404254e-16
12.212126731872559 2.8116104601715866e-16
12.22404670715332 7.859857607333558e-17
12.235989570617676 1.414147445825064e-16
12.247956275939941 1.0234743438554544e-16
12.259946823120117 7.995199575670504e-17
12.271960258483887 6.936531740775573e-16
12.283997535705566 3.786514677516948e-15
12.29605770111084 9.522672618299905e-17
12.30814266204834 1.0262026502134503e-16
12.320250511169434 1.0317104819529714e-16
12.332383155822754 1.9523671359359215e-16
12.344538688659668 1.4110821129982896e-16
12.356719017028809 2.426682160643382e-16
12.36892318725586 1.7527298082486574e-16
12.38115119934082 1.0961856372812337e-16
12.393403053283691 7.41759563283918e-16
12.405679702758789 1.7328225487547112e-16
12.417981147766113 5.866796891029172e-16
12.430306434631348 9.901854328676581e-16
12.442656517028809 1.221904583418432e-16
12.455031394958496 1.371857737746617e-16
12.467430114746094 4.0358525898266445e-16
12.479853630065918 1.5826339457369692e-16
12.492302894592285 5.678729901052504e-17
12.504776000976562 5.024900139808785e-16
12.517273902893066 1.4153350124868942e-16
12.529797554016113 1.837926499665863e-16
12.542346000671387 1.7650542699801055e-16
12.554920196533203 1.2477689991606381e-16
12.567519187927246 7.19379920496055e-17
12.580142974853516 7.085649773557324e-16
12.592792510986328 1.1311270036700046e-16
12.605467796325684 1.0627266447246067e-16
12.618167877197266 1.9986556336187969e-16
12.630894660949707 1.1157881634375153e-16
12.643646240234375 2.0555861738416365e-16
12.656424522399902 2.1853401070068686e-16
12.669227600097656 6.786775389258727e-17
12.68205738067627 1.1895382633637632e-16
12.694912910461426 1.1763765625035134e-16
12.707794189453125 1.3744227917389195e-16
12.720702171325684 2.129221262575515e-16
12.733635902404785 1.0609947270452677e-16
12.746596336364746 1.2268213449794473e-16
12.75958251953125 4.0430428407576494e-16
12.77259635925293 1.757870768842899e-16
12.785635948181152 1.2720907561476573e-16
12.798702239990234 1.964091527763799e-16
12.811795234680176 2.5632087839664024e-16
12.824915885925293 1.4959440411128726e-15
12.838062286376953 1.534460667397555e-16
12.851236343383789 2.21369096149596e-15
12.864437103271484 1.878482966575991e-15
12.877665519714355 1.2717874124734219e-16
12.890920639038086 8.063670278055194e-17
12.904203414916992 2.806250065104447e-16
12.917512893676758 7.090589034431001e-16
12.930850982666016 5.728474822555769e-16
12.944215774536133 1.7636325781176984e-16
12.957608222961426 2.2625682036238814e-16
12.971029281616211 6.86223371641157e-16
12.984477043151855 1.9863888760068805e-16
12.997953414916992 3.76707474198187e-16
13.011458396911621 3.344322450891821e-16
13.02499008178711 7.326326773981345e-16
13.03855037689209 1.5842654106027198e-16
13.052139282226562 1.5770505427766852e-16
13.065756797790527 5.584046175928254e-16
13.079401969909668 1.8707879369479817e-16
13.093076705932617 5.789087706167898e-17
13.106779098510742 3.514320375218983e-16
13.12051010131836 1.0194392906529717e-16
13.134270668029785 4.983952978951736e-16
13.148059844970703 5.116683041786485e-16
13.161877632141113 2.009156062837892e-16
13.175724983215332 4.0689861364430686e-16
13.189600944519043 6.545531141457841e-17
13.203507423400879 5.3388387403765044e-17
13.21744155883789 1.673229016355043e-16
13.231406211853027 3.977173323614419e-16
13.245400428771973 2.4048191814835646e-16
13.259424209594727 2.248817417818596e-16
13.273477554321289 3.819592902294005e-16
13.28756046295166 2.668352307198059e-16
13.30167293548584 8.318417422175395e-17
13.315816879272461 1.6688241803315245e-16
13.329989433288574 3.7309977558737373e-16
13.344192504882812 2.5014693465344245e-16
13.358427047729492 2.877712646677516e-16
13.372690200805664 2.8177591252752647e-16
13.386984825134277 7.044434738530706e-16
13.401309967041016 3.46813008041843e-16
13.415666580200195 6.925617985947997e-17
13.430052757263184 5.135220357837145e-16
13.444470405578613 5.885533789218029e-16
13.458918571472168 9.975528195637576e-16
13.473398208618164 1.475015233414758e-16
13.487909317016602 2.692927644673662e-16
13.502450942993164 2.3076908663339796e-15
13.517024993896484 3.053176209915514e-15
13.53162956237793 5.268552872855629e-16
13.546266555786133 3.5170885847697283e-16
13.560934066772461 5.67788352984974e-17
13.575634956359863 2.712283935705199e-16
13.59036636352539 1.7786675452803602e-16
13.605130195617676 2.4180770999926665e-16
13.619926452636719 1.3102442964655432e-16
13.63475513458252 4.911407783392957e-16
13.649615287780762 6.512322817714042e-16
13.664508819580078 8.390626980928824e-17
13.679433822631836 1.925544911218828e-16
13.694392204284668 6.429613756183804e-16
13.709383010864258 6.785599469299921e-16
13.724407196044922 6.375148478884169e-17
13.739463806152344 7.75973897471259e-17
13.75455379486084 3.604201688230097e-16
13.76967716217041 3.534511258401361e-16
13.784832954406738 2.634723775703083e-16
13.800023078918457 1.5282279607436414e-15
13.815245628356934 1.163142731493849e-16
13.8305025100708 4.224362683913845e-16
13.845793724060059 4.861335430716019e-16
13.86111831665039 8.223484881122889e-17
13.876476287841797 5.802420534153273e-17
13.891868591308594 1.0542636606159032e-16
13.907295227050781 5.310671586157849e-16
13.92275619506836 1.475387795562652e-16
13.938251495361328 1.6899244327921192e-16
13.953782081604004 3.3447224092616025e-16
13.969346046447754 1.9927868864344066e-16
13.984946250915527 1.1386642734115878e-16
14.000579833984375 4.885243994443456e-16
14.016249656677246 2.9695667523623446e-16
14.031953811645508 4.742102308500176e-16
14.047693252563477 3.8183707925697945e-16
14.063467979431152 2.416027544958107e-16
14.079277992248535 3.864539382151074e-16
14.095124244689941 1.0382420324185881e-16
14.111005783081055 1.223106311412349e-16
14.126923561096191 1.9064645676396388e-16
14.142876625061035 3.3117802391516987e-16
14.158865928649902 1.9079578602558685e-16
14.17489242553711 9.169063494345327e-17
14.190954208374023 6.791883394977364e-17
14.207052230834961 4.262859749031402e-15
14.223187446594238 1.2289882934865402e-16
14.239358901977539 5.867057088962657e-17
14.25556755065918 8.898162637827598e-16
14.27181339263916 5.231136780597446e-16
14.288095474243164 2.985015309831283e-16
14.304415702819824 9.109727512901183e-17
14.320773124694824 1.0744560658106086e-16
14.337166786193848 5.349425461077101e-16
14.353599548339844 4.4549989028415545e-17
14.37006950378418 1.0604064758982894e-15
14.386576652526855 2.399909831460838e-16
14.403122901916504 4.0750723328668867e-16
14.419706344604492 2.8154181379672907e-16
14.436327934265137 2.754944485395866e-16
14.452988624572754 5.913251883625742e-16
14.469687461853027 7.773726267998617e-17
14.486424446105957 1.5619037407952062e-16
14.50320053100586 9.341312276380919e-17
14.520015716552734 1.5445484327526596e-16
14.536870002746582 8.493342298928719e-16
14.553763389587402 2.252986143408067e-16
14.570695877075195 4.691128924525596e-16
14.587668418884277 1.0856397462156726e-16
14.604680061340332 6.589691336511842e-17
14.621731758117676 1.4529856269923479e-16
14.638822555541992 1.213310375377353e-16
14.655953407287598 9.620749504471297e-16
14.673125267028809 8.0846634602573e-17
14.690337181091309 2.0139093735098667e-16
14.707589149475098 7.150610450817931e-17
14.724882125854492 4.475514040824054e-16
14.742215156555176 1.6952322853467495e-16
14.759589195251465 3.289261338853351e-16
14.77700424194336 1.4424632278561833e-16
14.794461250305176 4.133710041525138e-17
14.811958312988281 2.5536174593277275e-16
14.829497337341309 2.0515901635640663e-16
14.847078323364258 6.166891532167408e-17
14.864701271057129 1.538952191949269e-16
14.882365226745605 2.8095521701097586e-16
14.90007209777832 3.36966964714061e-16
14.91781997680664 1.893957729126735e-16
14.9356107711792 1.5550779787293166e-16
14.953444480895996 4.4054106824335316e-16
14.971320152282715 3.4160121431738727e-16
14.989239692687988 4.348180769003397e-17
15.007201194763184 2.9908032447785492e-15
15.025205612182617 5.5073241814972254e-17
15.043253898620605 2.4016218968054756e-16
15.061345100402832 4.9729191836736666e-17
15.079480171203613 8.883531202454964e-16
15.09765911102295 4.850346237016579e-17
15.11588191986084 6.798265920583823e-17
15.134148597717285 1.0921648115852869e-16
15.152459144592285 1.3873970865595892e-16
15.170814514160156 4.0023617011855975e-16
15.189214706420898 6.100814624300998e-16
15.207658767700195 8.745561579096958e-17
15.22614860534668 7.180840924356539e-17
15.244683265686035 4.736227076219783e-17
15.263262748718262 9.464463455373406e-16
15.28188705444336 4.2420124682544607e-17
15.300558090209961 4.2764357548819774e-17
15.319273948669434 2.1011402674894628e-16
15.338035583496094 2.294915862483931e-16
15.356843948364258 1.7261697666985187e-16
15.37569808959961 1.0721852234185791e-16
15.394598007202148 7.668454631033688e-17
15.413544654846191 1.1245844682458532e-16
15.432538986206055 1.1118093585166862e-16
15.451579093933105 1.9414907034975842e-16
15.470666885375977 9.549086811364439e-17
15.489801406860352 1.266610850025616e-16
15.508983612060547 1.7140867093570381e-16
15.528213500976562 4.914082819319505e-17
15.547491073608398 4.270894637394607e-17
15.566816329956055 4.88062170918051e-17
15.586190223693848 4.864314008840149e-17
15.605611801147461 5.380314568906648e-17
15.625082015991211 9.82637522274675e-16
15.644600868225098 5.3266126800507256e-17
15.664168357849121 5.0345050963839546e-17
15.683785438537598 4.247725970181487e-17
15.703451156616211 5.63983785388373e-17
15.723166465759277 6.462745582264554e-17
15.742931365966797 4.744414840795078e-17
15.762746810913086 1.6655809705858266e-16
15.782610893249512 4.8544421045376964e-17
15.802525520324707 4.791559834371415e-17
15.822490692138672 5.867477693760528e-16
15.842506408691406 8.571088673830333e-17
15.86257266998291 4.145159809389648e-16
15.882689476013184 4.9332350283503126e-17
15.902857780456543 5.043322510841525e-17
15.923077583312988 2.1935426946587404e-16
15.94334888458252 4.1516582064563134e-17
15.963671684265137 4.521353346347088e-17
15.98404598236084 4.9865210107942435e-17
16.004472732543945 1.4811382228322226e-15
16.024951934814453 8.360894139246728e-17
16.045482635498047 1.7177089663466324e-16
16.06606674194336 1.5198288879177861e-15
16.08670425415039 5.2544626783014003e-17
16.107393264770508 8.337641231960025e-16
16.128137588500977 6.779762221153257e-17
16.14893341064453 4.3826686418931417e-16
16.169784545898438 4.360473334650425e-17
16.190689086914062 4.617988886844718e-17
16.211647033691406 5.009924597301329e-17
16.2326602935791 1.115455041261228e-16
16.25372886657715 7.157202749427733e-17
16.274850845336914 2.8745341555429444e-16
16.29602813720703 1.7975817909925487e-16
16.317258834838867 2.3594081569944855e-16
16.338546752929688 1.0283403496140833e-16
16.35988998413086 8.541062679339148e-17
16.381290435791016 5.220198541223739e-17
16.40274429321289 4.564574195097474e-17
16.424257278442383 4.539051040988783e-17
16.445825576782227 6.966900254214804e-17
16.467449188232422 5.579345143070992e-17
16.489131927490234 4.0366622342102114e-17
16.5108699798584 5.3813945359143975e-17
16.53266716003418 4.0301119563755265e-17
16.554519653320312 4.23100335604587e-17
16.576431274414062 6.247836118189397e-17
16.59840202331543 4.450655542881161e-17
16.62042999267578 6.014283988340765e-17
16.64251708984375 4.56817441599555e-17
16.664661407470703 7.76332893857107e-17
16.686866760253906 5.139693684415383e-17
16.709129333496094 4.411623536752744e-17
16.73145294189453 5.049097555006125e-17
16.753835678100586 1.352451683529429e-16
16.77627944946289 1.2003659649378537e-15
16.798782348632812 4.179931570665621e-17
16.821346282958984 6.701575124421275e-17
16.843969345092773 3.750616560944474e-17
16.866655349731445 3.7768782219040525e-17
16.889402389526367 3.6308083827667835e-17
16.91221046447754 4.557276145989041e-17
16.93507957458496 3.532261062437421e-17
16.958009719848633 7.783939632457931e-17
16.98100471496582 7.381353475306333e-17
17.004060745239258 6.522956389924534e-17
17.027179718017578 3.862605897100068e-17
17.05035972595215 1.5018628955900488e-15
17.073604583740234 7.253382017099479e-17
17.096914291381836 1.340766652263819e-15
17.12028694152832 3.87160330605893e-17
17.143722534179688 3.797776443771837e-17
17.16722297668457 3.8197728306208474e-17
17.190786361694336 1.0390124353538955e-16
17.21441650390625 3.643729605679352e-17
17.23811149597168 4.423921727227937e-17
17.261871337890625 5.447664937869696e-17
17.28569793701172 4.5720085635708556e-17
17.309589385986328 3.5855582945376827e-17
17.333545684814453 3.794341658996272e-17
17.35757064819336 3.897591004799631e-17
17.38166046142578 5.113147804197331e-17
17.405818939208984 1.8497569029610455e-16
17.430044174194336 4.352103590340368e-17
17.454336166381836 4.3880809839027496e-17
17.478696823120117 3.527347278726611e-17
17.503124237060547 3.836709849971238e-17
17.527620315551758 4.98919545115075e-17
17.552186965942383 3.83494199956609e-17
17.576820373535156 3.557920205038816e-17
17.601524353027344 4.3293657187902656e-17
17.626296997070312 7.189687124699426e-16
17.651140213012695 3.620239661516316e-17
17.676054000854492 3.741600623139891e-17
17.70103645324707 3.568169303700593e-17
17.726091384887695 4.319291651546105e-17
17.751216888427734 3.755811586063552e-17
17.776412963867188 3.2702552430059447e-16
17.801681518554688 6.39903348450776e-17
17.8270206451416 3.5039731398493325e-17
17.852434158325195 4.2988986715964675e-17
17.877918243408203 4.036044826601002e-17
17.90347671508789 3.545862558685753e-17
17.929107666015625 3.544353781248456e-17
17.954811096191406 3.7047308671326874e-17
17.9805908203125 3.497556865273881e-17
18.00644302368164 4.044783162592012e-17
18.03236961364746 4.419814940922734e-17
18.05837059020996 4.337300366098119e-17
18.084447860717773 3.6782921895220225e-17
18.110599517822266 5.619961034636326e-17
18.13682746887207 3.580161768221387e-17
18.163131713867188 5.920158775566111e-17
18.189512252807617 3.486806495160897e-17
18.21596908569336 3.9811302909670764e-17
18.242504119873047 4.8584658419093994e-17
18.269115447998047 4.119912007163263e-17
18.295804977416992 3.4991199057593614e-17
18.322572708129883 3.553901761623033e-17
18.34941864013672 3.495277817250175e-17
18.3763427734375 4.943848748226103e-17
18.40334701538086 3.727484620550551e-17
18.430429458618164 5.936431072576254e-17
18.457592010498047 3.51657341668423e-17
18.48483657836914 3.5085107218175534e-17
18.51215934753418 3.5053631341506667e-17
18.53956413269043 9.07536113629981e-17
18.56705093383789 4.2990075285650794e-17
18.59461784362793 4.6881404202341154e-17
18.622268676757812 9.24013101445784e-16
18.649999618530273 3.423708827163107e-17
18.677814483642578 6.311115435049704e-17
18.705711364746094 5.726688509479348e-17
18.733694076538086 4.731339762288575e-17
18.76175880432129 3.6262092585609887e-17
18.789907455444336 3.6473116286039515e-17
18.81814193725586 3.565598426356778e-17
18.846460342407227 3.492377060278074e-17
18.87486457824707 3.797496525852549e-17
18.90335464477539 3.548020176595536e-17
18.931930541992188 3.913957600399605e-17
18.960594177246094 2.2044386088548645e-15
18.989343643188477 4.592091847099153e-17
19.018178939819336 5.235347526962035e-17
19.047103881835938 4.349077432787404e-17
19.07611656188965 4.089773185236526e-17
19.1052188873291 4.2190651545732596e-17
19.134408950805664 3.4069802573270797e-17
19.16368865966797 3.785937173100488e-17
19.193058013916016 3.4377520378585423e-17
19.222517013549805 3.805731936031127e-17
19.252065658569336 3.4040917426280445e-17
19.281707763671875 3.524699639021951e-17
19.311439514160156 4.96540739109495e-17
19.341264724731445 3.5794067177582483e-17
19.371179580688477 7.260992078734967e-17
19.40118980407715 5.502107649682221e-17
19.431291580200195 1.0517894641420836e-16
19.46148681640625 3.414738549728337e-17
19.491777420043945 3.401184699083288e-17
19.52216148376465 3.429153329954931e-17
19.552640914916992 4.515642160525777e-17
19.583215713500977 3.414484770716406e-17
19.6138858795166 3.748340159898728e-17
19.644651412963867 5.101926272007437e-17
19.675514221191406 3.383022790681829e-17
19.70647430419922 3.654170610243241e-17
19.737533569335938 3.3919871124161885e-17
19.768688201904297 3.457460443133231e-17
19.799943923950195 6.261270854826238e-17
19.831296920776367 6.350505775819479e-17
19.862749099731445 3.4352883631221144e-17
19.894302368164062 3.8120664851620583e-17
19.925954818725586 3.51665117166181e-17
19.95771026611328 3.406934596957267e-17
19.989564895629883 3.384926629579681e-17
20.021522521972656 3.455438151971661e-17
20.05358123779297 3.91044373715748e-17
20.085744857788086 3.463576285710203e-17
20.118009567260742 3.4585804456826276e-17
20.150379180908203 3.413679758544269e-17
20.18285369873047 3.3842820904463796e-17
20.21543312072754 4.4727038766726395e-17
20.24811553955078 3.403362169327773e-17
20.280906677246094 3.409423087112071e-17
20.31380271911621 3.461640352204584e-17
20.346805572509766 3.3688862740132976e-17
20.37991714477539 3.35667543381079e-17
20.413135528564453 3.431849938751854e-17
20.446462631225586 3.519312377128516e-17
20.47989845275879 3.3611607379642973e-17
20.513442993164062 3.455923210682862e-17
20.547100067138672 3.5661979668647566e-17
20.58086585998535 3.3834876661860836e-17
20.614744186401367 3.5208479552176593e-17
20.648733139038086 3.478425170322265e-17
20.68283462524414 3.884343210981227e-17
20.71704864501953 3.4101420725005024e-17
20.751375198364258 3.3822985113374774e-17
20.785818099975586 3.4084129341480215e-17
20.82037353515625 3.394287005391331e-17
20.855045318603516 3.428045238806355e-17
20.88983154296875 3.630740553956554e-17
20.924734115600586 1.2471223424449687e-16
20.959754943847656 3.5085266036853144e-17
20.994892120361328 3.391288971979194e-17
21.030147552490234 3.414616788742169e-17
21.065521240234375 3.37672397575336e-17
21.101015090942383 3.4384726776081985e-17
21.136627197265625 3.394618870253087e-17
21.172361373901367 4.793989429266606e-17
21.208215713500977 3.426483521809855e-17
21.244192123413086 3.4087831801902e-17
21.280288696289062 3.4946925042487326e-17
21.316511154174805 3.5229258329163925e-17
21.352855682373047 3.435240055774341e-17
21.389324188232422 3.40222595403837e-17
21.425918579101562 3.4049324890026434e-17
21.462636947631836 3.7774999308524474e-17
21.499483108520508 3.410308170367503e-17
21.536453247070312 3.4422151735716335e-17
21.57355308532715 6.820699720540751e-17
21.610780715942383 6.973684088149804e-15
21.648136138916016 7.869714820908332e-16
21.68562126159668 3.444966640986781e-16
21.723237991333008 3.796613427830588e-17
21.760982513427734 5.471280282613595e-17
21.798860549926758 1.5161012017960384e-15
21.836870193481445 9.341436022600557e-17
21.87501335144043 3.6114037182130245e-17
21.913288116455078 3.7034222674036285e-17
21.951698303222656 4.055721468140168e-17
21.990243911743164 3.50050295174355e-17
22.0289249420166 2.2665947864968915e-16
22.06774139404297 5.255085710738775e-17
22.1066951751709 5.969458343027577e-15
22.14578628540039 2.0381734263773542e-16
22.185016632080078 3.5728392345668223e-17
22.22438621520996 3.5430941506116605e-17
22.26389503479004 3.5599242982269094e-17
22.303544998168945 4.334797648436779e-17
22.343338012695312 3.5677878080020835e-17
22.383270263671875 3.6135573656558676e-17
22.42334747314453 3.5690974003478774e-17
22.46356773376465 3.5593320369083214e-17
22.50393295288086 3.5397275255185696e-17
22.544445037841797 3.519172418168872e-17
22.585100173950195 3.5561520237614225e-17
22.625904083251953 3.546596764197455e-17
22.666854858398438 3.5395220538544115e-17
22.70795440673828 3.552724518175248e-17
22.749204635620117 4.1140813764614995e-17
22.790603637695312 4.0868916188546364e-17
22.8321533203125 3.563900059123084e-17
22.873855590820312 4.4740779891062126e-17
22.91571044921875 3.556934536620898e-17
22.957717895507812 4.8437416961337104e-17
22.999879837036133 4.651024164404371e-17
23.04219627380371 4.0798599219034456e-17
23.084671020507812 3.576326297157101e-17
23.127300262451172 5.658017298514176e-17
23.170087814331055 3.657019089400629e-17
23.213035583496094 3.6538321279365845e-17
23.256141662597656 7.820059631957917e-17
23.299407958984375 3.611146961350888e-17
23.342836380004883 3.623529855120807e-17
23.386425018310547 3.6531485458783707e-17
23.430179595947266 3.6040715892633545e-17
23.474096298217773 4.1440150575963234e-17
23.518178939819336 4.9143425540318464e-17
23.56242561340332 4.359045620913158e-17
23.606840133666992 3.615372199919809e-17
23.65142250061035 3.617434857495271e-17
23.69617462158203 3.678984374258607e-17
23.7410945892334 3.7272099965871835e-17
23.78618621826172 1.157930567192479e-16
23.831449508666992 3.7469564521700494e-17
23.87688636779785 3.7575327834821524e-17
23.922494888305664 3.650715973132975e-17
23.968278884887695 3.647463168092171e-17
24.014238357543945 3.639908362121602e-17
24.060375213623047 3.636216489611655e-17
24.106687545776367 3.719686954352136e-17
24.153181076049805 3.665009654117891e-17
24.199851989746094 3.9830199023583926e-17
24.2467041015625 3.682840028529839e-17
24.293739318847656 4.322942826769914e-17
24.340957641601562 3.655878903644286e-17
24.388357162475586 3.6710040665809403e-17
24.435943603515625 3.758134309223601e-17
24.48371696472168 3.6434579595661894e-17
24.531675338745117 3.9707104622268685e-17
24.579824447631836 3.79376097820626e-17
24.62816047668457 3.72146241481892e-17
24.676687240600586 3.7716517639216975e-17
24.725406646728516 4.299136568740638e-17
24.77431869506836 6.665343554800268e-16
24.82342529296875 5.2168702973110704e-17
24.872726440429688 4.905213457919466e-17
24.922222137451172 2.672926549811028e-16
24.9719181060791 5.145330093109319e-17
25.02181053161621 3.94133463169715e-17
25.071903228759766 4.208400149499491e-17
25.122196197509766 3.9333989917725615e-17
25.172693252563477 3.752547200494173e-17
25.223392486572266 3.863557485676749e-17
25.274295806884766 4.1096543058231157e-17
25.32540512084961 6.157907027226102e-17
25.37672233581543 3.327586469517505e-17
25.42824935913086 3.9406047275246335e-17
25.479984283447266 3.3390756773536215e-17
25.53192901611328 4.8584698123763396e-17
25.584087371826172 4.410669632070348e-17
25.636459350585938 4.9407534383739295e-17
25.68904685974121 6.427630772644943e-17
25.741849899291992 3.455903358348161e-17
25.79486846923828 3.389401345821348e-17
25.848108291625977 7.137105569265145e-17
25.901567459106445 3.334171819810162e-17
25.955249786376953 3.4631028075275775e-17
26.009153366088867 9.707514397981005e-17
26.063282012939453 3.549111393259616e-17
26.11763572692871 3.7806663782373004e-17
26.172216415405273 3.3394048952374176e-17
26.227025985717773 3.432190406291981e-17
26.282066345214844 3.341278955633218e-17
26.337337493896484 1.527893250380578e-16
26.392841339111328 3.317560709621117e-17
26.44858169555664 3.750291313527618e-17
26.50455665588379 3.31643144264886e-17
26.560768127441406 3.320614329570418e-17
26.617219924926758 3.5401606372873024e-17
26.67391014099121 3.3736240336897563e-17
26.730844497680664 3.2824015631206734e-17
26.788021087646484 3.297153502164944e-17
26.845443725585938 3.765639153485172e-17
26.903112411499023 3.526381793515639e-17
26.961030960083008 2.1010269768327675e-16
27.019197463989258 1.209579592291392e-16
27.07761573791504 3.436857359308005e-17
27.136287689208984 3.5755424608086456e-17
27.195215225219727 3.524617913577431e-17
27.254398345947266 3.273025305441262e-17
27.313838958740234 3.4377725519377337e-17
27.3735408782959 3.3689157216431045e-17
27.433504104614258 3.4673753608275364e-17
27.493728637695312 3.583877463532975e-17
27.55422019958496 3.495444907733911e-17
27.614978790283203 3.313653108407417e-17
27.67600440979004 3.263492876062201e-17
27.737300872802734 3.2843235999920016e-17
27.798870086669922 3.605387137309559e-17
27.8607120513916 3.5375907525602227e-17
27.92283058166504 3.869062538089412e-17
27.985227584838867 3.9936581067803145e-17
28.047903060913086 3.377828096434996e-17
28.11086082458496 3.505149721552628e-17
28.174100875854492 3.361995859510731e-17
28.237625122070312 3.4396423109943485e-17
28.301437377929688 3.446206154591079e-17
28.36553955078125 3.595715410715344e-17
28.429931640625 3.74875672805521e-17
28.494617462158203 7.747329677337518e-16
28.559598922729492 3.498923367645819e-17
28.624876022338867 3.4297187906216724e-17
28.690452575683594 3.392504927479647e-17
28.756330490112305 1.3614276916714828e-15
28.822513580322266 1.1215606929730534e-16
28.888999938964844 7.73727076404218e-17
28.955793380737305 3.382867942471159e-17
29.022897720336914 3.7042616902892473e-17
29.090312957763672 2.18280536091221e-16
29.15804100036621 3.613159657217352e-17
29.22608757019043 3.492873368645606e-17
29.294450759887695 3.252619752346314e-17
29.363134384155273 3.2773468278334843e-17
29.43214225769043 4.7444856474555125e-17
29.501474380493164 1.2138870459957557e-15
29.57113265991211 5.4502652628433176e-17
29.641122817993164 4.056198585917489e-17
29.711444854736328 3.2584252367574563e-17
29.782100677490234 3.3109839620068307e-17
29.853092193603516 3.6724734702210795e-17
29.92442512512207 3.2407050428031003e-17
29.9960994720459 3.24998435491472e-17
30.068117141723633 3.360627371905323e-17
30.14048194885254 3.495913091960616e-17
30.21319580078125 3.2742005636555776e-17
30.2862606048584 3.406504132166494e-17
30.35968017578125 4.011586419376789e-17
30.433456420898438 2.600860192565244e-16
30.507593154907227 3.754720038527227e-17
30.582090377807617 3.486662896606558e-17
30.656953811645508 3.481794111521071e-17
30.7321834564209 3.487661799914277e-17
30.807783126831055 3.463188503439038e-17
30.883756637573242 5.610202950386161e-17
30.960105895996094 5.1615286056088227e-17
31.036832809448242 5.263882280244909e-17
31.113941192626953 4.2277862852075287e-17
31.19143295288086 3.5377313732643567e-17
31.26931381225586 4.6405325363869934e-17
31.34758186340332 3.8649203484539916e-17
31.426244735717773 3.6125740133436646e-17
31.50530242919922 4.606898710936097e-17
31.584758758544922 3.2483971607553535e-17
31.66461753845215 4.086212999880098e-17
31.74488067626953 3.875096986094109e-17
31.825551986694336 3.388669787287606e-17
31.906635284423828 3.4330880626927233e-17
31.98813247680664 3.592113866328288e-17
32.070045471191406 5.597940824985675e-17
32.152381896972656 6.505066127636237e-17
32.235137939453125 3.294795375674678e-17
32.31832504272461 3.572868682196629e-17
32.401939392089844 8.309529531929635e-17
32.48598861694336 3.599184606204391e-17
32.57047653198242 5.47635321587426e-17
32.65540313720703 4.0155562245725534e-17
32.74077606201172 1.0151788472771806e-16
32.826595306396484 3.904232272501697e-17
32.912864685058594 3.3517285628754777e-17
32.99959182739258 3.713587655387415e-17
33.08677291870117 3.249729914158299e-17
33.17441940307617 3.4594532866649935e-17
33.26253128051758 3.404927195046723e-17
33.35110855102539 4.0397522501064645e-17
33.440162658691406 1.5819245556436437e-16
33.529693603515625 5.879669938942865e-17
33.61970138549805 4.369551145564827e-17
33.71019744873047 4.623794463900089e-15
33.80118179321289 9.485597721500789e-17
33.89265823364258 5.987894941566853e-17
33.9846305847168 5.776190967801462e-17
34.07710266113281 3.6845956366619216e-17
34.170082092285156 7.717200053659193e-17
34.26356506347656 7.029375551519709e-17
34.357566833496094 5.997265243545854e-17
34.452083587646484 3.378764464888406e-17
34.547119140625 5.749433329346596e-17
34.64268493652344 3.423393175041357e-17
34.73877716064453 4.885989449611489e-17
34.83540725708008 3.403492863864556e-17
34.93257522583008 3.5354371712918286e-16
35.0302848815918 9.019378875931201e-17
35.128543853759766 3.836649300350399e-17
35.22735595703125 1.4744608238810006e-16
35.326725006103516 4.649389324641721e-17
35.426658630371094 4.9573496593119485e-17
35.527156829833984 1.0978935336355841e-16
35.62822723388672 7.81823454065438e-17
35.72987365722656 9.495508006983664e-17
35.83210372924805 3.598756126647089e-17
35.93491744995117 3.8084973662550145e-17
36.038326263427734 3.463154092725556e-17
36.142330169677734 3.620119554891373e-17
36.2469367980957 3.7749922501074316e-17
36.352149963378906 4.885932539585345e-17
36.457977294921875 3.925748894595426e-17
36.56441879272461 5.564822498492521e-17
36.671485900878906 3.8989843078234153e-17
36.77918243408203 4.0570522363096435e-17
36.88751220703125 4.346550230579932e-17
36.996482849121094 4.663219122739118e-17
37.106101989746094 3.7062115204291573e-17
37.21636962890625 4.664875469197694e-17
37.327293395996094 5.1978894801031836e-17
37.438880920410156 1.2576758435721652e-16
37.55113983154297 6.523971505972259e-17
37.6640739440918 5.014842682351324e-17
37.777687072753906 5.298387954061436e-17
37.89198684692383 3.952550539058879e-17
38.00698471069336 3.5191830060807126e-17
38.1226806640625 7.201194861381264e-17
38.23908233642578 7.869339082386886e-17
38.356197357177734 5.053631497379651e-17
38.474029541015625 4.4861323267368254e-17
38.592594146728516 5.22622670265578e-17
38.71188735961914 4.8545502997618184e-17
38.8319206237793 4.542919599277571e-17
38.952701568603516 1.9282044623243085e-16
39.07423400878906 1.0136659008495966e-16
39.196529388427734 1.0018083660303225e-16
39.3195915222168 7.42341660207139e-17
39.44342803955078 4.32966979038344e-17
39.568050384521484 4.2698560294174856e-17
39.69346237182617 6.258553070205634e-17
39.81966781616211 4.56474922651509e-17
39.94668197631836 4.074525930441459e-17
40.07450866699219 4.4776017785156885e-17
40.203155517578125 1.6599611716785903e-15
40.3326301574707 1.201781198174038e-16
40.46294021606445 6.467554479473692e-17
40.59409713745117 5.059549147481855e-17
40.72610855102539 1.237925285173461e-16
40.858978271484375 6.178195451546313e-17
40.99271774291992 4.517196598332887e-17
41.12733840942383 3.572378660401753e-17
41.26284408569336 5.690717402489622e-17
41.39924621582031 8.44969098538756e-17
41.536556243896484 1.745237484192838e-15
41.674774169921875 4.790834562410329e-17
41.81391906738281 6.251428067281347e-17
41.95399475097656 6.716085857598925e-17
42.09501266479492 5.269225205257512e-17
42.23698425292969 6.087797183739578e-17
42.379913330078125 6.193515498235285e-17
42.52381134033203 4.996729412169883e-16
42.66869354248047 4.798890639832105e-17
42.8145637512207 5.577048227946055e-17
42.9614372253418 5.909769387072445e-17
43.10932159423828 5.488208699285615e-17
43.25822830200195 1.054994358881808e-16
43.408164978027344 4.8024511560607785e-17
43.559146881103516 6.241244481324084e-17
43.711177825927734 1.0048613904095822e-16
43.864280700683594 3.199207972274826e-16
44.018455505371094 1.635139003508201e-16
44.1737174987793 1.1340385470772933e-16
44.330081939697266 1.297339617165226e-16
44.487552642822266 1.089202710898959e-16
44.646148681640625 1.5815905070250703e-16
44.80588150024414 5.32231200260994e-17
44.966758728027344 5.022234037432853e-17
45.1287956237793 6.162423433370642e-17
45.29200744628906 1.325966551455563e-16
45.45640182495117 6.142209124433316e-17
45.62199401855469 5.872390749552399e-17
45.788795471191406 5.72172807278199e-17
45.95682144165039 6.238095239295973e-17
46.1260871887207 6.038979630964658e-17
46.29660415649414 2.1451752604859477e-16
46.468387603759766 1.0036234649920598e-16
46.641448974609375 8.956921445727527e-17
46.81580352783203 8.619626970430454e-17
46.9914665222168 1.2737775428527755e-16
47.168453216552734 2.8102038560835524e-16
47.346778869628906 3.5796144393536726e-16
47.52645492553711 1.7725846575789922e-16
47.70750427246094 1.7324203404536634e-16
47.88993453979492 8.324414812488649e-17
48.073768615722656 6.554224478823529e-17
48.25901794433594 9.920343999123959e-17
48.445701599121094 1.1162225325207791e-16
48.63383483886719 8.896774165538591e-17
48.82343292236328 1.9507471854242976e-16
49.01451873779297 5.340717432983735e-17
49.20710372924805 3.4623054054170764e-16
49.401206970214844 1.5455762542945935e-16
49.59684753417969 5.897913572788845e-17
49.79404830932617 2.700428650817191e-16
49.992820739746094 6.586483860968607e-17
50.19318389892578 1.0265228021977328e-16
50.395164489746094 9.75985309318744e-17
50.59877395629883 6.25490421108754e-16
50.80403518676758 1.5564305844669634e-16
51.01097106933594 8.152328157853117e-17
51.21959686279297 1.2763259208839288e-16
51.429935455322266 9.822970944392177e-17
51.64201354980469 1.0182371656123606e-16
51.85584259033203 4.03796355474988e-17
52.07145309448242 8.662416692645577e-17
52.28886413574219 9.817183327082266e-17
52.508094787597656 1.969832425912713e-16
52.72917556762695 3.0723637296323106e-16
52.952125549316406 2.791771360360115e-16
53.17696762084961 1.1565373303431436e-16
53.403724670410156 6.174773570788303e-17
53.63242721557617 7.943380349888753e-17
53.86309814453125 1.1300177875557955e-16
54.095760345458984 2.962041129323786e-16
54.330440521240234 1.6982391199606042e-16
54.56716537475586 1.6237216611237032e-16
54.805965423583984 9.87777662305749e-17
55.04685974121094 1.3534934017056538e-16
55.28988265991211 1.4000887106038924e-15
55.535064697265625 8.800340787982669e-17
55.78242874145508 5.2715899491926783e-17
56.032005310058594 1.547813480066529e-16
56.2838249206543 5.572570202981938e-17
56.53791809082031 8.538925906380801e-17
56.79431915283203 9.078925292123178e-17
57.05305099487305 2.1578098156854297e-16
57.31415557861328 2.431562393908547e-16
57.577659606933594 5.028287014283271e-17
57.843597412109375 2.231361921660257e-16
58.112003326416016 1.5415925524645381e-16
58.382911682128906 7.763209162818372e-17
58.65635681152344 7.147309669301599e-17
58.932376861572266 4.448170692321052e-17
59.21100616455078 2.496391913411227e-16
59.492286682128906 7.539980908758892e-17
59.776248931884766 6.010637114456141e-17
60.06293487548828 1.619071847289971e-16
60.35238265991211 1.2866041363032677e-16
60.64463424682617 4.6878148419450145e-17
60.93973159790039 1.1040194611985845e-15
61.23771286010742 1.2909897817365749e-16
61.53862380981445 3.0189013922817833e-16
61.84251022338867 2.14932929534774e-16
62.14940643310547 7.243222253943858e-17
62.45936965942383 1.1261813900492236e-16
62.77243423461914 2.0096039315087527e-16
63.08865737915039 1.6180785688104174e-16
63.4080810546875 3.544774386046327e-16
63.73075485229492 3.319384212737878e-16
64.05673217773438 1.35290484615621e-16
64.38606262207031 1.0521954443867246e-16
64.71878814697266 1.6746573256623505e-16
65.05497741699219 1.0825750751333881e-16
65.3946762084961 2.5712616850146267e-16
65.73794555664062 1.863132347291579e-16
66.08483123779297 5.4894316031032134e-17
66.4354019165039 8.368699415506778e-17
66.78971099853516 1.09219717089085e-16
67.14781951904297 1.5946917244389301e-16
67.5097885131836 2.1496937842128554e-16
67.87567901611328 1.4782718103991549e-16
68.24555969238281 1.225148190210824e-16
68.61949157714844 1.9897592730435646e-16
68.99754333496094 1.0297951287009926e-16
69.3797836303711 1.1459177871158408e-16
69.76628875732422 4.3575175867112013e-16
70.15711975097656 1.0111696682842586e-16
70.55235290527344 7.7943753430659e-17
70.95207214355469 1.296218092603502e-16
71.35633850097656 5.971068102674054e-17
71.7652359008789 7.152530171583544e-17
72.1788558959961 3.620299019997073e-16
72.5972671508789 8.383194928561157e-17
73.02055358886719 1.5339655501701052e-16
73.44880676269531 1.0657708017276999e-16
73.88211822509766 3.5786606008457255e-17
74.32057189941406 6.820749351377505e-17
74.76425170898438 2.9287294410906427e-16
75.21327209472656 1.255721579744172e-16
75.66770935058594 1.3589927631157023e-16
76.12767791748047 1.509830537478176e-16
76.59326934814453 2.4354508045320363e-16
77.06459045410156 6.86482881360372e-17
77.54175567626953 2.3642778023478096e-16
78.02485656738281 2.1740189822712228e-16
78.51402282714844 1.2661325411082134e-16
79.00935363769531 7.305753799530416e-17
79.51097869873047 6.539596616871141e-17
80.01901245117188 1.3078482520159976e-16
80.53358459472656 9.353788806996179e-17
81.05481719970703 5.244775069839424e-17
81.58283233642578 1.8270757429137395e-16
82.11778259277344 1.2968148537846223e-16
82.6597900390625 2.383144667154511e-16
83.20899963378906 1.6213928499143459e-16
83.76555633544922 2.241922834325742e-16
84.32960510253906 1.646665136686862e-16
84.90130615234375 1.9260950855878493e-16
85.4808120727539 1.1192193086183853e-16
86.06828308105469 7.957460949147875e-17
86.66387939453125 1.3141926611398303e-16
87.26778411865234 1.2336431365783966e-16
87.88015747070312 2.090959063812364e-16
88.50119018554688 1.1036601736451608e-16
89.13106536865234 9.580050497798014e-17
89.76996612548828 1.3582887993271952e-16
90.41809844970703 2.0287840661570403e-16
91.07565307617188 1.0651057485152072e-16
91.74283599853516 6.941939252050404e-17
92.41987609863281 5.39344821180052e-17
93.10697937011719 4.221346849574926e-17
93.80437469482422 2.653582170180312e-16
94.51229858398438 4.864453306055303e-17
95.23099517822266 1.0377502900880376e-16
95.960693359375 1.8688459815675032e-16
96.70166778564453 2.5016726344417655e-16
97.45417785644531 1.5818125884759285e-16
98.2184829711914 2.711754540113165e-16
98.99488067626953 8.538659885095804e-17
99.78364562988281 6.125763450366781e-17
100.58507537841797 1.0307160785077846e-16
101.39949035644531 9.463430604573348e-17
102.22720336914062 1.287935301519437e-16
103.06853485107422 1.364526667588131e-16
103.92383575439453 3.071512196822524e-16
104.79344940185547 1.4386436386596584e-16
105.677734375 9.261008920769781e-17
106.57707977294922 7.406676451706786e-17
107.49185180664062 6.978586000164463e-17
108.42247772216797 7.282542449797688e-17
109.36934661865234 4.0940245627128037e-17
110.3329086303711 4.022223300309731e-17
111.31359100341797 6.086175247994484e-17
112.31187438964844 6.1262008634747e-17
113.32821655273438 5.106096916655929e-17
114.36312866210938 5.668728956574493e-17
115.41710662841797 1.1741650124177916e-16
116.4906997680664 1.0247952520320281e-16
117.58445739746094 8.113101929716873e-17
118.69894409179688 7.668722637552155e-17
119.83476257324219 6.316585415004394e-17
