# wave,continuum_fit LyA_intrinsic_profile_bestfit LyA_intrinsic_lower_errorbar_1sig LyA_intrinsic_upper_errorbar_1sig
1.214029433571180562e+03 -2.400275912854012841e-16 1.908080038583404339e-16 1.605625831636145127e-16 2.189830986400746189e-16
1.214082804499212443e+03 -2.400035479690148917e-16 2.535880060235693681e-16 2.134888545261985570e-16 2.909376447294918848e-16
1.214136175081525835e+03 -2.399795048083728641e-16 2.875983832944910298e-16 2.422688765777948745e-16 3.297918966736668056e-16
1.214189545318127330e+03 -2.399554618034721938e-16 3.192895017618338094e-16 2.691528922212816047e-16 3.659208606986916690e-16
1.214242915209023067e+03 -2.399314189543101197e-16 3.527891776423013464e-16 2.976520970639650054e-16 4.040388953618294996e-16
1.214296284754219869e+03 -2.399073762608833878e-16 3.893171546375095916e-16 3.288317174575977867e-16 4.455438669226818414e-16
1.214349653953725010e+03 -2.398833337231891385e-16 4.303836467979153604e-16 3.641424699839056456e-16 4.921066522490036239e-16
1.214403022807544630e+03 -2.398592913412240684e-16 4.777309165838751300e-16 4.053869540500641230e-16 5.455969046481640880e-16
1.214456391315686005e+03 -2.398352491149855643e-16 5.334047260696451835e-16 4.542048585850244121e-16 6.081759615616365340e-16
1.214509759478155274e+03 -2.398112070444701259e-16 5.996527217179522837e-16 5.131984523120221569e-16 6.826070425249502925e-16
1.214563127294959486e+03 -2.397871651296752384e-16 6.797821789421101881e-16 5.853560071267799848e-16 7.720645315956382611e-16
1.214616494766105006e+03 -2.397631233705976480e-16 7.780715473373674074e-16 6.747286559104947433e-16 8.814216950618355753e-16
1.214669861891599339e+03 -2.397390817672339033e-16 9.003136022850249236e-16 7.862513532739471541e-16 1.017307810124311815e-15
1.214723228671448169e+03 -2.397150403195818349e-16 1.054880136403746102e-15 9.263420503559971559e-16 1.188621022177488999e-15
1.214776595105659453e+03 -2.396909990276374987e-16 1.253659998889442153e-15 1.107532396665554802e-15 1.408834004275885570e-15
1.214829961194238422e+03 -2.396669578913985278e-16 1.516299878314732811e-15 1.348184629181165440e-15 1.698897348021600688e-15
1.214883326937193033e+03 -2.396429169108617670e-16 1.873686129007384003e-15 1.676478622140831068e-15 2.092869203338957292e-15
1.214936692334529198e+03 -2.396188760860240608e-16 2.371562740376905636e-15 2.130054473255526754e-15 2.643601434527788988e-15
1.214990057386254193e+03 -2.395948354168823524e-16 3.073798315843711075e-15 2.754757407737850923e-15 3.445789381303748487e-15
1.215043422092374158e+03 -2.395707949034338806e-16 4.080714194414502736e-15 3.594526712537396598e-15 4.676859356397836429e-15
1.215096786452896595e+03 -2.395467545456752930e-16 5.555875967395569215e-15 4.731453242438691906e-15 6.585913261402588346e-15
1.215150150467827416e+03 -2.395227143436037298e-16 7.686449632972730972e-15 6.287881148743225183e-15 9.530501613495278053e-15
1.215203514137174125e+03 -2.394986742972162329e-16 1.068163073133672308e-14 8.312288556527318614e-15 1.401755156040003972e-14
1.215256877460942633e+03 -2.394746344065095481e-16 1.467053222008967235e-14 1.073911067994053661e-14 2.059234431204122775e-14
1.215310240439139989e+03 -2.394505946714808651e-16 1.943907182607111792e-14 1.329519376061396720e-14 2.938923529974883648e-14
1.215363603071773014e+03 -2.394265550921272259e-16 2.403507578382545241e-14 1.547981737165734039e-14 3.903932375755083814e-14
1.215416965358848529e+03 -2.394025156684451789e-16 2.692295832827218899e-14 1.674037861545786939e-14 4.577079519789863769e-14
1.215470327300372674e+03 -2.393784764004322099e-16 2.688023767327480888e-14 1.672592392211637844e-14 4.564069558338562642e-14
1.215523688896352951e+03 -2.393544372880850153e-16 2.392398989945574128e-14 1.543993916858987478e-14 3.875625982078469416e-14
1.215577050146795500e+03 -2.393303983314006371e-16 1.930093918475714854e-14 1.323217973912313183e-14 2.909449936379472058e-14
1.215630411051707370e+03 -2.393063595303759690e-16 1.455462296574214307e-14 1.066424436775778743e-14 2.037017482688037476e-14
1.215683771611094926e+03 -2.392823208850083486e-16 1.059101905038764630e-14 8.236289941333031733e-15 1.387945419685466364e-14
1.215737131824964763e+03 -2.392582823952943247e-16 7.621052242489081619e-15 6.222520029309579452e-15 9.455809423694920568e-15
1.215790491693324384e+03 -2.392342440612308405e-16 5.511098209304719577e-15 4.680092609486644242e-15 6.546893159438573604e-15
1.215843851216179473e+03 -2.392102058828153321e-16 4.052132302391284530e-15 3.555738053240332180e-15 4.658995836861634561e-15
1.215897210393537762e+03 -2.391861678600443482e-16 3.055896778506340002e-15 2.725117715628832988e-15 3.440372984756056782e-15
1.215950569225405388e+03 -2.391621299929150294e-16 2.358543100725807742e-15 2.107026849412573167e-15 2.642979170184696355e-15
1.216003927711789174e+03 -2.391380922814241707e-16 1.864071076822581612e-15 1.660612739593358650e-15 2.092143034228054598e-15
1.216057285852696168e+03 -2.391140547255691098e-16 1.509517253865832218e-15 1.337299450903331286e-15 1.698693960503703737e-15
1.216110643648132054e+03 -2.390900173253465927e-16 1.248569823088930543e-15 1.099767572302258568e-15 1.408971987043281024e-15
1.216164001098104563e+03 -2.390659800807535132e-16 1.050984571637129285e-15 9.208510042982283339e-16 1.188605431226522745e-15
1.216217358202619835e+03 -2.390419429917871103e-16 8.976522717362661756e-16 7.824079994126387157e-16 1.016651157749565665e-15
1.216270714961684689e+03 -2.390179060584443271e-16 7.757435205047015878e-16 6.721729291990156828e-16 8.809489602383861105e-16
1.216324071375306175e+03 -2.389938692807218111e-16 6.779520827453297477e-16 5.832749181066754629e-16 7.715181479301784734e-16
1.216377427443491115e+03 -2.389698326586168011e-16 5.981326459922581737e-16 5.115684136826851556e-16 6.820154139871277663e-16
1.216430783166245192e+03 -2.389457961921262404e-16 5.320787495372997381e-16 4.528020894710600856e-16 6.076823139599874991e-16
1.216484138543576137e+03 -2.389217598812471707e-16 4.766803510651829288e-16 4.042949314673869990e-16 5.451422099477763389e-16
1.216537493575490544e+03 -2.388977237259763380e-16 4.297501957153599206e-16 3.635294110855132026e-16 4.920581958547076004e-16
1.216590848261994552e+03 -2.388736877263110799e-16 3.896031497289387007e-16 3.288762336361357373e-16 4.464531227346253936e-16
1.216644202603095209e+03 -2.388496518822480437e-16 3.548960091696271502e-16 2.992064379779115446e-16 4.069559334344147677e-16
1.216697556598799338e+03 -2.388256161937843697e-16 3.246568365361821325e-16 2.734891303757392234e-16 3.725092072864626077e-16
1.216750910249113531e+03 -2.388015806609170012e-16 2.981623334073049893e-16 2.509779815607917280e-16 3.422954344147466032e-16
1.216804263554044155e+03 -2.387775452836431279e-16 2.747935481799973376e-16 2.311606055936069181e-16 3.156195782182504253e-16
1.216857616513598714e+03 -2.387535100619592491e-16 2.540882859244190257e-16 2.136246160049858330e-16 2.919564218955044360e-16
1.216910969127783119e+03 -2.387294749958626039e-16 2.356470927966281916e-16 1.980253835037896614e-16 2.708704507393348070e-16
1.216964321396604419e+03 -2.387054400853504312e-16 2.191525680012877044e-16 1.840891182634464798e-16 2.520096419639313390e-16
1.217017673320069889e+03 -2.386814053304192304e-16 2.043327800002778778e-16 1.715699849192641519e-16 2.350464261946082046e-16
1.217071024898185215e+03 -2.386573707310663886e-16 1.909635571358812577e-16 1.602862918284517481e-16 2.197292980190512236e-16
1.217124376130957444e+03 -2.386333362872885036e-16 1.788298693501210653e-16 1.500543856274205131e-16 2.058207514609174173e-16
1.217177727018393625e+03 -2.386093019990829625e-16 1.677132211174807401e-16 1.406818763953857412e-16 1.930705661403876255e-16
1.217231077560500580e+03 -2.385852678664462152e-16 1.573507388140217798e-16 1.319522477135325124e-16 1.811753424569927510e-16
1.217284427757283993e+03 -2.385612338893759940e-16 1.474064940888361985e-16 1.235848154454090349e-16 1.697614124595571855e-16
1.217337777608751594e+03 -2.385372000678686009e-16 1.375124627485067557e-16 1.152627933656834722e-16 1.583963206770435620e-16
1.217391127114909523e+03 -2.385131664019213735e-16 1.273349220389591102e-16 1.067095578251089118e-16 1.466944477180193483e-16
1.217444476275765055e+03 -2.384891328915310086e-16 1.150852221323215067e-16 9.642646807896710993e-17 1.326022621806822815e-16
1.217497825091324557e+03 -2.384650995366947943e-16 8.811869454757981859e-17 7.382127310156126816e-17 1.015434767240720101e-16
