1.210000000000000000e+03 1.191998853741730866e-16
1.210009999999999991e+03 1.196207493950543207e-16
1.210019999999999982e+03 1.200438450384165864e-16
1.210029999999999973e+03 1.204691881007108114e-16
1.210039999999999964e+03 1.208967945183231706e-16
1.210049999999999955e+03 1.213266803690654906e-16
1.210059999999999945e+03 1.217588618736821716e-16
1.210069999999999936e+03 1.221933553973776685e-16
1.210079999999999927e+03 1.226301774513611789e-16
1.210089999999999918e+03 1.230693446944126557e-16
1.210099999999999909e+03 1.235108739344666669e-16
1.210109999999999900e+03 1.239547821302176290e-16
1.210119999999999891e+03 1.244010863927433076e-16
1.210129999999999882e+03 1.248498039871515642e-16
1.210139999999999873e+03 1.253009523342443355e-16
1.210149999999999864e+03 1.257545490122060908e-16
1.210159999999999854e+03 1.262106117583111250e-16
1.210169999999999845e+03 1.266691584706535549e-16
1.210179999999999836e+03 1.271302072098997489e-16
1.210189999999999827e+03 1.275937762010621549e-16
1.210199999999999818e+03 1.280598838352952900e-16
1.210209999999999809e+03 1.285285486717167274e-16
1.210219999999999800e+03 1.289997894392496286e-16
1.210229999999999791e+03 1.294736250384888930e-16
1.210239999999999782e+03 1.299500745435924022e-16
1.210249999999999773e+03 1.304291572041952158e-16
1.210259999999999764e+03 1.309108924473501938e-16
1.210269999999999754e+03 1.313952998794912992e-16
1.210279999999999745e+03 1.318823992884247808e-16
1.210289999999999736e+03 1.323722106453440973e-16
1.210299999999999727e+03 1.328647541068733868e-16
1.210309999999999718e+03 1.333600500171334697e-16
1.210319999999999709e+03 1.338581189098401438e-16
1.210329999999999700e+03 1.343589815104250622e-16
1.210339999999999691e+03 1.348626587381874005e-16
1.210349999999999682e+03 1.353691717084721728e-16
1.210359999999999673e+03 1.358785417348780811e-16
1.210369999999999663e+03 1.363907903314931222e-16
1.210379999999999654e+03 1.369059392151616015e-16
1.210389999999999645e+03 1.374240103077792742e-16
1.210399999999999636e+03 1.379450257386199680e-16
1.210409999999999627e+03 1.384690078466915893e-16
1.210419999999999618e+03 1.389959791831257561e-16
1.210429999999999609e+03 1.395259625135973326e-16
1.210439999999999600e+03 1.400589808207764309e-16
1.210449999999999591e+03 1.405950573068139146e-16
1.210459999999999582e+03 1.411342153958598617e-16
1.210469999999999573e+03 1.416764787366149628e-16
1.210479999999999563e+03 1.422218712049170479e-16
1.210489999999999554e+03 1.427704169063632110e-16
1.210499999999999545e+03 1.433221401789651896e-16
1.210509999999999536e+03 1.438770655958418705e-16
1.210519999999999527e+03 1.444352179679480088e-16
1.210529999999999518e+03 1.449966223468408863e-16
1.210539999999999509e+03 1.455613040274824443e-16
1.210549999999999500e+03 1.461292885510819680e-16
1.210559999999999491e+03 1.467006017079750353e-16
1.210569999999999482e+03 1.472752695405442238e-16
1.210579999999999472e+03 1.478533183461782771e-16
1.210589999999999463e+03 1.484347746802720434e-16
1.210599999999999454e+03 1.490196653592679538e-16
1.210609999999999445e+03 1.496080174637399014e-16
1.210619999999999436e+03 1.501998583415188312e-16
1.210629999999999427e+03 1.507952156108603374e-16
1.210639999999999418e+03 1.513941171636600357e-16
1.210649999999999409e+03 1.519965911687090691e-16
1.210659999999999400e+03 1.526026660749979311e-16
1.210669999999999391e+03 1.532123706150647366e-16
1.210679999999999382e+03 1.538257338083917858e-16
1.210689999999999372e+03 1.544427849648473892e-16
1.210699999999999363e+03 1.550635536881782038e-16
1.210709999999999354e+03 1.556880698795487781e-16
1.210719999999999345e+03 1.563163637411322498e-16
1.210729999999999336e+03 1.569484657797515306e-16
1.210739999999999327e+03 1.575844068105706081e-16
1.210749999999999318e+03 1.582242179608396629e-16
1.210759999999999309e+03 1.588679306736936067e-16
1.210769999999999300e+03 1.595155767120014274e-16
1.210779999999999291e+03 1.601671881622748964e-16
1.210789999999999281e+03 1.608227974386304499e-16
1.210799999999999272e+03 1.614824372868064138e-16
1.210809999999999263e+03 1.621461407882417104e-16
1.210819999999999254e+03 1.628139413642099332e-16
1.210829999999999245e+03 1.634858727800139178e-16
1.210839999999999236e+03 1.641619691492402901e-16
1.210849999999999227e+03 1.648422649380771245e-16
1.210859999999999218e+03 1.655267949696921217e-16
1.210869999999999209e+03 1.662155944286752019e-16
1.210879999999999200e+03 1.669086988655461549e-16
1.210889999999999191e+03 1.676061442013267300e-16
1.210899999999999181e+03 1.683079667321803212e-16
1.210909999999999172e+03 1.690142031341193224e-16
1.210919999999999163e+03 1.697248904677826661e-16
1.210929999999999154e+03 1.704400661832797495e-16
1.210939999999999145e+03 1.711597681251118672e-16
1.210949999999999136e+03 1.718840345371588963e-16
1.210959999999999127e+03 1.726129040677464951e-16
1.210969999999999118e+03 1.733464157747839054e-16
1.210979999999999109e+03 1.740846091309791112e-16
1.210989999999999100e+03 1.748275240291333531e-16
1.210999999999999091e+03 1.755752007875114716e-16
1.211009999999999081e+03 1.763276801552956965e-16
1.211019999999999072e+03 1.770850033181173124e-16
1.211029999999999063e+03 1.778472119036762819e-16
1.211039999999999054e+03 1.786143479874405933e-16
1.211049999999999045e+03 1.793864540984337379e-16
1.211059999999999036e+03 1.801635732251098759e-16
1.211069999999999027e+03 1.809457488213169584e-16
1.211079999999999018e+03 1.817330248123501997e-16
1.211089999999999009e+03 1.825254456010988077e-16
1.211099999999999000e+03 1.833230560742847644e-16
1.211109999999998990e+03 1.841259016087972058e-16
1.211119999999998981e+03 1.849340280781254107e-16
1.211129999999998972e+03 1.857474818588874871e-16
1.211139999999998963e+03 1.865663098374614141e-16
1.211149999999998954e+03 1.873905594167176733e-16
1.211159999999998945e+03 1.882202785228549756e-16
1.211169999999998936e+03 1.890555156123438886e-16
1.211179999999998927e+03 1.898963196789746927e-16
1.211189999999998918e+03 1.907427402610181424e-16
1.211199999999998909e+03 1.915948274484944252e-16
1.211209999999998900e+03 1.924526318905592665e-16
1.211219999999998890e+03 1.933162048030010415e-16
1.211229999999998881e+03 1.941855979758597418e-16
1.211239999999998872e+03 1.950608637811618799e-16
1.211249999999998863e+03 1.959420551807813157e-16
1.211259999999998854e+03 1.968292257344181895e-16
1.211269999999998845e+03 1.977224296077096703e-16
1.211279999999998836e+03 1.986217215804664025e-16
1.211289999999998827e+03 1.995271570550402000e-16
1.211299999999998818e+03 2.004387920648255270e-16
1.211309999999998809e+03 2.013566832828939987e-16
1.211319999999998799e+03 2.022808880307720373e-16
1.211329999999998790e+03 2.032114642873535453e-16
1.211339999999998781e+03 2.041484706979604173e-16
1.211349999999998772e+03 2.050919665835441087e-16
1.211359999999998763e+03 2.060420119500416991e-16
1.211369999999998754e+03 2.069986674978765140e-16
1.211379999999998745e+03 2.079619946316195505e-16
1.211389999999998736e+03 2.089320554698002200e-16
1.211399999999998727e+03 2.099089128548860551e-16
1.211409999999998718e+03 2.108926303634152334e-16
1.211419999999998709e+03 2.118832723163044750e-16
1.211429999999998699e+03 2.128809037893177692e-16
1.211439999999998690e+03 2.138855906237135313e-16
1.211449999999998681e+03 2.148973994370619565e-16
1.211459999999998672e+03 2.159163976342455867e-16
1.211469999999998663e+03 2.169426534186382336e-16
1.211479999999998654e+03 2.179762358034716756e-16
1.211489999999998645e+03 2.190172146233904977e-16
1.211499999999998636e+03 2.200656605461989948e-16
1.211509999999998627e+03 2.211216450848062514e-16
1.211519999999998618e+03 2.221852406093687571e-16
1.211529999999998608e+03 2.232565203596389636e-16
1.211539999999998599e+03 2.243355584575191932e-16
1.211549999999998590e+03 2.254224299198310530e-16
1.211559999999998581e+03 2.265172106712965604e-16
1.211569999999998572e+03 2.276199775577421955e-16
1.211579999999998563e+03 2.287308083595261518e-16
1.211589999999998554e+03 2.298497818051943074e-16
1.211599999999998545e+03 2.309769775853697976e-16
1.211609999999998536e+03 2.321124763668783089e-16
1.211619999999998527e+03 2.332563598071195964e-16
1.211629999999998518e+03 2.344087105686820191e-16
1.211639999999998508e+03 2.355696123342116813e-16
1.211649999999998499e+03 2.367391498215358814e-16
1.211659999999998490e+03 2.379174087990523589e-16
1.211669999999998481e+03 2.391044761013821186e-16
1.211679999999998472e+03 2.403004396452976668e-16
1.211689999999998463e+03 2.415053884459255234e-16
1.211699999999998454e+03 2.427194126332357325e-16
1.211709999999998445e+03 2.439426034688196520e-16
1.211719999999998436e+03 2.451750533629612977e-16
1.211729999999998427e+03 2.464168558920102302e-16
1.211739999999998417e+03 2.476681058160638716e-16
1.211749999999998408e+03 2.489288990969571338e-16
1.211759999999998399e+03 2.501993329165771554e-16
1.211769999999998390e+03 2.514795056955047258e-16
1.211779999999998381e+03 2.527695171119795367e-16
1.211789999999998372e+03 2.540694681212166743e-16
1.211799999999998363e+03 2.553794609750611375e-16
1.211809999999998354e+03 2.566995992419986265e-16
1.211819999999998345e+03 2.580299878275282699e-16
1.211829999999998336e+03 2.593707329949002492e-16
1.211839999999998327e+03 2.607219423862342961e-16
1.211849999999998317e+03 2.620837250440147709e-16
1.211859999999998308e+03 2.634561914329856457e-16
1.211869999999998299e+03 2.648394534624379936e-16
1.211879999999998290e+03 2.662336245089104476e-16
1.211889999999998281e+03 2.676388194393016419e-16
1.211899999999998272e+03 2.690551546344156391e-16
1.211909999999998263e+03 2.704827480129314689e-16
1.211919999999998254e+03 2.719217190558252754e-16
1.211929999999998245e+03 2.733721888312413759e-16
1.211939999999998236e+03 2.748342800198246064e-16
1.211949999999998226e+03 2.763081169405299764e-16
1.211959999999998217e+03 2.777938255769072676e-16
1.211969999999998208e+03 2.792915336038863137e-16
1.211979999999998199e+03 2.808013704150606908e-16
1.211989999999998190e+03 2.823234671504860914e-16
1.211999999999998181e+03 2.838579567250062485e-16
1.212009999999998172e+03 2.854049738571156308e-16
1.212019999999998163e+03 2.869646550983629014e-16
1.212029999999998154e+03 2.885371388633286680e-16
1.212039999999998145e+03 2.901225654601597735e-16
1.212049999999998136e+03 2.917210771217022346e-16
1.212059999999998126e+03 2.933328180372225706e-16
1.212069999999998117e+03 2.949579343847441990e-16
1.212079999999998108e+03 2.965965743640078180e-16
1.212089999999998099e+03 2.982488882300673662e-16
1.212099999999998090e+03 2.999150283275435460e-16
1.212109999999998081e+03 3.015951491255375256e-16
1.212119999999998072e+03 3.032894072532317384e-16
1.212129999999998063e+03 3.049979615361838943e-16
1.212139999999998054e+03 3.067209730333342688e-16
1.212149999999998045e+03 3.084586050747444640e-16
1.212159999999998035e+03 3.102110233000767118e-16
1.212169999999998026e+03 3.119783956978351191e-16
1.212179999999998017e+03 3.137608926453895610e-16
1.212189999999998008e+03 3.155586869497940558e-16
1.212199999999997999e+03 3.173719538894180612e-16
1.212209999999997990e+03 3.192008712564135190e-16
1.212219999999997981e+03 3.210456194000339194e-16
1.212229999999997972e+03 3.229063812708236756e-16
1.212239999999997963e+03 3.247833424657033489e-16
1.212249999999997954e+03 3.266766912739635427e-16
1.212259999999997945e+03 3.285866187241947309e-16
1.212269999999997935e+03 3.305133186321714600e-16
1.212279999999997926e+03 3.324569876497177461e-16
1.212289999999997917e+03 3.344178253145666833e-16
1.212299999999997908e+03 3.363960341012514880e-16
1.212309999999997899e+03 3.383918194730393671e-16
1.212319999999997890e+03 3.404053899349416405e-16
1.212329999999997881e+03 3.424369570878184558e-16
1.212339999999997872e+03 3.444867356836108850e-16
1.212349999999997863e+03 3.465549436817260392e-16
1.212359999999997854e+03 3.486418023065922129e-16
1.212369999999997844e+03 3.507475361064319299e-16
1.212379999999997835e+03 3.528723730132599921e-16
1.212389999999997826e+03 3.550165444041549967e-16
1.212399999999997817e+03 3.571802851638226612e-16
1.212409999999997808e+03 3.593638337484856196e-16
1.212419999999997799e+03 3.615674322511366155e-16
1.212429999999997790e+03 3.637913264681802882e-16
1.212439999999997781e+03 3.660357659675027971e-16
1.212449999999997772e+03 3.683010041580032047e-16
1.212459999999997763e+03 3.705872983606226118e-16
1.212469999999997754e+03 3.728949098809079709e-16
1.212479999999997744e+03 3.752241040831443044e-16
1.212489999999997735e+03 3.775751504661026563e-16
1.212499999999997726e+03 3.799483227404388356e-16
1.212509999999997717e+03 3.823438989077820957e-16
1.212519999999997708e+03 3.847621613415581251e-16
1.212529999999997699e+03 3.872033968695951593e-16
1.212539999999997690e+03 3.896678968585464947e-16
1.212549999999997681e+03 3.921559573001901948e-16
1.212559999999997672e+03 3.946678788996357701e-16
1.212569999999997663e+03 3.972039671655043896e-16
1.212579999999997654e+03 3.997645325021176320e-16
1.212589999999997644e+03 4.023498903037597567e-16
1.212599999999997635e+03 4.049603610510550101e-16
1.212609999999997626e+03 4.075962704095174547e-16
1.212619999999997617e+03 4.102579493303376627e-16
1.212629999999997608e+03 4.129457341534534080e-16
1.212639999999997599e+03 4.156599667129681078e-16
1.212649999999997590e+03 4.184009944449772607e-16
1.212659999999997581e+03 4.211691704978726490e-16
1.212669999999997572e+03 4.239648538451720294e-16
1.212679999999997563e+03 4.267884094009651786e-16
1.212689999999997553e+03 4.296402081380212615e-16
1.212699999999997544e+03 4.325206272086445398e-16
1.212709999999997535e+03 4.354300500683448856e-16
1.212719999999997526e+03 4.383688666023997156e-16
1.212729999999997517e+03 4.413374732553805146e-16
1.212739999999997508e+03 4.443362731637326944e-16
1.212749999999997499e+03 4.473656762914788976e-16
1.212759999999997490e+03 4.504260995691425310e-16
1.212769999999997481e+03 4.535179670359681452e-16
1.212779999999997472e+03 4.566417099855354944e-16
1.212789999999997463e+03 4.597977671148567127e-16
1.212799999999997453e+03 4.629865846770526507e-16
1.212809999999997444e+03 4.662086166377037264e-16
1.212819999999997435e+03 4.694643248349854354e-16
1.212829999999997426e+03 4.727541791436792375e-16
1.212839999999997417e+03 4.760786576431808993e-16
1.212849999999997408e+03 4.794382467896063757e-16
1.212859999999997399e+03 4.828334415921176053e-16
1.212869999999997390e+03 4.862647457935801380e-16
1.212879999999997381e+03 4.897326720556775308e-16
1.212889999999997372e+03 4.932377421486083352e-16
1.212899999999997362e+03 4.967804871454973174e-16
1.212909999999997353e+03 5.003614476216483125e-16
1.212919999999997344e+03 5.039811738587871164e-16
1.212929999999997335e+03 5.076402260544212262e-16
1.212939999999997326e+03 5.113391745364862299e-16
1.212949999999997317e+03 5.150785999834090083e-16
1.212959999999997308e+03 5.188590936497543957e-16
1.212969999999997299e+03 5.226812575976222426e-16
1.212979999999997290e+03 5.265457049339488057e-16
1.212989999999997281e+03 5.304530600538991309e-16
1.212999999999997272e+03 5.344039588905193429e-16
1.213009999999997262e+03 5.383990491708422118e-16
1.213019999999997253e+03 5.424389906786188551e-16
1.213029999999997244e+03 5.465244555238966681e-16
1.213039999999997235e+03 5.506561284196365555e-16
1.213049999999997226e+03 5.548347069655621446e-16
1.213059999999997217e+03 5.590609019395014012e-16
1.213069999999997208e+03 5.633354375963918332e-16
1.213079999999997199e+03 5.676590519752246907e-16
1.213089999999997190e+03 5.720324972141470730e-16
1.213099999999997181e+03 5.764565398739761524e-16
1.213109999999997171e+03 5.809319612703770630e-16
1.213119999999997162e+03 5.854595578149782878e-16
1.213129999999997153e+03 5.900401413656929533e-16
1.213139999999997144e+03 5.946745395865359396e-16
1.213149999999997135e+03 5.993635963172199068e-16
1.213159999999997126e+03 6.041081719528483468e-16
1.213169999999997117e+03 6.089091438340138091e-16
1.213179999999997108e+03 6.137674066476255225e-16
1.213189999999997099e+03 6.186838728388111440e-16
1.213199999999997090e+03 6.236594730342277058e-16
1.213209999999997081e+03 6.286951564771701727e-16
1.213219999999997071e+03 6.337918914748172177e-16
1.213229999999997062e+03 6.389506658580427619e-16
1.213239999999997053e+03 6.441724874541487605e-16
1.213249999999997044e+03 6.494583845729862405e-16
1.213259999999997035e+03 6.548094065068581327e-16
1.213269999999997026e+03 6.602266240446686356e-16
1.213279999999997017e+03 6.657111300007793135e-16
1.213289999999997008e+03 6.712640397590549083e-16
1.213299999999996999e+03 6.768864918325971298e-16
1.213309999999996990e+03 6.825796484396794790e-16
1.213319999999996980e+03 6.883446960964252508e-16
1.213329999999996971e+03 6.941828462267833814e-16
1.213339999999996962e+03 7.000953357903725881e-16
1.213349999999996953e+03 7.060834279288086180e-16
1.213359999999996944e+03 7.121484126311153239e-16
1.213369999999996935e+03 7.182916074188793516e-16
1.213379999999996926e+03 7.245143580518190672e-16
1.213389999999996917e+03 7.308180392544437807e-16
1.213399999999996908e+03 7.372040554645510045e-16
1.213409999999996899e+03 7.436738416042876990e-16
1.213419999999996890e+03 7.502288638745750133e-16
1.213429999999996880e+03 7.568706205736834119e-16
1.213439999999996871e+03 7.636006429408109437e-16
1.213449999999996862e+03 7.704204960255489693e-16
1.213459999999996853e+03 7.773317795840985546e-16
1.213469999999996844e+03 7.843361290032466830e-16
1.213479999999996835e+03 7.914352162530166745e-16
1.213489999999996826e+03 7.986307508690568850e-16
1.213499999999996817e+03 8.059244809658076035e-16
1.213509999999996808e+03 8.133181942815527207e-16
1.213519999999996799e+03 8.208137192565008064e-16
1.213529999999996789e+03 8.284129261450932841e-16
1.213539999999996780e+03 8.361177281637820598e-16
1.213549999999996771e+03 8.439300826755546578e-16
1.213559999999996762e+03 8.518519924125766237e-16
1.213569999999996753e+03 8.598855067383177947e-16
1.213579999999996744e+03 8.680327229506693612e-16
1.213589999999996735e+03 8.762957876275092378e-16
1.213599999999996726e+03 8.846768980163612087e-16
1.213609999999996717e+03 8.931783034697330640e-16
1.213619999999996708e+03 9.018023069279174397e-16
1.213629999999996699e+03 9.105512664509875035e-16
1.213639999999996689e+03 9.194275968018857798e-16
1.213649999999996680e+03 9.284337710825533204e-16
1.213659999999996671e+03 9.375723224250995740e-16
1.213669999999996662e+03 9.468458457401696014e-16
1.213679999999996653e+03 9.562569995246825405e-16
1.213689999999996644e+03 9.658085077312625437e-16
1.213699999999996635e+03 9.755031617017666360e-16
1.213709999999996626e+03 9.853438221674048584e-16
1.213719999999996617e+03 9.953334213180843357e-16
1.213729999999996608e+03 1.005474964943717378e-15
1.213739999999996598e+03 1.015771534650330951e-15
1.213749999999996589e+03 1.026226290153983273e-15
1.213759999999996580e+03 1.036842471655593673e-15
1.213769999999996571e+03 1.047623402299934255e-15
1.213779999999996562e+03 1.058572490722230269e-15
1.213789999999996553e+03 1.069693233685865651e-15
1.213799999999996544e+03 1.080989218814973130e-15
1.213809999999996535e+03 1.092464127425785399e-15
1.213819999999996526e+03 1.104121737460798312e-15
1.213829999999996517e+03 1.115965926530033011e-15
1.213839999999996508e+03 1.128000675063871962e-15
1.213849999999996498e+03 1.140230069582080207e-15
1.213859999999996489e+03 1.152658306083963108e-15
1.213869999999996480e+03 1.165289693564742233e-15
1.213879999999996471e+03 1.178128657663525069e-15
1.213889999999996462e+03 1.191179744448488811e-15
1.213899999999996453e+03 1.204447624345138668e-15
1.213909999999996444e+03 1.217937096213849025e-15
1.213919999999996435e+03 1.231653091583138960e-15
1.213929999999996426e+03 1.245600679045446003e-15
1.213939999999996417e+03 1.259785068822542077e-15
1.213949999999996407e+03 1.274211617508045549e-15
1.213959999999996398e+03 1.288885832994847009e-15
1.213969999999996389e+03 1.303813379595686266e-15
1.213979999999996380e+03 1.319000083365502805e-15
1.213989999999996371e+03 1.334451937634634167e-15
1.213999999999996362e+03 1.350175108762340422e-15
1.214009999999996353e+03 1.366175942120716649e-15
1.214019999999996344e+03 1.382460968319455898e-15
1.214029999999996335e+03 1.399036909682505292e-15
1.214039999999996326e+03 1.415910686988276818e-15
1.214049999999996317e+03 1.433089426485573081e-15
1.214059999999996307e+03 1.450580467198089433e-15
1.214069999999996298e+03 1.468391368531043307e-15
1.214079999999996289e+03 1.486529918194083540e-15
1.214089999999996280e+03 1.505004140455564259e-15
1.214099999999996271e+03 1.523822304743828424e-15
1.214109999999996262e+03 1.542992934612223113e-15
1.214119999999996253e+03 1.562524817085258072e-15
1.214129999999996244e+03 1.582427012404406727e-15
1.214139999999996235e+03 1.602708864192982447e-15
1.214149999999996226e+03 1.623380010060526893e-15
1.214159999999996217e+03 1.644450392668449272e-15
1.214169999999996207e+03 1.665930271279563139e-15
1.214179999999996198e+03 1.687830233815757880e-15
1.214189999999996189e+03 1.710161209449060081e-15
1.214199999999996180e+03 1.732934481753010372e-15
1.214209999999996171e+03 1.756161702442634836e-15
1.214219999999996162e+03 1.779854905732956921e-15
1.214229999999996153e+03 1.804026523347683586e-15
1.214239999999996144e+03 1.828689400211469006e-15
1.214249999999996135e+03 1.853856810861150833e-15
1.214259999999996126e+03 1.879542476613309019e-15
1.214269999999996116e+03 1.905760583527727122e-15
1.214279999999996107e+03 1.932525801208637296e-15
1.214289999999996098e+03 1.959853302487994211e-15
1.214299999999996089e+03 1.987758784037819650e-15
1.214309999999996080e+03 2.016258487961221753e-15
1.214319999999996071e+03 2.045369224414835686e-15
1.214329999999996062e+03 2.075108395318460980e-15
1.214339999999996053e+03 2.105494019211114530e-15
1.214349999999996044e+03 2.136544757316250368e-15
1.214359999999996035e+03 2.168279940882733986e-15
1.214369999999996026e+03 2.200719599872244042e-15
1.214379999999996016e+03 2.233884493068102030e-15
1.214389999999996007e+03 2.267796139685161072e-15
1.214399999999995998e+03 2.302476852565369816e-15
1.214409999999995989e+03 2.337949773048861116e-15
1.214419999999995980e+03 2.374238907616129299e-15
1.214429999999995971e+03 2.411369166402782958e-15
1.214439999999995962e+03 2.449366403694970500e-15
1.214449999999995953e+03 2.488257460520225754e-15
1.214459999999995944e+03 2.528070209456110421e-15
1.214469999999995935e+03 2.568833601786729833e-15
1.214479999999995925e+03 2.610577717145597462e-15
1.214489999999995916e+03 2.653333815792548602e-15
1.214499999999995907e+03 2.697134393681819053e-15
1.214509999999995898e+03 2.742013240488810923e-15
1.214519999999995889e+03 2.788005500774261199e-15
1.214529999999995880e+03 2.835147738476080024e-15
1.214539999999995871e+03 2.883478004932135512e-15
1.214549999999995862e+03 2.933035910650630363e-15
1.214559999999995853e+03 2.983862701059320921e-15
1.214569999999995844e+03 3.036001336480550896e-15
1.214579999999995835e+03 3.089496576595614790e-15
1.214589999999995825e+03 3.144395069680050319e-15
1.214599999999995816e+03 3.200745446910652890e-15
1.214609999999995807e+03 3.258598422065504511e-15
1.214619999999995798e+03 3.318006896960575155e-15
1.214629999999995789e+03 3.379026072990058855e-15
1.214639999999995780e+03 3.441713569162945824e-15
1.214649999999995771e+03 3.506129547055776372e-15
1.214659999999995762e+03 3.572336843130418351e-15
1.214669999999995753e+03 3.640401108897303747e-15
1.214679999999995744e+03 3.710390959437881931e-15
1.214689999999995734e+03 3.782378130836078256e-15
1.214699999999995725e+03 3.856437647106913012e-15
1.214709999999995716e+03 3.932647997251810634e-15
1.214719999999995707e+03 4.011091323113976381e-15
1.214729999999995698e+03 4.091853618754499621e-15
1.214739999999995689e+03 4.175024942120163518e-15
1.214749999999995680e+03 4.260699639827636315e-15
1.214759999999995671e+03 4.348976585946265222e-15
1.214769999999995662e+03 4.439959435722590054e-15
1.214779999999995653e+03 4.533756895254933321e-15
1.214789999999995644e+03 4.630483008195384150e-15
1.214799999999995634e+03 4.730257460629898468e-15
1.214809999999995625e+03 4.833205905364701684e-15
1.214819999999995616e+03 4.939460306929280774e-15
1.214829999999995607e+03 5.049159308692124149e-15
1.214839999999995598e+03 5.162448623576212909e-15
1.214849999999995589e+03 5.279481449955523319e-15
1.214859999999995580e+03 5.400418914412045104e-15
1.214869999999995571e+03 5.525430543134655002e-15
1.214879999999995562e+03 5.654694763845002241e-15
1.214889999999995553e+03 5.788399440241946843e-15
1.214899999999995543e+03 5.926742441062325155e-15
1.214909999999995534e+03 6.069932245961649051e-15
1.214919999999995525e+03 6.218188590520829272e-15
1.214929999999995516e+03 6.371743152781906839e-15
1.214939999999995507e+03 6.530840283804119393e-15
1.214949999999995498e+03 6.695737784806445698e-15
1.214959999999995489e+03 6.866707733519959209e-15
1.214969999999995480e+03 7.044037362405081155e-15
1.214979999999995471e+03 7.228029991388560098e-15
1.214989999999995462e+03 7.419006017731441690e-15
1.214999999999995453e+03 7.617303965540698103e-15
1.215009999999995443e+03 7.823281597268565268e-15
1.215019999999995434e+03 8.037317089285590155e-15
1.215029999999995425e+03 8.259810273243667021e-15
1.215039999999995416e+03 8.491183944435162316e-15
1.215049999999995407e+03 8.731885237669732542e-15
1.215059999999995398e+03 8.982387070289353529e-15
1.215069999999995389e+03 9.243189650772553855e-15
1.215079999999995380e+03 9.514822049879154286e-15
1.215089999999995371e+03 9.797843829380207738e-15
1.215099999999995362e+03 1.009284672101163809e-14
1.215109999999995352e+03 1.040045634527200482e-14
1.215119999999995343e+03 1.072133395591856492e-14
1.215129999999995334e+03 1.105617819133585474e-14
1.215139999999995325e+03 1.140572680815846243e-14
1.215149999999995316e+03 1.177075836538345098e-14
1.215159999999995307e+03 1.215209381841988550e-14
1.215169999999995298e+03 1.255059797174455685e-14
1.215179999999995289e+03 1.296718072565303413e-14
1.215189999999995280e+03 1.340279803651804166e-14
1.215199999999995271e+03 1.385845249041266393e-14
1.215209999999995262e+03 1.433519336623850720e-14
1.215219999999995252e+03 1.483411603582118809e-14
1.215229999999995243e+03 1.535636051387873207e-14
1.215239999999995234e+03 1.590310892928736275e-14
1.215249999999995225e+03 1.647558163949855572e-14
1.215259999999995216e+03 1.707503165103468712e-14
1.215269999999995207e+03 1.770273693938297110e-14
1.215279999999995198e+03 1.835999018001198629e-14
1.215289999999995189e+03 1.904808530749835238e-14
1.215299999999995180e+03 1.976830021107541832e-14
1.215309999999995171e+03 2.052187475218723583e-14
1.215319999999995161e+03 2.130998315389699914e-14
1.215329999999995152e+03 2.213369966616619356e-14
1.215339999999995143e+03 2.299395626086147328e-14
1.215349999999995134e+03 2.389149096589249066e-14
1.215359999999995125e+03 2.482678532533696718e-14
1.215369999999995116e+03 2.579998939668428182e-14
1.215379999999995107e+03 2.681083270431794668e-14
1.215389999999995098e+03 2.785851971296723460e-14
1.215399999999995089e+03 2.894160873966926372e-14
1.215409999999995080e+03 3.005787388690827380e-14
1.215419999999995071e+03 3.120415068174293403e-14
1.215429999999995061e+03 3.237616780555674142e-14
1.215439999999995052e+03 3.356836978255245338e-14
1.215449999999995043e+03 3.477373895868673779e-14
1.215459999999995034e+03 3.598362971844115857e-14
1.215469999999995025e+03 3.718763373832562428e-14
1.215479999999995016e+03 3.837350205413918204e-14
1.215489999999995007e+03 3.952715736794065220e-14
1.215499999999994998e+03 4.063283733688502483e-14
1.215509999999994989e+03 4.167341479747296730e-14
1.215519999999994980e+03 4.263094127735967449e-14
1.215529999999994970e+03 4.348745211562901389e-14
1.215539999999994961e+03 4.422605095952732311e-14
1.215549999999994952e+03 4.483225485017240658e-14
1.215559999999994943e+03 4.529552756267360490e-14
1.215569999999994934e+03 4.561086230952182896e-14
1.215579999999994925e+03 4.578020655755573883e-14
1.215589999999994916e+03 4.581347051368089207e-14
1.215599999999994907e+03 4.572885019243611441e-14
1.215609999999994898e+03 4.555224447750361378e-14
1.215619999999994889e+03 4.531566648000884831e-14
1.215629999999994880e+03 4.505471389084075818e-14
1.215639999999994870e+03 4.480534562444477901e-14
1.215649999999994861e+03 4.460035614888174345e-14
1.215659999999994852e+03 4.446600872059500105e-14
1.215669999999994843e+03 4.441927119811332896e-14
1.215679999999994834e+03 4.446600872049826777e-14
1.215689999999994825e+03 4.460035614870043797e-14
1.215699999999994816e+03 4.480534562420190452e-14
1.215709999999994807e+03 4.505471389056776182e-14
1.215719999999994798e+03 4.531566647974231429e-14
1.215729999999994789e+03 4.555224447728152734e-14
1.215739999999994780e+03 4.572885019229439081e-14
1.215749999999994770e+03 4.581347051365015174e-14
1.215759999999994761e+03 4.578020655765925000e-14
1.215769999999994752e+03 4.561086230977428969e-14
1.215779999999994743e+03 4.529552756308110520e-14
1.215789999999994734e+03 4.483225485073310367e-14
1.215799999999994725e+03 4.422605096023282982e-14
1.215809999999994716e+03 4.348745211646597006e-14
1.215819999999994707e+03 4.263094127831142571e-14
1.215829999999994698e+03 4.167341479852106052e-14
1.215839999999994689e+03 4.063283733801050846e-14
1.215849999999994679e+03 3.952715736912507952e-14
1.215859999999994670e+03 3.837350205536527383e-14
1.215869999999994661e+03 3.718763373957772324e-14
1.215879999999994652e+03 3.598362971970549434e-14
1.215889999999994643e+03 3.477373895995147746e-14
1.215899999999994634e+03 3.356836978380765098e-14
1.215909999999994625e+03 3.237616780679423699e-14
1.215919999999994616e+03 3.120415068295616423e-14
1.215929999999994607e+03 3.005787388809212683e-14
1.215939999999994598e+03 2.894160874081990255e-14
1.215949999999994589e+03 2.785851971408185404e-14
1.215959999999994579e+03 2.681083270539467239e-14
1.215969999999994570e+03 2.579998939772193683e-14
1.215979999999994561e+03 2.482678532633504031e-14
1.215989999999994552e+03 2.389149096685093141e-14
1.215999999999994543e+03 2.299395626178061930e-14
1.216009999999994534e+03 2.213369966704668540e-14
1.216019999999994525e+03 2.130998315473975187e-14
1.216029999999994516e+03 2.052187475299327497e-14
1.216039999999994507e+03 1.976830021184594925e-14
1.216049999999994498e+03 1.904808530823462150e-14
1.216059999999994488e+03 1.835999018071531259e-14
1.216069999999994479e+03 1.770273694005471771e-14
1.216079999999994470e+03 1.707503165167621405e-14
1.216089999999994461e+03 1.647558164011119141e-14
1.216099999999994452e+03 1.590310892987245142e-14
1.216109999999994443e+03 1.535636051443756113e-14
1.216119999999994434e+03 1.483411603635501973e-14
1.216129999999994425e+03 1.433519336674854680e-14
1.216139999999994416e+03 1.385845249090008531e-14
1.216149999999994407e+03 1.340279803698395396e-14
1.216159999999994398e+03 1.296718072609852597e-14
1.216169999999994388e+03 1.255059797217064429e-14
1.216179999999994379e+03 1.215209381882755461e-14
1.216189999999994370e+03 1.177075836577363263e-14
1.216199999999994361e+03 1.140572680853201174e-14
1.216209999999994352e+03 1.105617819169363472e-14
1.216219999999994343e+03 1.072133395626135496e-14
1.216229999999994334e+03 1.040045634560055908e-14
1.216239999999994325e+03 1.009284672132666338e-14
1.216249999999994316e+03 9.797843829682387218e-15
1.216259999999994307e+03 9.514822050169117467e-15
1.216269999999994297e+03 9.243189651050892382e-15
1.216279999999994288e+03 8.982387070556654314e-15
1.216289999999994279e+03 8.731885237926527277e-15
1.216299999999994270e+03 8.491183944681955872e-15
1.216309999999994261e+03 8.259810273480942181e-15
1.216319999999994252e+03 8.037317089513801304e-15
1.216329999999994243e+03 7.823281597488143123e-15
1.216339999999994234e+03 7.617303965752052872e-15
1.216349999999994225e+03 7.419006017934963070e-15
1.216359999999994216e+03 7.228029991584592033e-15
1.216369999999994207e+03 7.044037362593976265e-15
1.216379999999994197e+03 6.866707733702050394e-15
1.216389999999994188e+03 6.695737784982039825e-15
1.216399999999994179e+03 6.530840283973505973e-15
1.216409999999994170e+03 6.371743152945368285e-15
1.216419999999994161e+03 6.218188590678621964e-15
1.216429999999994152e+03 6.069932246114021479e-15
1.216439999999994143e+03 5.926742441209513189e-15
1.216449999999994134e+03 5.788399440384180830e-15
1.216459999999994125e+03 5.654694763982494386e-15
1.216469999999994116e+03 5.525430543267599364e-15
1.216479999999994106e+03 5.400418914540632587e-15
1.216489999999994097e+03 5.279481450079946405e-15
1.216499999999994088e+03 5.162448623696635682e-15
1.216509999999994079e+03 5.049159308808705169e-15
1.216519999999994070e+03 4.939460307042188069e-15
1.216529999999994061e+03 4.833205905474081193e-15
1.216539999999994052e+03 4.730257460735887453e-15
1.216549999999994043e+03 4.630483008298126972e-15
1.216559999999994034e+03 4.533756895354549887e-15
1.216569999999994025e+03 4.439959435819202638e-15
1.216579999999994016e+03 4.348976586039987420e-15
1.216589999999994006e+03 4.260699639918588822e-15
1.216599999999993997e+03 4.175024942208446520e-15
1.216609999999993988e+03 4.091853618840219614e-15
1.216619999999993979e+03 4.011091323197219350e-15
1.216629999999993970e+03 3.932647997332671243e-15
1.216639999999993961e+03 3.856437647185481192e-15
1.216649999999993952e+03 3.782378130912441569e-15
1.216659999999993943e+03 3.710390959512119264e-15
1.216669999999993934e+03 3.640401108969483731e-15
1.216679999999993925e+03 3.572336843200623027e-15
1.216689999999993915e+03 3.506129547124074766e-15
1.216699999999993906e+03 3.441713569229406961e-15
1.216709999999993897e+03 3.379026073054739927e-15
1.216719999999993888e+03 3.318006897023543610e-15
1.216729999999993879e+03 3.258598422126816753e-15
1.216739999999993870e+03 3.200745446970368083e-15
1.216749999999993861e+03 3.144395069738218161e-15
1.216759999999993852e+03 3.089496576652289318e-15
1.216769999999993843e+03 3.036001336535785754e-15
1.216779999999993834e+03 2.983862701113157523e-15
1.216789999999993825e+03 2.933035910703116434e-15
1.216799999999993815e+03 2.883478004983321146e-15
1.216809999999993806e+03 2.835147738526000326e-15
1.216819999999993797e+03 2.788005500822963104e-15
1.216829999999993788e+03 2.742013240536328748e-15
1.216839999999993779e+03 2.697134393728187903e-15
1.216849999999993770e+03 2.653333815837808708e-15
1.216859999999993761e+03 2.610577717189780378e-15
1.216869999999993752e+03 2.568833601829873030e-15
1.216879999999993743e+03 2.528070209498245849e-15
1.216889999999993734e+03 2.488257460561377077e-15
1.216899999999993724e+03 2.449366403735177163e-15
1.216909999999993715e+03 2.411369166442069414e-15
1.216919999999993706e+03 2.374238907654521581e-15
1.216929999999993697e+03 2.337949773086387623e-15
1.216939999999993688e+03 2.302476852602054609e-15
1.216949999999993679e+03 2.267796139721028211e-15
1.216959999999993670e+03 2.233884493103177941e-15
1.216969999999993661e+03 2.200719599906547264e-15
1.216979999999993652e+03 2.168279940916291734e-15
1.216989999999993643e+03 2.136544757349085125e-15
1.216999999999993634e+03 2.105494019243245229e-15
1.217009999999993624e+03 2.075108395349902610e-15
1.217019999999993615e+03 2.045369224445606783e-15
1.217029999999993606e+03 2.016258487991346773e-15
1.217039999999993597e+03 1.987758784067312793e-15
1.217049999999993588e+03 1.959853302516875592e-15
1.217059999999993579e+03 1.932525801236923087e-15
1.217069999999993570e+03 1.905760583555433889e-15
1.217079999999993561e+03 1.879542476640449778e-15
1.217089999999993552e+03 1.853856810887743728e-15
1.217099999999993543e+03 1.828689400237527843e-15
1.217109999999993533e+03 1.804026523373218225e-15
1.217119999999993524e+03 1.779854905757985899e-15
1.217129999999993515e+03 1.756161702467168805e-15
1.217139999999993506e+03 1.732934481777065502e-15
1.217149999999993497e+03 1.710161209472647022e-15
1.217159999999993488e+03 1.687830233838889057e-15
1.217169999999993479e+03 1.665930271302248412e-15
1.217179999999993470e+03 1.644450392690697516e-15
1.217189999999993461e+03 1.623380010082354674e-15
1.217199999999993452e+03 1.602708864214397260e-15
1.217209999999993443e+03 1.582427012425420009e-15
1.217219999999993433e+03 1.562524817105878107e-15
1.217229999999993424e+03 1.542992934632462325e-15
1.217239999999993415e+03 1.523822304763692730e-15
1.217249999999993406e+03 1.505004140475062731e-15
1.217259999999993397e+03 1.486529918213226631e-15
1.217269999999993388e+03 1.468391368549839890e-15
1.217279999999993379e+03 1.450580467216551933e-15
1.217289999999993370e+03 1.433089426503702880e-15
1.217299999999993361e+03 1.415910687006083775e-15
1.217309999999993352e+03 1.399036909699993747e-15
1.217319999999993342e+03 1.382460968336636302e-15
1.217329999999993333e+03 1.366175942137600244e-15
1.217339999999993324e+03 1.350175108778929180e-15
1.217349999999993315e+03 1.334451937650934597e-15
1.217359999999993306e+03 1.319000083381523584e-15
1.217369999999993297e+03 1.303813379611431733e-15
1.217379999999993288e+03 1.288885833010325249e-15
1.217389999999993279e+03 1.274211617523264254e-15
1.217399999999993270e+03 1.259785068837502627e-15
1.217409999999993261e+03 1.245600679060155892e-15
1.217419999999993252e+03 1.231653091597605880e-15
1.217429999999993242e+03 1.217937096228076329e-15
1.217439999999993233e+03 1.204447624359130102e-15
1.217449999999993224e+03 1.191179744462252856e-15
1.217459999999993215e+03 1.178128657677064486e-15
1.217469999999993206e+03 1.165289693578059783e-15
1.217479999999993197e+03 1.152658306097066482e-15
1.217489999999993188e+03 1.140230069594974927e-15
1.217499999999993179e+03 1.128000675076561381e-15
1.217509999999993170e+03 1.115965926542520088e-15
1.217519999999993161e+03 1.104121737473084821e-15
1.217529999999993152e+03 1.092464127437882186e-15
1.217539999999993142e+03 1.080989218826881577e-15
1.217549999999993133e+03 1.069693233697587532e-15
1.217559999999993124e+03 1.058572490733770515e-15
1.217569999999993115e+03 1.047623402311297796e-15
1.217579999999993106e+03 1.036842471666781299e-15
1.217589999999993097e+03 1.026226290165001293e-15
1.217599999999993088e+03 1.015771534661182325e-15
1.217609999999993079e+03 1.005474964954404668e-15
1.217619999999993070e+03 9.953334213286118817e-16
1.217629999999993061e+03 9.853438221777732517e-16
1.217639999999993051e+03 9.755031617119810043e-16
1.217649999999993042e+03 9.658085077413266339e-16
1.217659999999993033e+03 9.562569995345973388e-16
1.217669999999993024e+03 9.468458457499392493e-16
1.217679999999993015e+03 9.375723224347274241e-16
1.217689999999993006e+03 9.284337710920419366e-16
1.217699999999992997e+03 9.194275968112379230e-16
1.217709999999992988e+03 9.105512664602029766e-16
1.217719999999992979e+03 9.018023069370017647e-16
1.217729999999992970e+03 8.931783034786884102e-16
1.217739999999992961e+03 8.846768980251894497e-16
1.217749999999992951e+03 8.762957876362152054e-16
1.217759999999992942e+03 8.680327229592511818e-16
1.217769999999992933e+03 8.598855067467792154e-16
1.217779999999992924e+03 8.518519924209195180e-16
1.217789999999992915e+03 8.439300826837835618e-16
1.217799999999992906e+03 8.361177281718968747e-16
1.217809999999992897e+03 8.284129261530969683e-16
1.217819999999992888e+03 8.208137192643944444e-16
1.217829999999992879e+03 8.133181942893390736e-16
1.217839999999992870e+03 8.059244809734892352e-16
1.217849999999992860e+03 7.986307508766350773e-16
1.217859999999992851e+03 7.914352162604927093e-16
1.217869999999992842e+03 7.843361290106213492e-16
1.217879999999992833e+03 7.773317795913755006e-16
1.217889999999992824e+03 7.704204960327290827e-16
1.217899999999992815e+03 7.636006429478971826e-16
1.217909999999992806e+03 7.568706205806757763e-16
1.217919999999992797e+03 7.502288638814755741e-16
1.217929999999992788e+03 7.436738416110984282e-16
1.217939999999992779e+03 7.372040554712730855e-16
1.217949999999992770e+03 7.308180392610798759e-16
1.217959999999992760e+03 7.245143580583696696e-16
1.217969999999992751e+03 7.182916074253459402e-16
1.217979999999992742e+03 7.121484126374989836e-16
1.217989999999992733e+03 7.060834279351112222e-16
1.217999999999992724e+03 7.000953357965961090e-16
1.218009999999992715e+03 6.941828462329276218e-16
1.218019999999992706e+03 6.883446961024935633e-16
1.218029999999992697e+03 6.825796484456715678e-16
1.218039999999992688e+03 6.768864918385143754e-16
1.218049999999992679e+03 6.712640397648993815e-16
1.218059999999992669e+03 6.657111300065505213e-16
1.218069999999992660e+03 6.602266240503694376e-16
1.218079999999992651e+03 6.548094065124897121e-16
1.218089999999992642e+03 6.494583845785484002e-16
1.218099999999992633e+03 6.441724874596426837e-16
1.218109999999992624e+03 6.389506658634710124e-16
1.218119999999992615e+03 6.337918914801808802e-16
1.218129999999992606e+03 6.286951564824671765e-16
1.218139999999992597e+03 6.236594730394627839e-16
1.218149999999992588e+03 6.186838728439837050e-16
1.218159999999992579e+03 6.137674066527384258e-16
1.218169999999992569e+03 6.089091438390659702e-16
1.218179999999992560e+03 6.041081719578405544e-16
1.218189999999992551e+03 5.993635963221531470e-16
1.218199999999992542e+03 5.946745395914120861e-16
1.218209999999992533e+03 5.900401413705130907e-16
1.218219999999992524e+03 5.854595578197409369e-16
1.218229999999992515e+03 5.809319612750849849e-16
1.218239999999992506e+03 5.764565398786305303e-16
1.218249999999992497e+03 5.720324972187478084e-16
1.218259999999992488e+03 5.676590519797721780e-16
1.218269999999992478e+03 5.633354376008879460e-16
1.218279999999992469e+03 5.590609019439470268e-16
1.218289999999992460e+03 5.548347069699577761e-16
1.218299999999992451e+03 5.506561284239816014e-16
1.218309999999992442e+03 5.465244555281940865e-16
1.218319999999992433e+03 5.424389906828679557e-16
1.218329999999992424e+03 5.383990491750442766e-16
1.218339999999992415e+03 5.344039588946756538e-16
1.218349999999992406e+03 5.304530600580082087e-16
1.218359999999992397e+03 5.265457049380127213e-16
1.218369999999992388e+03 5.226812576016419819e-16
1.218379999999992378e+03 5.188590936537298603e-16
1.218389999999992369e+03 5.150785999873415785e-16
1.218399999999992360e+03 5.113391745403760044e-16
1.218409999999992351e+03 5.076402260582686980e-16
1.218419999999992342e+03 5.039811738625925814e-16
1.218429999999992333e+03 5.003614476254142358e-16
1.218439999999992324e+03 4.967804871492231075e-16
1.218449999999992315e+03 4.932377421522946822e-16
1.218459999999992306e+03 4.897326720593249278e-16
1.218469999999992297e+03 4.862647457971885850e-16
1.218479999999992287e+03 4.828334415956874967e-16
1.218489999999992278e+03 4.794382467931385990e-16
1.218499999999992269e+03 4.760786576466756517e-16
1.218509999999992260e+03 4.727541791471378995e-16
1.218519999999992251e+03 4.694643248384087959e-16
1.218529999999992242e+03 4.662086166410918840e-16
1.218539999999992233e+03 4.629865846804053095e-16
1.218549999999992224e+03 4.597977671181749575e-16
1.218559999999992215e+03 4.566417099888193252e-16
1.218569999999992206e+03 4.535179670392181535e-16
1.218579999999992197e+03 4.504260995723595057e-16
1.218589999999992187e+03 4.473656762946633319e-16
1.218599999999992178e+03 4.443362731668855742e-16
1.218609999999992169e+03 4.413374732585013470e-16
1.218619999999992160e+03 4.383688666054890921e-16
1.218629999999992151e+03 4.354300500714030035e-16
1.218639999999992142e+03 4.325206272116725331e-16
1.218649999999992133e+03 4.296402081410183906e-16
1.218659999999992124e+03 4.267884094039334157e-16
1.218669999999992115e+03 4.239648538481104870e-16
1.218679999999992106e+03 4.211691705007828062e-16
1.218689999999992096e+03 4.184009944478585751e-16
1.218699999999992087e+03 4.156599667158209739e-16
1.218709999999992078e+03 4.129457341562782696e-16
1.218719999999992069e+03 4.102579493331353579e-16
1.218729999999992060e+03 4.075962704122884765e-16
1.218739999999992051e+03 4.049603610537986190e-16
1.218749999999992042e+03 4.023498903064770374e-16
1.218759999999992033e+03 3.997645325048084366e-16
1.218769999999992024e+03 3.972039671681690631e-16
1.218779999999992015e+03 3.946678789022758410e-16
1.218789999999992006e+03 3.921559573028049236e-16
1.218799999999991996e+03 3.896678968611367688e-16
1.218809999999991987e+03 3.872033968721603378e-16
1.218819999999991978e+03 3.847621613440991447e-16
1.218829999999991969e+03 3.823438989102995481e-16
1.218839999999991960e+03 3.799483227429327700e-16
1.218849999999991951e+03 3.775751504685735658e-16
1.218859999999991942e+03 3.752241040855914495e-16
1.218869999999991933e+03 3.728949098833323870e-16
1.218879999999991924e+03 3.705872983630255807e-16
1.218889999999991915e+03 3.683010041603833460e-16
1.218899999999991905e+03 3.660357659698608502e-16
1.218909999999991896e+03 3.637913264705171408e-16
1.218919999999991887e+03 3.615674322534522181e-16
1.218929999999991878e+03 3.593638337507799230e-16
1.218939999999991869e+03 3.571802851660962077e-16
1.218949999999991860e+03 3.550165444064077369e-16
1.218959999999991851e+03 3.528723730154922713e-16
1.218969999999991842e+03 3.507475361086442903e-16
1.218979999999991833e+03 3.486418023087846546e-16
1.218989999999991824e+03 3.465549436838987593e-16
1.218999999999991815e+03 3.444867356857643766e-16
1.219009999999991805e+03 3.424369570899527190e-16
1.219019999999991796e+03 3.404053899370568724e-16
1.219029999999991787e+03 3.383918194751365045e-16
1.219039999999991778e+03 3.363960341033296434e-16
1.219049999999991769e+03 3.344178253166263499e-16
1.219059999999991760e+03 3.324569876517593181e-16
1.219069999999991751e+03 3.305133186341952827e-16
1.219079999999991742e+03 3.285866187262010507e-16
1.219089999999991733e+03 3.266766912759522117e-16
1.219099999999991724e+03 3.247833424676747616e-16
1.219109999999991715e+03 3.229063812727782264e-16
1.219119999999991705e+03 3.210456194019714604e-16
1.219129999999991696e+03 3.192008712583347404e-16
1.219139999999991687e+03 3.173719538913228151e-16
1.219149999999991678e+03 3.155586869516827367e-16
1.219159999999991669e+03 3.137608926472617745e-16
1.219169999999991660e+03 3.119783956996911609e-16
1.219179999999991651e+03 3.102110233019173216e-16
1.219189999999991642e+03 3.084586050765699375e-16
1.219199999999991633e+03 3.067209730351441623e-16
1.219209999999991624e+03 3.049979615379782077e-16
1.219219999999991614e+03 3.032894072550115565e-16
1.219229999999991605e+03 3.015951491273023060e-16
1.219239999999991596e+03 2.999150283292936832e-16
1.219249999999991587e+03 2.982488882318032546e-16
1.219259999999991578e+03 2.965965743657286194e-16
1.219269999999991569e+03 2.949579343864509981e-16
1.219279999999991560e+03 2.933328180389151210e-16
1.219289999999991551e+03 2.917210771233811278e-16
1.219299999999991542e+03 2.901225654618251575e-16
1.219309999999991533e+03 2.885371388649792608e-16
1.219319999999991524e+03 2.869646551000008725e-16
1.219329999999991514e+03 2.854049738587399447e-16
1.219339999999991505e+03 2.838579567266181379e-16
1.219349999999991496e+03 2.823234671520841757e-16
1.219359999999991487e+03 2.808013704166454138e-16
1.219369999999991478e+03 2.792915336054594996e-16
1.219379999999991469e+03 2.777938255784677824e-16
1.219389999999991460e+03 2.763081169420776721e-16
1.219399999999991451e+03 2.748342800213603214e-16
1.219409999999991442e+03 2.733721888327639761e-16
1.219419999999991433e+03 2.719217190573361905e-16
1.219429999999991423e+03 2.704827480144302060e-16
1.219439999999991414e+03 2.690551546359027405e-16
1.219449999999991405e+03 2.676388194407772062e-16
1.219459999999991396e+03 2.662336245103740804e-16
1.219469999999991387e+03 2.648394534638906810e-16
1.219479999999991378e+03 2.634561914344267960e-16
1.219489999999991369e+03 2.620837250454445320e-16
1.219499999999991360e+03 2.607219423876529145e-16
1.219509999999991351e+03 2.593707329963080701e-16
1.219519999999991342e+03 2.580299878289248002e-16
1.219529999999991333e+03 2.566995992433848523e-16
1.219539999999991323e+03 2.553794609764363686e-16
1.219549999999991314e+03 2.540694681225817487e-16
1.219559999999991305e+03 2.527695171133343067e-16
1.219569999999991296e+03 2.514795056968488461e-16
1.219579999999991287e+03 2.501993329179115136e-16
1.219589999999991278e+03 2.489288990982803987e-16
1.219599999999991269e+03 2.476681058173773743e-16
1.219609999999991260e+03 2.464168558933141186e-16
1.219619999999991251e+03 2.451750533642552268e-16
1.219629999999991242e+03 2.439426034701035724e-16
1.219639999999991232e+03 2.427194126345101866e-16
1.219649999999991223e+03 2.415053884471904618e-16
1.219659999999991214e+03 2.403004396465531389e-16
1.219669999999991205e+03 2.391044761026287161e-16
1.219679999999991196e+03 2.379174088002890463e-16
1.219689999999991187e+03 2.367391498227634476e-16
1.219699999999991178e+03 2.355696123354305207e-16
1.219709999999991169e+03 2.344087105698920332e-16
1.219719999999991160e+03 2.332563598083204399e-16
1.219729999999991151e+03 2.321124763680703271e-16
1.219739999999991142e+03 2.309769775865527931e-16
1.219749999999991132e+03 2.298497818063691185e-16
1.219759999999991123e+03 2.287308083606920882e-16
1.219769999999991114e+03 2.276199775588997010e-16
1.219779999999991105e+03 2.265172106724456842e-16
1.219789999999991096e+03 2.254224299209718445e-16
1.219799999999991087e+03 2.243355584586517509e-16
1.219809999999991078e+03 2.232565203607632876e-16
1.219819999999991069e+03 2.221852406104852418e-16
1.219829999999991060e+03 2.211216450859147982e-16
1.219839999999991051e+03 2.200656605472994558e-16
1.219849999999991041e+03 2.190172146244829221e-16
1.219859999999991032e+03 2.179762358045563840e-16
1.219869999999991023e+03 2.169426534197152013e-16
1.219879999999991014e+03 2.159163976353153068e-16
1.219889999999991005e+03 2.148973994381241577e-16
1.219899999999990996e+03 2.138855906247680904e-16
1.219909999999990987e+03 2.128809037903650314e-16
1.219919999999990978e+03 2.118832723173441444e-16
1.219929999999990969e+03 2.108926303644479756e-16
1.219939999999990960e+03 2.099089128559110320e-16
1.219949999999990951e+03 2.089320554708184915e-16
1.219959999999990941e+03 2.079619946326304511e-16
1.219969999999990932e+03 2.069986674988809065e-16
1.219979999999990923e+03 2.060420119510387454e-16
1.219989999999990914e+03 2.050919665845345482e-16
1.219999999999990905e+03 2.041484706989436338e-16
1.220009999999990896e+03 2.032114642883302537e-16
1.220019999999990887e+03 2.022808880317417938e-16
1.220029999999990878e+03 2.013566832838574197e-16
1.220039999999990869e+03 2.004387920657819962e-16
1.220049999999990860e+03 1.995271570559908514e-16
1.220059999999990850e+03 1.986217215814104964e-16
1.220069999999990841e+03 1.977224296086468124e-16
1.220079999999990832e+03 1.968292257353491933e-16
1.220089999999990823e+03 1.959420551817062304e-16
1.220099999999990814e+03 1.950608637820805331e-16
1.220109999999990805e+03 1.941855979767717636e-16
1.220119999999990796e+03 1.933162048039073194e-16
1.220129999999990787e+03 1.924526318914591842e-16
1.220139999999990778e+03 1.915948274493887223e-16
1.220149999999990769e+03 1.907427402619060300e-16
1.220159999999990760e+03 1.898963196798569843e-16
1.220169999999990750e+03 1.890555156132204857e-16
1.220179999999990741e+03 1.882202785237256068e-16
1.220189999999990732e+03 1.873905594175823388e-16
1.220199999999990723e+03 1.865663098383205822e-16
1.220209999999990714e+03 1.857474818597410593e-16
1.220219999999990705e+03 1.849340280789735347e-16
1.220229999999990696e+03 1.841259016096396846e-16
1.220239999999990687e+03 1.833230560751215239e-16
1.220249999999990678e+03 1.825254456019305630e-16
1.220259999999990669e+03 1.817330248131765561e-16
1.220269999999990659e+03 1.809457488221377681e-16
1.220279999999990650e+03 1.801635732259252376e-16
1.220289999999990641e+03 1.793864540992438488e-16
1.220299999999990632e+03 1.786143479882455026e-16
1.220309999999990623e+03 1.778472119044759897e-16
1.220319999999990614e+03 1.770850033189119418e-16
1.220329999999990605e+03 1.763276801560850258e-16
1.220339999999990596e+03 1.755752007882961910e-16
1.220349999999990587e+03 1.748275240299130435e-16
1.220359999999990578e+03 1.740846091317538958e-16
1.220369999999990569e+03 1.733464157755535131e-16
1.220379999999990559e+03 1.726129040685113944e-16
1.220389999999990550e+03 1.718840345379188405e-16
1.220399999999990541e+03 1.711597681258669797e-16
1.220409999999990532e+03 1.704400661840302274e-16
1.220419999999990523e+03 1.697248904685282875e-16
1.220429999999990514e+03 1.690142031348603833e-16
1.220439999999990505e+03 1.683079667329163284e-16
1.220449999999990496e+03 1.676061442020585217e-16
1.220459999999990487e+03 1.669086988662733860e-16
1.220469999999990478e+03 1.662155944293979464e-16
1.220479999999990468e+03 1.655267949704103056e-16
1.220489999999990459e+03 1.648422649387908711e-16
1.220499999999990450e+03 1.641619691499493281e-16
1.220509999999990441e+03 1.634858727807187650e-16
1.220519999999990432e+03 1.628139413649108361e-16
1.220529999999990423e+03 1.621461407889382252e-16
1.220539999999990414e+03 1.614824372874984913e-16
1.220549999999990405e+03 1.608227974393181640e-16
1.220559999999990396e+03 1.601671881629588141e-16
1.220569999999990387e+03 1.595155767126807846e-16
1.220579999999990378e+03 1.588679306743688963e-16
1.220589999999990368e+03 1.582242179615110821e-16
1.220599999999990359e+03 1.575844068112378365e-16
1.220609999999990350e+03 1.569484657804146421e-16
1.220619999999990341e+03 1.563163637417912691e-16
1.220629999999990332e+03 1.556880698802039270e-16
1.220639999999990323e+03 1.550635536888292852e-16
1.220649999999990314e+03 1.544427849654949701e-16
1.220659999999990305e+03 1.538257338090353238e-16
1.220669999999990296e+03 1.532123706157043302e-16
1.220679999999990287e+03 1.526026660756334818e-16
1.220689999999990278e+03 1.519965911693410453e-16
1.220699999999990268e+03 1.513941171642882648e-16
1.220709999999990259e+03 1.507952156114850166e-16
1.220719999999990250e+03 1.501998583421396647e-16
1.220729999999990241e+03 1.496080174643573822e-16
1.220739999999990232e+03 1.490196653598816383e-16
1.220749999999990223e+03 1.484347746808817343e-16
1.220759999999990214e+03 1.478533183467846892e-16
1.220769999999990205e+03 1.472752695411471107e-16
1.220779999999990196e+03 1.467006017085744216e-16
1.220789999999990187e+03 1.461292885516778785e-16
1.220799999999990177e+03 1.455613040280747802e-16
1.220809999999990168e+03 1.449966223474297463e-16
1.220819999999990159e+03 1.444352179685336148e-16
1.220829999999990150e+03 1.438770655964238773e-16
1.220839999999990141e+03 1.433221401795439670e-16
1.220849999999990132e+03 1.427704169069387343e-16
1.220859999999990123e+03 1.422218712054891200e-16
1.220869999999990114e+03 1.416764787371835343e-16
1.220879999999990105e+03 1.411342153964253024e-16
1.220889999999990096e+03 1.405950573073760273e-16
1.220899999999990087e+03 1.400589808213355607e-16
1.220909999999990077e+03 1.395259625141531837e-16
1.220919999999990068e+03 1.389959791836785997e-16
1.220929999999990059e+03 1.384690078472411295e-16
1.220939999999990050e+03 1.379450257391664760e-16
1.220949999999990041e+03 1.374240103083225529e-16
1.220959999999990032e+03 1.369059392157019958e-16
1.220969999999990023e+03 1.363907903320303365e-16
1.220979999999990014e+03 1.358785417354122386e-16
1.220989999999990005e+03 1.353691717090034460e-16
1.220999999999989996e+03 1.348626587387157154e-16
1.221009999999989986e+03 1.343589815109505175e-16
1.221019999999989977e+03 1.338581189103625422e-16
1.221029999999989968e+03 1.333600500176530085e-16
1.221039999999989959e+03 1.328647541073899182e-16
1.221049999999989950e+03 1.323722106458579415e-16
1.221059999999989941e+03 1.318823992889356668e-16
1.221069999999989932e+03 1.313952998799993503e-16
1.221079999999989923e+03 1.309108924478554099e-16
1.221089999999989914e+03 1.304291572046977695e-16
1.221099999999989905e+03 1.299500745440921209e-16
1.221109999999989896e+03 1.294736250389858507e-16
1.221119999999989886e+03 1.289997894397438993e-16
1.221129999999989877e+03 1.285285486722084589e-16
1.221139999999989868e+03 1.280598838357839154e-16
1.221149999999989859e+03 1.275937762015483151e-16
1.221159999999989850e+03 1.271302072103833206e-16
1.221169999999989841e+03 1.266691584711343410e-16
1.221179999999989832e+03 1.262106117587891994e-16
1.221189999999989823e+03 1.257545490126818232e-16
1.221199999999989814e+03 1.253009523347174548e-16
1.221209999999989805e+03 1.248498039876220951e-16
1.221219999999989795e+03 1.244010863932114719e-16
1.221229999999989786e+03 1.239547821306829583e-16
1.221239999999989777e+03 1.235108739349297529e-16
1.221249999999989768e+03 1.230693446948731779e-16
1.221259999999989759e+03 1.226301774518192359e-16
1.221269999999989750e+03 1.221933553978334082e-16
1.221279999999989741e+03 1.217588618741354215e-16
1.221289999999989732e+03 1.213266803695162507e-16
1.221299999999989723e+03 1.208967945187715148e-16
1.221309999999989714e+03 1.204691881011566658e-16
1.221319999999989705e+03 1.200438450388602714e-16
1.221329999999989695e+03 1.196207493954956145e-16
1.221339999999989686e+03 1.191998853746120138e-16
1.221349999999989677e+03 1.187812373182236478e-16
1.221359999999989668e+03 1.183647897053552157e-16
1.221369999999989659e+03 1.179505271506091933e-16
1.221379999999989650e+03 1.175384344027450701e-16
1.221389999999989641e+03 1.171284963432805013e-16
1.221399999999989632e+03 1.167206979851074243e-16
1.221409999999989623e+03 1.163150244711253078e-16
1.221419999999989614e+03 1.159114610728905478e-16
1.221429999999989604e+03 1.155099931892832188e-16
1.221439999999989595e+03 1.151106063451882464e-16
1.221449999999989586e+03 1.147132861901942798e-16
1.221459999999989577e+03 1.143180184973076756e-16
1.221469999999989568e+03 1.139247891616806820e-16
1.221479999999989559e+03 1.135335841993565828e-16
1.221489999999989550e+03 1.131443897460289668e-16
1.221499999999989541e+03 1.127571920558159863e-16
1.221509999999989532e+03 1.123719775000487404e-16
1.221519999999989523e+03 1.119887325660752881e-16
1.221529999999989514e+03 1.116074438560781949e-16
1.221539999999989504e+03 1.112280980859047509e-16
1.221549999999989495e+03 1.108506820839141861e-16
1.221559999999989486e+03 1.104751827898352394e-16
1.221569999999989477e+03 1.101015872536396164e-16
1.221579999999989468e+03 1.097298826344271680e-16
1.221589999999989459e+03 1.093600561993250110e-16
1.221599999999989450e+03 1.089920953223994174e-16
1.221609999999989441e+03 1.086259874835804122e-16
1.221619999999989432e+03 1.082617202675985243e-16
1.221629999999989423e+03 1.078992813629349979e-16
1.221639999999989413e+03 1.075386585607833184e-16
1.221649999999989404e+03 1.071798397540233237e-16
1.221659999999989395e+03 1.068228129362063097e-16
1.221669999999989386e+03 1.064675662005546194e-16
1.221679999999989377e+03 1.061140877389686147e-16
1.221689999999989368e+03 1.057623658410485383e-16
1.221699999999989359e+03 1.054123888931268278e-16
1.221709999999989350e+03 1.050641453773106114e-16
1.221719999999989341e+03 1.047176238705367384e-16
1.221729999999989332e+03 1.043728130436358575e-16
1.221739999999989323e+03 1.040297016604093389e-16
1.221749999999989313e+03 1.036882785767147252e-16
1.221759999999989304e+03 1.033485327395637188e-16
1.221769999999989295e+03 1.030104531862276623e-16
1.221779999999989286e+03 1.026740290433570962e-16
1.221789999999989277e+03 1.023392495261073191e-16
1.221799999999989268e+03 1.020061039372767784e-16
1.221809999999989259e+03 1.016745816664537328e-16
1.221819999999989250e+03 1.013446721891730092e-16
1.221829999999989241e+03 1.010163650660826822e-16
1.221839999999989232e+03 1.006896499421197018e-16
1.221849999999989222e+03 1.003645165456948647e-16
1.221859999999989213e+03 1.000409546878866111e-16
1.221869999999989204e+03 9.971895426164503867e-17
1.221879999999989195e+03 9.939850524100355996e-17
1.221889999999989186e+03 9.907959768030022249e-17
1.221899999999989177e+03 9.876222171340723816e-17
1.221909999999989168e+03 9.844636755296948600e-17
1.221919999999989159e+03 9.813202548965127323e-17
1.221929999999989150e+03 9.781918589139156434e-17
1.221939999999989141e+03 9.750783920266765333e-17
1.221949999999989132e+03 9.719797594376636719e-17
1.221959999999989122e+03 9.688958671006408242e-17
1.221969999999989113e+03 9.658266217131466712e-17
1.221979999999989104e+03 9.627719307094474473e-17
1.221989999999989095e+03 9.597317022535729003e-17
1.221999999999989086e+03 9.567058452324212780e-17
1.222009999999989077e+03 9.536942692489507185e-17
1.222019999999989068e+03 9.506968846154378178e-17
1.222029999999989059e+03 9.477136023468128643e-17
1.222039999999989050e+03 9.447443341540632360e-17
1.222049999999989041e+03 9.417889924377181492e-17
1.222059999999989031e+03 9.388474902814003365e-17
1.222069999999989022e+03 9.359197414454372601e-17
1.222079999999989013e+03 9.330056603605623034e-17
1.222089999999989004e+03 9.301051621216658837e-17
1.222099999999988995e+03 9.272181624816271761e-17
1.222109999999988986e+03 9.243445778452052484e-17
1.222119999999988977e+03 9.214843252629923194e-17
1.222129999999988968e+03 9.186373224254470119e-17
1.222139999999988959e+03 9.158034876569855383e-17
1.222149999999988950e+03 9.129827399101147938e-17
1.222159999999988941e+03 9.101749987596713300e-17
1.222169999999988931e+03 9.073801843970833780e-17
1.222179999999988922e+03 9.045982176247116340e-17
1.222189999999988913e+03 9.018290198502548800e-17
1.222199999999988904e+03 8.990725130811993608e-17
1.222209999999988895e+03 8.963286199193447059e-17
1.222219999999988886e+03 8.935972635553754571e-17
1.222229999999988877e+03 8.908783677634927466e-17
1.222239999999988868e+03 8.881718568961119195e-17
1.222249999999988859e+03 8.854776558786044057e-17
1.222259999999988850e+03 8.827956902041014687e-17
1.222269999999988841e+03 8.801258859283504625e-17
1.222279999999988831e+03 8.774681696646284047e-17
1.222289999999988822e+03 8.748224685787105229e-17
1.222299999999988813e+03 8.721887103838788603e-17
1.222309999999988804e+03 8.695668233359987982e-17
1.222319999999988795e+03 8.669567362286421692e-17
1.222329999999988786e+03 8.643583783882617711e-17
1.222339999999988777e+03 8.617716796694100066e-17
1.222349999999988768e+03 8.591965704500129903e-17
1.222359999999988759e+03 8.566329816266985199e-17
1.222369999999988750e+03 8.540808446101621348e-17
1.222379999999988740e+03 8.515400913205911064e-17
1.222389999999988731e+03 8.490106541831250368e-17
1.222399999999988722e+03 8.464924661233795662e-17
1.222409999999988713e+03 8.439854605629974436e-17
1.222419999999988704e+03 8.414895714152602421e-17
1.222429999999988695e+03 8.390047330807361878e-17
1.222439999999988686e+03 8.365308804429854294e-17
1.222449999999988677e+03 8.340679488642883555e-17
1.222459999999988668e+03 8.316158741814365295e-17
1.222469999999988659e+03 8.291745927015615868e-17
1.222479999999988650e+03 8.267440411980025902e-17
1.222489999999988640e+03 8.243241569062225652e-17
1.222499999999988631e+03 8.219148775197556039e-17
1.222509999999988622e+03 8.195161411862111613e-17
1.222519999999988613e+03 8.171278865033021404e-17
1.222529999999988604e+03 8.147500525149304169e-17
1.222539999999988595e+03 8.123825787072928240e-17
1.222549999999988586e+03 8.100254050050507404e-17
1.222559999999988577e+03 8.076784717675060863e-17
1.222569999999988568e+03 8.053417197848531252e-17
1.222579999999988559e+03 8.030150902744401259e-17
1.222589999999988549e+03 8.006985248770773704e-17
1.222599999999988540e+03 7.983919656533878091e-17
1.222609999999988531e+03 7.960953550801863126e-17
1.222619999999988522e+03 7.938086360468992294e-17
1.222629999999988513e+03 7.915317518520230166e-17
1.222639999999988504e+03 7.892646461996032086e-17
1.222649999999988495e+03 7.870072631957776039e-17
1.222659999999988486e+03 7.847595473453173567e-17
1.222669999999988477e+03 7.825214435482400517e-17
1.222679999999988468e+03 7.802928970964188351e-17
1.222689999999988459e+03 7.780738536702569955e-17
1.222699999999988449e+03 7.758642593353830075e-17
1.222709999999988440e+03 7.736640605393696088e-17
1.222719999999988431e+03 7.714732041084999643e-17
1.222729999999988422e+03 7.692916372445571251e-17
1.222739999999988413e+03 7.671193075216528076e-17
1.222749999999988404e+03 7.649561628830717039e-17
1.222759999999988395e+03 7.628021516381701484e-17
1.222769999999988386e+03 7.606572224592799624e-17
1.222779999999988377e+03 7.585213243786666558e-17
1.222789999999988368e+03 7.563944067854969962e-17
1.222799999999988358e+03 7.542764194228520613e-17
1.222809999999988349e+03 7.521673123847547124e-17
1.222819999999988340e+03 7.500670361132442759e-17
1.222829999999988331e+03 7.479755413954583748e-17
1.222839999999988322e+03 7.458927793607635701e-17
1.222849999999988313e+03 7.438187014778984518e-17
1.222859999999988304e+03 7.417532595521534611e-17
1.222869999999988295e+03 7.396964057225735157e-17
1.222879999999988286e+03 7.376480924591900943e-17
1.222889999999988277e+03 7.356082725602810540e-17
1.222899999999988268e+03 7.335768991496488136e-17
1.222909999999988258e+03 7.315539256739387201e-17
1.222919999999988249e+03 7.295393058999693702e-17
1.222929999999988240e+03 7.275329939121020060e-17
1.222939999999988231e+03 7.255349441096191551e-17
1.222949999999988222e+03 7.235451112041402476e-17
1.222959999999988213e+03 7.215634502170628725e-17
1.222969999999988204e+03 7.195899164770201803e-17
1.222979999999988195e+03 7.176244656173681141e-17
1.222989999999988186e+03 7.156670535736948280e-17
